2005,12,7,3,2038
2005,12,7,4,2106
2005,12,7,5,2044
2005,12,7,6,1901
2005,12,7,7,1755
2005,12,7,8,1641
2005,12,7,9,1591
2005,12,7,10,1620
2005,12,7,11,1712
2005,12,7,12,1843
2005,12,7,13,1985
2005,12,7,14,2116
2005,12,7,15,2214
2005,12,7,16,2253
2005,12,7,17,2207
2005,12,7,18,2077
2005,12,7,19,1867
2005,12,7,20,1637
2005,12,7,21,1494
2005,12,7,22,1441
2005,12,7,23,1458
2005,12,8,0,1532
2005,12,8,1,1639
2005,12,8,2,1754
2005,12,8,3,1887
2005,12,8,4,2024
2005,12,8,5,2085
2005,12,8,6,2051
2005,12,8,7,1911
2005,12,8,8,1741
2005,12,8,9,1641
2005,12,8,10,1597
2005,12,8,11,1619
2005,12,8,12,1695
2005,12,8,13,1803
2005,12,8,14,1926
2005,12,8,15,2048
2005,12,8,16,2150
2005,12,8,17,2201
2005,12,8,18,2170
2005,12,8,19,2044
2005,12,8,20,1855
2005,12,8,21,1670
2005,12,8,22,1545
2005,12,8,23,1499
2005,12,9,0,1519
2005,12,9,1,1590
2005,12,9,2,1691
2005,12,9,3,1829
2005,12,9,4,1993
2005,12,9,5,2131
2005,12,9,6,2200
2005,12,9,7,2171
2005,12,9,8,2062
2005,12,9,9,1911
2005,12,9,10,1768
2005,12,9,11,1698
2005,12,9,12,1684
2005,12,9,13,1720
2005,12,9,14,1790
2005,12,9,15,1882
2005,12,9,16,1987
2005,12,9,17,2082
2005,12,9,18,2136
2005,12,9,19,2111
2005,12,9,20,1989
2005,12,9,21,1820
2005,12,9,22,1646
2005,12,9,23,1520
2005,12,10,0,1471
2005,12,10,1,1496
2005,12,10,2,1572
2005,12,10,3,1680
2005,12,10,4,1839
2005,12,10,5,2025
2005,12,10,6,2183
2005,12,10,7,2275
2005,12,10,8,2248
2005,12,10,9,2159
2005,12,10,10,2008
2005,12,10,11,1855
2005,12,10,12,1736
2005,12,10,13,1671
2005,12,10,14,1656
2005,12,10,15,1683
2005,12,10,16,1766
2005,12,10,17,1873
2005,12,10,18,1963
2005,12,10,19,2039
2005,12,10,20,2028
2005,12,10,21,1935
2005,12,10,22,1782
2005,12,10,23,1614
2005,12,11,0,1507
2005,12,11,1,1480
2005,12,11,2,1506
2005,12,11,3,1574
2005,12,11,4,1696
2005,12,11,5,1891
2005,12,11,6,2095
2005,12,11,7,2272
2005,12,11,8,2362
2005,12,11,9,2350
2005,12,11,10,2234
2005,12,11,11,2056
2005,12,11,12,1869
2005,12,11,13,1714
2005,12,11,14,1616
2005,12,11,15,1578
2005,12,11,16,1592
2005,12,11,17,1659
2005,12,11,18,1768
2005,12,11,19,1897
2005,12,11,20,1982
2005,12,11,21,2010
2005,12,11,22,1951
2005,12,11,23,1802
2005,12,12,0,1640
2005,12,12,1,1517
2005,12,12,2,1463
2005,12,12,3,1483
2005,12,12,4,1577
2005,12,12,5,1749
2005,12,12,6,1969
2005,12,12,7,2203
2005,12,12,8,2367
2005,12,12,9,2451
2005,12,12,10,2420
2005,12,12,11,2281
2005,12,12,12,2076
2005,12,12,13,1859
2005,12,12,14,1680
2005,12,12,15,1569
2005,12,12,16,1529
2005,12,12,17,1554
2005,12,12,18,1656
2005,12,12,19,1787
2005,12,12,20,1917
2005,12,12,21,2012
2005,12,12,22,2034
2005,12,12,23,1962
2005,12,13,0,1820
2005,12,13,1,1657
2005,12,13,2,1513
2005,12,13,3,1446
2005,12,13,4,1492
2005,12,13,5,1632
2005,12,13,6,1846
2005,12,13,7,2106
2005,12,13,8,2341
2005,12,13,9,2491
2005,12,13,10,2549
2005,12,13,11,2487
2005,12,13,12,2313
2005,12,13,13,2073
2005,12,13,14,1826
2005,12,13,15,1631
2005,12,13,16,1518
2005,12,13,17,1517
2005,12,13,18,1574
2005,12,13,19,1683
2005,12,13,20,1821
2005,12,13,21,1971
2005,12,13,22,2072
2005,12,13,23,2087
2005,12,14,0,1990
2005,12,14,1,1816
2005,12,14,2,1627
2005,12,14,3,1483
2005,12,14,4,1457
2005,12,14,5,1546
2005,12,14,6,1753
2005,12,14,7,1999
2005,12,14,8,2208
2005,12,14,9,2407
2005,12,14,10,2540
2005,12,14,11,2574
2005,12,14,12,2485
2005,12,14,13,2286
2005,12,14,14,2025
2005,12,14,15,1771
2005,12,14,16,1606
2005,12,14,17,1511
2005,12,14,18,1518
2005,12,14,19,1594
2005,12,14,20,1728
2005,12,14,21,1884
2005,12,14,22,2031
2005,12,14,23,2111
2005,12,15,0,2097
2005,12,15,1,1981
2005,12,15,2,1797
2005,12,15,3,1617
2005,12,15,4,1515
2005,12,15,5,1528
2005,12,15,6,1646
2005,12,15,7,1837
2005,12,15,8,2065
2005,12,15,9,2287
2005,12,15,10,2466
2005,12,15,11,2571
2005,12,15,12,2573
2005,12,15,13,2450
2005,12,15,14,2221
2005,12,15,15,1946
2005,12,15,16,1701
2005,12,15,17,1545
2005,12,15,18,1492
2005,12,15,19,1524
2005,12,15,20,1626
2005,12,15,21,1773
2005,12,15,22,1929
2005,12,15,23,2056
2005,12,16,0,2113
2005,12,16,1,2050
2005,12,16,2,1871
2005,12,16,3,1657
2005,12,16,4,1495
2005,12,16,5,1460
2005,12,16,6,1543
2005,12,16,7,1666
2005,12,16,8,1883
2005,12,16,9,2119
2005,12,16,10,2330
2005,12,16,11,2486
2005,12,16,12,2564
2005,12,16,13,2534
2005,12,16,14,2384
2005,12,16,15,2140
2005,12,16,16,1868
2005,12,16,17,1636
2005,12,16,18,1511
2005,12,16,19,1484
2005,12,16,20,1534
2005,12,16,21,1666
2005,12,16,22,1837
2005,12,16,23,1988
2005,12,17,0,2074
2005,12,17,1,2072
2005,12,17,2,1962
2005,12,17,3,1767
2005,12,17,4,1571
2005,12,17,5,1460
2005,12,17,6,1462
2005,12,17,7,1571
2005,12,17,8,1732
2005,12,17,9,1959
2005,12,17,10,2186
2005,12,17,11,2374
2005,12,17,12,2497
2005,12,17,13,2539
2005,12,17,14,2473
2005,12,17,15,2294
2005,12,17,16,2004
2005,12,17,17,1736
2005,12,17,18,1546
2005,12,17,19,1470
2005,12,17,20,1488
2005,12,17,21,1578
2005,12,17,22,1728
2005,12,17,23,1887
2005,12,18,0,2011
2005,12,18,1,2080
2005,12,18,2,2066
2005,12,18,3,1952
2005,12,18,4,1770
2005,12,18,5,1596
2005,12,18,6,1506
2005,12,18,7,1535
2005,12,18,8,1665
2005,12,18,9,1855
2005,12,18,10,2064
2005,12,18,11,2258
2005,12,18,12,2399
2005,12,18,13,2471
2005,12,18,14,2459
2005,12,18,15,2341
2005,12,18,16,2128
2005,12,18,17,1874
2005,12,18,18,1656
2005,12,18,19,1526
2005,12,18,20,1498
2005,12,18,21,1554
2005,12,18,22,1669
2005,12,18,23,1813
2005,12,19,0,1949
2005,12,19,1,2054
2005,12,19,2,2075
2005,12,19,3,1997
2005,12,19,4,1836
2005,12,19,5,1656
2005,12,19,6,1529
2005,12,19,7,1509
2005,12,19,8,1588
2005,12,19,9,1744
2005,12,19,10,1942
2005,12,19,11,2145
2005,12,19,12,2316
2005,12,19,13,2426
2005,12,19,14,2464
2005,12,19,15,2416
2005,12,19,16,2262
2005,12,19,17,2024
2005,12,19,18,1787
2005,12,19,19,1595
2005,12,19,20,1504
2005,12,19,21,1510
2005,12,19,22,1598
2005,12,19,23,1730
2005,12,20,0,1878
2005,12,20,1,2005
2005,12,20,2,2063
2005,12,20,3,2029
2005,12,20,4,1927
2005,12,20,5,1789
2005,12,20,6,1663
2005,12,20,7,1608
2005,12,20,8,1629
2005,12,20,9,1721
2005,12,20,10,1879
2005,12,20,11,2063
2005,12,20,12,2238
2005,12,20,13,2368
2005,12,20,14,2433
2005,12,20,15,2427
2005,12,20,16,2320
2005,12,20,17,2135
2005,12,20,18,1908
2005,12,20,19,1698
2005,12,20,20,1570
2005,12,20,21,1548
2005,12,20,22,1604
2005,12,20,23,1723
2005,12,21,0,1864
2005,12,21,1,1939
2005,12,21,2,2005
2005,12,21,3,2029
2005,12,21,4,2001
2005,12,21,5,1927
2005,12,21,6,1798
2005,12,21,7,1685
2005,12,21,8,1638
2005,12,21,9,1678
2005,12,21,10,1802
2005,12,21,11,1908
2005,12,21,12,2097
2005,12,21,13,2264
2005,12,21,14,2342
2005,12,21,15,2354
2005,12,21,16,2291
2005,12,21,17,2166
2005,12,21,18,2005
2005,12,21,19,1815
2005,12,21,20,1653
2005,12,21,21,1566
2005,12,21,22,1553
2005,12,21,23,1617
2005,12,22,0,1726
2005,12,22,1,1841
2005,12,22,2,1920
2005,12,22,3,1956
2005,12,22,4,1993
2005,12,22,5,2006
2005,12,22,6,1935
2005,12,22,7,1813
2005,12,22,8,1719
2005,12,22,9,1692
2005,12,22,10,1759
2005,12,22,11,1889
2005,12,22,12,2048
2005,12,22,13,2191
2005,12,22,14,2275
2005,12,22,15,2307
2005,12,22,16,2289
2005,12,22,17,2237
2005,12,22,18,2129
2005,12,22,19,1972
2005,12,22,20,1799
2005,12,22,21,1679
2005,12,22,22,1641
2005,12,22,23,1676
2005,12,23,0,1755
2005,12,23,1,1854
2005,12,23,2,1954
2005,12,23,3,2039
2005,12,23,4,2096
2005,12,23,5,2128
2005,12,23,6,2103
2005,12,23,7,2014
2005,12,23,8,1912
2005,12,23,9,1853
2005,12,23,10,1851
2005,12,23,11,1894
2005,12,23,12,1999
2005,12,23,13,2100
2005,12,23,14,2199
2005,12,23,15,2270
2005,12,23,16,2294
2005,12,23,17,2268
2005,12,23,18,2183
2005,12,23,19,2047
2005,12,23,20,1888
2005,12,23,21,1752
2005,12,23,22,1679
2005,12,23,23,1668
2005,12,24,0,1713
2005,12,24,1,1798
2005,12,24,2,1893
2005,12,24,3,1982
2005,12,24,4,2074
2005,12,24,5,2155
2005,12,24,6,2194
2005,12,24,7,2174
2005,12,24,8,2075
2005,12,24,9,1974
2005,12,24,10,1894
2005,12,24,11,1871
2005,12,24,12,1919
2005,12,24,13,1998
2005,12,24,14,2083
2005,12,24,15,2144
2005,12,24,16,2167
2005,12,24,17,2163
2005,12,24,18,2141
2005,12,24,19,2072
2005,12,24,20,1944
2005,12,24,21,1801
2005,12,24,22,1674
2005,12,24,23,1617
2005,12,25,0,1627
2005,12,25,1,1688
2005,12,25,2,1762
2005,12,25,3,1850
2005,12,25,4,1980
2005,12,25,5,2120
2005,12,25,6,2213
2005,12,25,7,2232
2005,12,25,8,2183
2005,12,25,9,2080
2005,12,25,10,1976
2005,12,25,11,1896
2005,12,25,12,1874
2005,12,25,13,1887
2005,12,25,14,1939
2005,12,25,15,1992
2005,12,25,16,2020
2005,12,25,17,2053
2005,12,25,18,2072
2005,12,25,19,2051
2005,12,25,20,1990
2005,12,25,21,1892
2005,12,25,22,1773
2005,12,25,23,1669
2005,12,26,0,1621
2005,12,26,1,1636
2005,12,26,2,1704
2005,12,26,3,1802
2005,12,26,4,1930
2005,12,26,5,2094
2005,12,26,6,2244
2005,12,26,7,2352
2005,12,26,8,2386
2005,12,26,9,2322
2005,12,26,10,2204
2005,12,26,11,2038
2005,12,26,12,1936
2005,12,26,13,1869
2005,12,26,14,1858
2005,12,26,15,1879
2005,12,26,16,1907
2005,12,26,17,1945
2005,12,26,18,1989
2005,12,26,19,2027
2005,12,26,20,2026
2005,12,26,21,1972
2005,12,26,22,1871
2005,12,26,23,1739
2005,12,27,0,1636
2005,12,27,1,1604
2005,12,27,2,1620
2005,12,27,3,1687
2005,12,27,4,1811
2005,12,27,5,1995
2005,12,27,6,2200
2005,12,27,7,2364
2005,12,27,8,2455
2005,12,27,9,2443
2005,12,27,10,2345
2005,12,27,11,2188
2005,12,27,12,2020
2005,12,27,13,1879
2005,12,27,14,1788
2005,12,27,15,1735
2005,12,27,16,1710
2005,12,27,17,1742
2005,12,27,18,1817
2005,12,27,19,1898
2005,12,27,20,1965
2005,12,27,21,1974
2005,12,27,22,1918
2005,12,27,23,1818
2005,12,28,0,1690
2005,12,28,1,1595
2005,12,28,2,1537
2005,12,28,3,1545
2005,12,28,4,1637
2005,12,28,5,1795
2005,12,28,6,2003
2005,12,28,7,2250
2005,12,28,8,2413
2005,12,28,9,2499
2005,12,28,10,2462
2005,12,28,11,2343
2005,12,28,12,2145
2005,12,28,13,1961
2005,12,28,14,1760
2005,12,28,15,1619
2005,12,28,16,1555
2005,12,28,17,1573
2005,12,28,18,1657
2005,12,28,19,1757
2005,12,28,20,1849
2005,12,28,21,1923
2005,12,28,22,1939
2005,12,28,23,1884
2005,12,29,0,1770
2005,12,29,1,1628
2005,12,29,2,1492
2005,12,29,3,1416
2005,12,29,4,1463
2005,12,29,5,1603
2005,12,29,6,1819
2005,12,29,7,2077
2005,12,29,8,2317
2005,12,29,9,2490
2005,12,29,10,2552
2005,12,29,11,2512
2005,12,29,12,2359
2005,12,29,13,2141
2005,12,29,14,1891
2005,12,29,15,1661
2005,12,29,16,1499
2005,12,29,17,1438
2005,12,29,18,1473
2005,12,29,19,1589
2005,12,29,20,1733
2005,12,29,21,1880
2005,12,29,22,1967
2005,12,29,23,1974
2005,12,30,0,1899
2005,12,30,1,1741
2005,12,30,2,1551
2005,12,30,3,1390
2005,12,30,4,1336
2005,12,30,5,1422
2005,12,30,6,1607
2005,12,30,7,1858
2005,12,30,8,2109
2005,12,30,9,2360
2005,12,30,10,2543
2005,12,30,11,2587
2005,12,30,12,2508
2005,12,30,13,2312
2005,12,30,14,2061
2005,12,30,15,1792
2005,12,30,16,1533
2005,12,30,17,1380
2005,12,30,18,1337
2005,12,30,19,1397
2005,12,30,20,1539
2005,12,30,21,1729
2005,12,30,22,1895
2005,12,30,23,1996
2005,12,31,0,2000
2005,12,31,1,1886
2005,12,31,2,1681
2005,12,31,3,1467
2005,12,31,4,1321
2005,12,31,5,1291
2005,12,31,6,1414
2005,12,31,7,1613
2005,12,31,8,1909
2005,12,31,9,2177
2005,12,31,10,2415
2005,12,31,11,2579
2005,12,31,12,2631
2005,12,31,13,2535
2005,12,31,14,2318
2005,12,31,15,2003
2005,12,31,16,1680
2005,12,31,17,1432
2005,12,31,18,1308
2005,12,31,19,1300
2005,12,31,20,1395
2005,12,31,21,1562
2005,12,31,22,1756
2005,12,31,23,1920
2006,1,1,0,2020
2006,1,1,1,2009
2006,1,1,2,1870
2006,1,1,3,1647
2006,1,1,4,1432
2006,1,1,5,1299
2006,1,1,6,1301
2006,1,1,7,1437
2006,1,1,8,1668
2006,1,1,9,1945
2006,1,1,10,2207
2006,1,1,11,2480
2006,1,1,12,2619
2006,1,1,13,2652
2006,1,1,14,2522
2006,1,1,15,2247
2006,1,1,16,1908
2006,1,1,17,1605
2006,1,1,18,1390
2006,1,1,19,1295
2006,1,1,20,1314
2006,1,1,21,1437
2006,1,1,22,1627
2006,1,1,23,1835
2006,1,2,0,2013
2006,1,2,1,2099
2006,1,2,2,2051
2006,1,2,3,1874
2006,1,2,4,1641
2006,1,2,5,1431
2006,1,2,6,1311
2006,1,2,7,1334
2006,1,2,8,1487
2006,1,2,9,1747
2006,1,2,10,2016
2006,1,2,11,2286
2006,1,2,12,2504
2006,1,2,13,2630
2006,1,2,14,2619
2006,1,2,15,2448
2006,1,2,16,2142
2006,1,2,17,1805
2006,1,2,18,1523
2006,1,2,19,1355
2006,1,2,20,1310
2006,1,2,21,1361
2006,1,2,22,1498
2006,1,2,23,1704
2006,1,3,0,1923
2006,1,3,1,2106
2006,1,3,2,2184
2006,1,3,3,2100
2006,1,3,4,1887
2006,1,3,5,1637
2006,1,3,6,1440
2006,1,3,7,1356
2006,1,3,8,1411
2006,1,3,9,1532
2006,1,3,10,1778
2006,1,3,11,2013
2006,1,3,12,2282
2006,1,3,13,2559
2006,1,3,14,2642
2006,1,3,15,2579
2006,1,3,16,2356
2006,1,3,17,2053
2006,1,3,18,1747
2006,1,3,19,1501
2006,1,3,20,1358
2006,1,3,21,1328
2006,1,3,22,1420
2006,1,3,23,1597
2006,1,4,0,1814
2006,1,4,1,2021
2006,1,4,2,2156
2006,1,4,3,2184
2006,1,4,4,2084
2006,1,4,5,1883
2006,1,4,6,1640
2006,1,4,7,1467
2006,1,4,8,1395
2006,1,4,9,1444
2006,1,4,10,1595
2006,1,4,11,1806
2006,1,4,12,2026
2006,1,4,13,2245
2006,1,4,14,2404
2006,1,4,15,2458
2006,1,4,16,2376
2006,1,4,17,2167
2006,1,4,18,1892
2006,1,4,19,1622
2006,1,4,20,1418
2006,1,4,21,1330
2006,1,4,22,1350
2006,1,4,23,1469
2006,1,5,0,1662
2006,1,5,1,1875
2006,1,5,2,2050
2006,1,5,3,2150
2006,1,5,4,2173
2006,1,5,5,2089
2006,1,5,6,1913
2006,1,5,7,1719
2006,1,5,8,1561
2006,1,5,9,1496
2006,1,5,10,1515
2006,1,5,11,1648
2006,1,5,12,1830
2006,1,5,13,2007
2006,1,5,14,2189
2006,1,5,15,2300
2006,1,5,16,2307
2006,1,5,17,2212
2006,1,5,18,2018
2006,1,5,19,1778
2006,1,5,20,1545
2006,1,5,21,1385
2006,1,5,22,1345
2006,1,5,23,1400
2006,1,6,0,1538
2006,1,6,1,1729
2006,1,6,2,1905
2006,1,6,3,2046
2006,1,6,4,2147
2006,1,6,5,2173
2006,1,6,6,2098
2006,1,6,7,1939
2006,1,6,8,1767
2006,1,6,9,1609
2006,1,6,10,1563
2006,1,6,11,1601
2006,1,6,12,1702
2006,1,6,13,1815
2006,1,6,14,1954
2006,1,6,15,2068
2006,1,6,16,2143
2006,1,6,17,2161
2006,1,6,18,2072
2006,1,6,19,1882
2006,1,6,20,1665
2006,1,6,21,1486
2006,1,6,22,1381
2006,1,6,23,1375
2006,1,7,0,1459
2006,1,7,1,1602
2006,1,7,2,1772
2006,1,7,3,1941
2006,1,7,4,2079
2006,1,7,5,2176
2006,1,7,6,2201
2006,1,7,7,2132
2006,1,7,8,1974
2006,1,7,9,1808
2006,1,7,10,1682
2006,1,7,11,1625
2006,1,7,12,1638
2006,1,7,13,1713
2006,1,7,14,1822
2006,1,7,15,1903
2006,1,7,16,1954
2006,1,7,17,1982
2006,1,7,18,1980
2006,1,7,19,1916
2006,1,7,20,1779
2006,1,7,21,1615
2006,1,7,22,1479
2006,1,7,23,1410
2006,1,8,0,1440
2006,1,8,1,1537
2006,1,8,2,1678
2006,1,8,3,1821
2006,1,8,4,1970
2006,1,8,5,2110
2006,1,8,6,2226
2006,1,8,7,2250
2006,1,8,8,2190
2006,1,8,9,2064
2006,1,8,10,1893
2006,1,8,11,1750
2006,1,8,12,1685
2006,1,8,13,1671
2006,1,8,14,1692
2006,1,8,15,1734
2006,1,8,16,1777
2006,1,8,17,1815
2006,1,8,18,1854
2006,1,8,19,1871
2006,1,8,20,1823
2006,1,8,21,1709
2006,1,8,22,1569
2006,1,8,23,1464
2006,1,9,0,1424
2006,1,9,1,1457
2006,1,9,2,1536
2006,1,9,3,1646
2006,1,9,4,1797
2006,1,9,5,1963
2006,1,9,6,2122
2006,1,9,7,2233
2006,1,9,8,2259
2006,1,9,9,2189
2006,1,9,10,2040
2006,1,9,11,1889
2006,1,9,12,1769
2006,1,9,13,1680
2006,1,9,14,1639
2006,1,9,15,1623
2006,1,9,16,1630
2006,1,9,17,1662
2006,1,9,18,1722
2006,1,9,19,1778
2006,1,9,20,1809
2006,1,9,21,1776
2006,1,9,22,1683
2006,1,9,23,1572
2006,1,10,0,1497
2006,1,10,1,1473
2006,1,10,2,1486
2006,1,10,3,1539
2006,1,10,4,1648
2006,1,10,5,1789
2006,1,10,6,1948
2006,1,10,7,2107
2006,1,10,8,2225
2006,1,10,9,2273
2006,1,10,10,2208
2006,1,10,11,2082
2006,1,10,12,1912
2006,1,10,13,1753
2006,1,10,14,1637
2006,1,10,15,1568
2006,1,10,16,1544
2006,1,10,17,1565
2006,1,10,18,1603
2006,1,10,19,1665
2006,1,10,20,1747
2006,1,10,21,1812
2006,1,10,22,1816
2006,1,10,23,1736
2006,1,11,0,1619
2006,1,11,1,1515
2006,1,11,2,1453
2006,1,11,3,1453
2006,1,11,4,1517
2006,1,11,5,1641
2006,1,11,6,1800
2006,1,11,7,1967
2006,1,11,8,2141
2006,1,11,9,2252
2006,1,11,10,2280
2006,1,11,11,2192
2006,1,11,12,2045
2006,1,11,13,1854
2006,1,11,14,1699
2006,1,11,15,1579
2006,1,11,16,1500
2006,1,11,17,1461
2006,1,11,18,1475
2006,1,11,19,1536
2006,1,11,20,1628
2006,1,11,21,1738
2006,1,11,22,1811
2006,1,11,23,1816
2006,1,12,0,1749
2006,1,12,1,1623
2006,1,12,2,1486
2006,1,12,3,1407
2006,1,12,4,1419
2006,1,12,5,1514
2006,1,12,6,1663
2006,1,12,7,1850
2006,1,12,8,2047
2006,1,12,9,2196
2006,1,12,10,2291
2006,1,12,11,2299
2006,1,12,12,2204
2006,1,12,13,2068
2006,1,12,14,1854
2006,1,12,15,1647
2006,1,12,16,1496
2006,1,12,17,1407
2006,1,12,18,1397
2006,1,12,19,1458
2006,1,12,20,1567
2006,1,12,21,1691
2006,1,12,22,1799
2006,1,12,23,1864
2006,1,13,0,1855
2006,1,13,1,1745
2006,1,13,2,1580
2006,1,13,3,1438
2006,1,13,4,1372
2006,1,13,5,1399
2006,1,13,6,1511
2006,1,13,7,1665
2006,1,13,8,1868
2006,1,13,9,2054
2006,1,13,10,2223
2006,1,13,11,2311
2006,1,13,12,2296
2006,1,13,13,2186
2006,1,13,14,1994
2006,1,13,15,1760
2006,1,13,16,1547
2006,1,13,17,1409
2006,1,13,18,1356
2006,1,13,19,1375
2006,1,13,20,1454
2006,1,13,21,1582
2006,1,13,22,1730
2006,1,13,23,1852
2006,1,14,0,1909
2006,1,14,1,1851
2006,1,14,2,1703
2006,1,14,3,1526
2006,1,14,4,1387
2006,1,14,5,1337
2006,1,14,6,1399
2006,1,14,7,1533
2006,1,14,8,1729
2006,1,14,9,1934
2006,1,14,10,2133
2006,1,14,11,2285
2006,1,14,12,2302
2006,1,14,13,2250
2006,1,14,14,2099
2006,1,14,15,1855
2006,1,14,16,1622
2006,1,14,17,1415
2006,1,14,18,1305
2006,1,14,19,1298
2006,1,14,20,1384
2006,1,14,21,1528
2006,1,14,22,1677
2006,1,14,23,1815
2006,1,15,0,1905
2006,1,15,1,1897
2006,1,15,2,1789
2006,1,15,3,1617
2006,1,15,4,1443
2006,1,15,5,1314
2006,1,15,6,1324
2006,1,15,7,1437
2006,1,15,8,1570
2006,1,15,9,1825
2006,1,15,10,1979
2006,1,15,11,2185
2006,1,15,12,2326
2006,1,15,13,2319
2006,1,15,14,2203
2006,1,15,15,1984
2006,1,15,16,1732
2006,1,15,17,1513
2006,1,15,18,1366
2006,1,15,19,1312
2006,1,15,20,1341
2006,1,15,21,1451
2006,1,15,22,1626
2006,1,15,23,1807
2006,1,16,0,1940
2006,1,16,1,1992
2006,1,16,2,1941
2006,1,16,3,1788
2006,1,16,4,1579
2006,1,16,5,1417
2006,1,16,6,1340
2006,1,16,7,1372
2006,1,16,8,1475
2006,1,16,9,1687
2006,1,16,10,1870
2006,1,16,11,2085
2006,1,16,12,2244
2006,1,16,13,2293
2006,1,16,14,2234
2006,1,16,15,2064
2006,1,16,16,1827
2006,1,16,17,1581
2006,1,16,18,1376
2006,1,16,19,1261
2006,1,16,20,1251
2006,1,16,21,1348
2006,1,16,22,1507
2006,1,16,23,1700
2006,1,17,0,1866
2006,1,17,1,1964
2006,1,17,2,1959
2006,1,17,3,1856
2006,1,17,4,1685
2006,1,17,5,1503
2006,1,17,6,1380
2006,1,17,7,1351
2006,1,17,8,1421
2006,1,17,9,1573
2006,1,17,10,1736
2006,1,17,11,1987
2006,1,17,12,2145
2006,1,17,13,2261
2006,1,17,14,2254
2006,1,17,15,2134
2006,1,17,16,1927
2006,1,17,17,1690
2006,1,17,18,1476
2006,1,17,19,1327
2006,1,17,20,1287
2006,1,17,21,1340
2006,1,17,22,1467
2006,1,17,23,1644
2006,1,18,0,1815
2006,1,18,1,1943
2006,1,18,2,1985
2006,1,18,3,1935
2006,1,18,4,1818
2006,1,18,5,1654
2006,1,18,6,1505
2006,1,18,7,1427
2006,1,18,8,1438
2006,1,18,9,1521
2006,1,18,10,1670
2006,1,18,11,1846
2006,1,18,12,2038
2006,1,18,13,2187
2006,1,18,14,2234
2006,1,18,15,2160
2006,1,18,16,1983
2006,1,18,17,1763
2006,1,18,18,1552
2006,1,18,19,1380
2006,1,18,20,1286
2006,1,18,21,1296
2006,1,18,22,1389
2006,1,18,23,1554
2006,1,19,0,1754
2006,1,19,1,1925
2006,1,19,2,2016
2006,1,19,3,2008
2006,1,19,4,1936
2006,1,19,5,1803
2006,1,19,6,1637
2006,1,19,7,1510
2006,1,19,8,1460
2006,1,19,9,1512
2006,1,19,10,1651
2006,1,19,11,1839
2006,1,19,12,1975
2006,1,19,13,2114
2006,1,19,14,2201
2006,1,19,15,2192
2006,1,19,16,2080
2006,1,19,17,1883
2006,1,19,18,1658
2006,1,19,19,1471
2006,1,19,20,1366
2006,1,19,21,1352
2006,1,19,22,1418
2006,1,19,23,1561
2006,1,20,0,1757
2006,1,20,1,1936
2006,1,20,2,2035
2006,1,20,3,2052
2006,1,20,4,2024
2006,1,20,5,1941
2006,1,20,6,1819
2006,1,20,7,1672
2006,1,20,8,1578
2006,1,20,9,1562
2006,1,20,10,1615
2006,1,20,11,1728
2006,1,20,12,1890
2006,1,20,13,2037
2006,1,20,14,2135
2006,1,20,15,2150
2006,1,20,16,2067
2006,1,20,17,1916
2006,1,20,18,1727
2006,1,20,19,1529
2006,1,20,20,1388
2006,1,20,21,1331
2006,1,20,22,1360
2006,1,20,23,1472
2006,1,21,0,1634
2006,1,21,1,1806
2006,1,21,2,1938
2006,1,21,3,2013
2006,1,21,4,2046
2006,1,21,5,1999
2006,1,21,6,1906
2006,1,21,7,1732
2006,1,21,8,1618
2006,1,21,9,1554
2006,1,21,10,1569
2006,1,21,11,1639
2006,1,21,12,1750
2006,1,21,13,1881
2006,1,21,14,1994
2006,1,21,15,2054
2006,1,21,16,2038
2006,1,21,17,1953
2006,1,21,18,1816
2006,1,21,19,1642
2006,1,21,20,1480
2006,1,21,21,1367
2006,1,21,22,1342
2006,1,21,23,1419
2006,1,22,0,1579
2006,1,22,1,1757
2006,1,22,2,1893
2006,1,22,3,1978
2006,1,22,4,2038
2006,1,22,5,2062
2006,1,22,6,2032
2006,1,22,7,1931
2006,1,22,8,1796
2006,1,22,9,1684
2006,1,22,10,1630
2006,1,22,11,1657
2006,1,22,12,1745
2006,1,22,13,1856
2006,1,22,14,1938
2006,1,22,15,1965
2006,1,22,16,1963
2006,1,22,17,1932
2006,1,22,18,1861
2006,1,22,19,1743
2006,1,22,20,1602
2006,1,22,21,1487
2006,1,22,22,1432
2006,1,22,23,1451
2006,1,23,0,1533
2006,1,23,1,1671
2006,1,23,2,1802
2006,1,23,3,1905
2006,1,23,4,1999
2006,1,23,5,2070
2006,1,23,6,2101
2006,1,23,7,2067
2006,1,23,8,1972
2006,1,23,9,1820
2006,1,23,10,1706
2006,1,23,11,1649
2006,1,23,12,1675
2006,1,23,13,1731
2006,1,23,14,1805
2006,1,23,15,1862
2006,1,23,16,1886
2006,1,23,17,1880
2006,1,23,18,1838
2006,1,23,19,1769
2006,1,23,20,1669
2006,1,23,21,1560
2006,1,23,22,1469
2006,1,23,23,1442
2006,1,24,0,1490
2006,1,24,1,1595
2006,1,24,2,1714
2006,1,24,3,1821
2006,1,24,4,1921
2006,1,24,5,2019
2006,1,24,6,2091
2006,1,24,7,2116
2006,1,24,8,2065
2006,1,24,9,1948
2006,1,24,10,1818
2006,1,24,11,1719
2006,1,24,12,1653
2006,1,24,13,1645
2006,1,24,14,1675
2006,1,24,15,1712
2006,1,24,16,1739
2006,1,24,17,1742
2006,1,24,18,1742
2006,1,24,19,1735
2006,1,24,20,1697
2006,1,24,21,1621
2006,1,24,22,1526
2006,1,24,23,1460
2006,1,25,0,1430
2006,1,25,1,1460
2006,1,25,2,1556
2006,1,25,3,1674
2006,1,25,4,1797
2006,1,25,5,1919
2006,1,25,6,2046
2006,1,25,7,2127
2006,1,25,8,2163
2006,1,25,9,2106
2006,1,25,10,1999
2006,1,25,11,1796
2006,1,25,12,1710
2006,1,25,13,1646
2006,1,25,14,1613
2006,1,25,15,1607
2006,1,25,16,1607
2006,1,25,17,1630
2006,1,25,18,1674
2006,1,25,19,1725
2006,1,25,20,1746
2006,1,25,21,1719
2006,1,25,22,1648
2006,1,25,23,1562
2006,1,26,0,1496
2006,1,26,1,1465
2006,1,26,2,1483
2006,1,26,3,1538
2006,1,26,4,1634
2006,1,26,5,1779
2006,1,26,6,1956
2006,1,26,7,2111
2006,1,26,8,2209
2006,1,26,9,2230
2006,1,26,10,2163
2006,1,26,11,2023
2006,1,26,12,1895
2006,1,26,13,1756
2006,1,26,14,1636
2006,1,26,15,1548
2006,1,26,16,1491
2006,1,26,17,1483
2006,1,26,18,1532
2006,1,26,19,1627
2006,1,26,20,1726
2006,1,26,21,1777
2006,1,26,22,1751
2006,1,26,23,1671
2006,1,27,0,1572
2006,1,27,1,1484
2006,1,27,2,1428
2006,1,27,3,1413
2006,1,27,4,1464
2006,1,27,5,1581
2006,1,27,6,1750
2006,1,27,7,1967
2006,1,27,8,2166
2006,1,27,9,2308
2006,1,27,10,2322
2006,1,27,11,2249
2006,1,27,12,2096
2006,1,27,13,1904
2006,1,27,14,1706
2006,1,27,15,1542
2006,1,27,16,1426
2006,1,27,17,1382
2006,1,27,18,1411
2006,1,27,19,1511
2006,1,27,20,1646
2006,1,27,21,1764
2006,1,27,22,1833
2006,1,27,23,1819
2006,1,28,0,1729
2006,1,28,1,1597
2006,1,28,2,1462
2006,1,28,3,1373
2006,1,28,4,1347
2006,1,28,5,1409
2006,1,28,6,1585
2006,1,28,7,1817
2006,1,28,8,2023
2006,1,28,9,2248
2006,1,28,10,2388
2006,1,28,11,2427
2006,1,28,12,2331
2006,1,28,13,2128
2006,1,28,14,1870
2006,1,28,15,1625
2006,1,28,16,1434
2006,1,28,17,1328
2006,1,28,18,1323
2006,1,28,19,1403
2006,1,28,20,1541
2006,1,28,21,1701
2006,1,28,22,1842
2006,1,28,23,1926
2006,1,29,0,1917
2006,1,29,1,1809
2006,1,29,2,1627
2006,1,29,3,1432
2006,1,29,4,1300
2006,1,29,5,1270
2006,1,29,6,1357
2006,1,29,7,1543
2006,1,29,8,1807
2006,1,29,9,2081
2006,1,29,10,2324
2006,1,29,11,2482
2006,1,29,12,2472
2006,1,29,13,2341
2006,1,29,14,2106
2006,1,29,15,1825
2006,1,29,16,1546
2006,1,29,17,1335
2006,1,29,18,1233
2006,1,29,19,1255
2006,1,29,20,1397
2006,1,29,21,1597
2006,1,29,22,1801
2006,1,29,23,1964
2006,1,30,0,2036
2006,1,30,1,1992
2006,1,30,2,1835
2006,1,30,3,1604
2006,1,30,4,1382
2006,1,30,5,1251
2006,1,30,6,1226
2006,1,30,7,1341
2006,1,30,8,1558
2006,1,30,9,1819
2006,1,30,10,2146
2006,1,30,11,2406
2006,1,30,12,2536
2006,1,30,13,2496
2006,1,30,14,2309
2006,1,30,15,2020
2006,1,30,16,1686
2006,1,30,17,1393
2006,1,30,18,1211
2006,1,30,19,1177
2006,1,30,20,1279
2006,1,30,21,1473
2006,1,30,22,1707
2006,1,30,23,1920
2006,1,31,0,2092
2006,1,31,1,2176
2006,1,31,2,2107
2006,1,31,3,1881
2006,1,31,4,1596
2006,1,31,5,1361
2006,1,31,6,1250
2006,1,31,7,1251
2006,1,31,8,1377
2006,1,31,9,1622
2006,1,31,10,1920
2006,1,31,11,2220
2006,1,31,12,2472
2006,1,31,13,2560
2006,1,31,14,2471
2006,1,31,15,2226
2006,1,31,16,1894
2006,1,31,17,1562
2006,1,31,18,1296
2006,1,31,19,1176
2006,1,31,20,1195
2006,1,31,21,1321
2006,1,31,22,1545
2006,1,31,23,1800
2006,2,1,0,2038
2006,2,1,1,2219
2006,2,1,2,2259
2006,2,1,3,2117
2006,2,1,4,1838
2006,2,1,5,1542
2006,2,1,6,1355
2006,2,1,7,1248
2006,2,1,8,1280
2006,2,1,9,1440
2006,2,1,10,1681
2006,2,1,11,1964
2006,2,1,12,2240
2006,2,1,13,2416
2006,2,1,14,2440
2006,2,1,15,2323
2006,2,1,16,2075
2006,2,1,17,1758
2006,2,1,18,1436
2006,2,1,19,1216
2006,2,1,20,1162
2006,2,1,21,1243
2006,2,1,22,1438
2006,2,1,23,1685
2006,2,2,0,1929
2006,2,2,1,2161
2006,2,2,2,2296
2006,2,2,3,2291
2006,2,2,4,2127
2006,2,2,5,1852
2006,2,2,6,1579
2006,2,2,7,1375
2006,2,2,8,1296
2006,2,2,9,1346
2006,2,2,10,1514
2006,2,2,11,1733
2006,2,2,12,1996
2006,2,2,13,2178
2006,2,2,14,2309
2006,2,2,15,2324
2006,2,2,16,2197
2006,2,2,17,1932
2006,2,2,18,1605
2006,2,2,19,1321
2006,2,2,20,1191
2006,2,2,21,1216
2006,2,2,22,1353
2006,2,2,23,1560
2006,2,3,0,1788
2006,2,3,1,2017
2006,2,3,2,2228
2006,2,3,3,2355
2006,2,3,4,2329
2006,2,3,5,2148
2006,2,3,6,1889
2006,2,3,7,1604
2006,2,3,8,1453
2006,2,3,9,1399
2006,2,3,10,1452
2006,2,3,11,1603
2006,2,3,12,1790
2006,2,3,13,1980
2006,2,3,14,2126
2006,2,3,15,2199
2006,2,3,16,2154
2006,2,3,17,1992
2006,2,3,18,1748
2006,2,3,19,1485
2006,2,3,20,1291
2006,2,3,21,1243
2006,2,3,22,1318
2006,2,3,23,1480
2006,2,4,0,1685
2006,2,4,1,1899
2006,2,4,2,2090
2006,2,4,3,2253
2006,2,4,4,2328
2006,2,4,5,2266
2006,2,4,6,2102
2006,2,4,7,1851
2006,2,4,8,1621
2006,2,4,9,1534
2006,2,4,10,1493
2006,2,4,11,1546
2006,2,4,12,1652
2006,2,4,13,1778
2006,2,4,14,1894
2006,2,4,15,1975
2006,2,4,16,2017
2006,2,4,17,1988
2006,2,4,18,1857
2006,2,4,19,1640
2006,2,4,20,1430
2006,2,4,21,1310
2006,2,4,22,1320
2006,2,4,23,1416
2006,2,5,0,1582
2006,2,5,1,1770
2006,2,5,2,1937
2006,2,5,3,2085
2006,2,5,4,2208
2006,2,5,5,2264
2006,2,5,6,2198
2006,2,5,7,2071
2006,2,5,8,1816
2006,2,5,9,1644
2006,2,5,10,1547
2006,2,5,11,1555
2006,2,5,12,1593
2006,2,5,13,1669
2006,2,5,14,1742
2006,2,5,15,1787
2006,2,5,16,1822
2006,2,5,17,1846
2006,2,5,18,1831
2006,2,5,19,1736
2006,2,5,20,1574
2006,2,5,21,1415
2006,2,5,22,1346
2006,2,5,23,1390
2006,2,6,0,1518
2006,2,6,1,1674
2006,2,6,2,1821
2006,2,6,3,1935
2006,2,6,4,2034
2006,2,6,5,2142
2006,2,6,6,2195
2006,2,6,7,2161
2006,2,6,8,2062
2006,2,6,9,1893
2006,2,6,10,1735
2006,2,6,11,1647
2006,2,6,12,1612
2006,2,6,13,1626
2006,2,6,14,1650
2006,2,6,15,1661
2006,2,6,16,1673
2006,2,6,17,1703
2006,2,6,18,1733
2006,2,6,19,1724
2006,2,6,20,1650
2006,2,6,21,1539
2006,2,6,22,1437
2006,2,6,23,1400
2006,2,7,0,1465
2006,2,7,1,1567
2006,2,7,2,1668
2006,2,7,3,1750
2006,2,7,4,1833
2006,2,7,5,1928
2006,2,7,6,2042
2006,2,7,7,2106
2006,2,7,8,2093
2006,2,8,14,1602
2006,2,8,15,1538
2006,2,8,16,1494
2006,2,8,17,1490
2006,2,8,18,1525
2006,2,8,19,1592
2006,2,8,20,1651
2006,2,8,21,1689
2006,2,8,22,1689
2006,2,8,23,1637
2006,2,9,0,1567
2006,2,9,1,1506
2006,2,9,2,1475
2006,2,9,3,1487
2006,2,9,4,1547
2006,2,9,5,1641
2006,2,9,6,1755
2006,2,9,7,1876
2006,2,9,8,1990
2006,2,9,9,2089
2006,2,9,10,2117
2006,2,9,11,2063
2006,2,9,12,1934
2006,2,9,13,1778
2006,2,9,14,1630
2006,2,9,15,1505
2006,2,9,16,1425
2006,2,9,17,1391
2006,2,9,18,1424
2006,2,9,19,1508
2006,2,9,20,1618
2006,2,9,21,1713
2006,2,9,22,1757
2006,2,9,23,1736
2006,2,10,0,1674
2006,2,10,1,1585
2006,2,10,2,1484
2006,2,10,3,1420
2006,2,10,4,1426
2006,2,10,5,1497
2006,2,10,6,1627
2006,2,10,7,1774
2006,2,10,8,1913
2006,2,10,9,2055
2006,2,10,10,2144
2006,2,10,11,2145
2006,2,10,12,2056
2006,2,10,13,1894
2006,2,10,14,1702
2006,2,10,15,1513
2006,2,10,16,1381
2006,2,10,17,1312
2006,2,10,18,1319
2006,2,10,19,1398
2006,2,10,20,1522
2006,2,10,21,1651
2006,2,10,22,1755
2006,2,10,23,1792
2006,2,11,0,1765
2006,2,11,1,1675
2006,2,11,2,1549
2006,2,11,3,1438
2006,2,11,4,1381
2006,2,11,5,1399
2006,2,11,6,1492
2006,2,11,7,1625
2006,2,11,8,1795
2006,2,11,9,1969
2006,2,11,10,2100
2006,2,11,11,2170
2006,2,11,12,2151
2006,2,11,13,2038
2006,2,11,14,1841
2006,2,11,15,1601
2006,2,11,16,1409
2006,2,11,17,1291
2006,2,11,18,1266
2006,2,11,19,1331
2006,2,11,20,1464
2006,2,11,21,1615
2006,2,11,22,1753
2006,2,11,23,1858
2006,2,12,0,1884
2006,2,12,1,1813
2006,2,12,2,1659
2006,2,12,3,1477
2006,2,12,4,1346
2006,2,12,5,1317
2006,2,12,6,1383
2006,2,12,7,1519
2006,2,12,8,1689
2006,2,12,9,1874
2006,2,12,10,2050
2006,2,12,11,2178
2006,2,12,12,2212
2006,2,12,13,2131
2006,2,12,14,1938
2006,2,12,15,1685
2006,2,12,16,1442
2006,2,12,17,1277
2006,2,12,18,1214
2006,2,12,19,1258
2006,2,12,20,1386
2006,2,12,21,1553
2006,2,12,22,1716
2006,2,12,23,1844
2006,2,13,0,1906
2006,2,13,1,1884
2006,2,13,2,1770
2006,2,13,3,1586
2006,2,13,4,1405
2006,2,13,5,1309
2006,2,13,6,1333
2006,2,13,7,1447
2006,2,13,8,1621
2006,2,13,9,1825
2006,2,13,10,2019
2006,2,13,11,2168
2006,2,13,12,2244
2006,2,13,13,2211
2006,2,13,14,2064
2006,2,13,15,1829
2006,2,13,16,1565
2006,2,13,17,1349
2006,2,13,18,1236
2006,2,13,19,1242
2006,2,13,20,1352
2006,2,13,21,1517
2006,2,13,22,1694
2006,2,13,23,1849
2006,2,14,0,1957
2006,2,14,1,1991
2006,2,14,2,1921
2006,2,14,3,1756
2006,2,14,4,1547
2006,2,14,5,1382
2006,2,14,6,1325
2006,2,14,7,1386
2006,2,14,8,1521
2006,2,14,9,1715
2006,2,14,10,1922
2006,2,14,11,2101
2006,2,14,12,2218
2006,2,14,13,2241
2006,2,14,14,2149
2006,2,14,15,1949
2006,2,14,16,1687
2006,2,14,17,1440
2006,2,14,18,1265
2006,2,14,19,1207
2006,2,14,20,1271
2006,2,14,21,1412
2006,2,14,22,1593
2006,2,14,23,1782
2006,2,15,0,1935
2006,2,15,1,2006
2006,2,15,2,1972
2006,2,15,3,1834
2006,2,15,4,1618
2006,2,15,5,1403
2006,2,15,6,1274
2006,2,15,7,1267
2006,2,15,8,1380
2006,2,15,9,1581
2006,2,15,10,1802
2006,2,15,11,1989
2006,2,15,12,2106
2006,2,15,13,2142
2006,2,15,14,2093
2006,2,15,15,1955
2006,2,15,16,1729
2006,2,15,17,1471
2006,2,15,18,1242
2006,2,15,19,1134
2006,2,15,20,1166
2006,2,15,21,1308
2006,2,15,22,1508
2006,2,15,23,1707
2006,2,16,0,1857
2006,2,16,1,1958
2006,2,16,2,1986
2006,2,16,3,1916
2006,2,16,4,1738
2006,2,16,5,1505
2006,2,16,6,1321
2006,2,16,7,1250
2006,2,16,8,1309
2006,2,16,9,1478
2006,2,16,10,1698
2006,2,16,11,1918
2006,2,16,12,2075
2006,2,16,13,2147
2006,2,16,14,2133
2006,2,16,15,2030
2006,2,16,16,1842
2006,2,16,17,1595
2006,2,16,18,1345
2006,2,16,19,1182
2006,2,16,20,1166
2006,2,16,21,1278
2006,2,16,22,1464
2006,2,16,23,1677
2006,2,17,0,1865
2006,2,17,1,1982
2006,2,17,2,2014
2006,2,17,3,1975
2006,2,17,4,1862
2006,2,17,5,1665
2006,2,17,6,1453
2006,2,17,7,1295
2006,2,17,8,1261
2006,2,17,9,1366
2006,2,17,10,1564
2006,2,17,11,1800
2006,2,17,12,1985
2006,2,17,13,2089
2006,2,17,14,2094
2006,2,17,15,2008
2006,2,17,16,1860
2006,2,17,17,1652
2006,2,17,18,1414
2006,2,17,19,1219
2006,2,17,20,1154
2006,2,17,21,1234
2006,2,17,22,1397
2006,2,17,23,1601
2006,2,18,0,1813
2006,2,18,1,1978
2006,2,18,2,2053
2006,2,18,3,2021
2006,2,18,4,1901
2006,2,18,5,1701
2006,2,18,6,1493
2006,2,18,7,1356
2006,2,18,8,1293
2006,2,18,9,1334
2006,2,18,10,1467
2006,2,18,11,1653
2006,2,18,12,1833
2006,2,18,13,1963
2006,2,18,14,2014
2006,2,18,15,1957
2006,2,18,16,1823
2006,2,18,17,1650
2006,2,18,18,1456
2006,2,18,19,1272
2006,2,18,20,1182
2006,2,18,21,1217
2006,2,18,22,1345
2006,2,18,23,1544
2006,2,19,0,1760
2006,2,19,1,1938
2006,2,19,2,2041
2006,2,19,3,2063
2006,2,19,4,2004
2006,2,19,5,1864
2006,2,19,6,1672
2006,2,19,7,1478
2006,2,19,8,1345
2006,2,19,9,1328
2006,2,19,10,1409
2006,2,19,11,1548
2006,2,19,12,1702
2006,2,19,13,1834
2006,2,19,14,1918
2006,2,19,15,1917
2006,2,19,16,1837
2006,2,19,17,1689
2006,2,19,18,1507
2006,2,19,19,1331
2006,2,19,20,1224
2006,2,19,21,1222
2006,2,19,22,1310
2006,2,19,23,1470
2006,2,20,0,1648
2006,2,20,1,1833
2006,2,20,2,1976
2006,2,20,3,2062
2006,2,20,4,2058
2006,2,20,5,1980
2006,2,20,6,1842
2006,2,20,7,1675
2006,2,20,8,1512
2006,2,20,9,1412
2006,2,20,10,1414
2006,2,20,11,1495
2006,2,20,12,1630
2006,2,20,13,1749
2006,2,20,14,1820
2006,2,20,15,1837
2006,2,20,16,1808
2006,2,20,17,1753
2006,2,20,18,1646
2006,2,20,19,1490
2006,2,20,20,1344
2006,2,20,21,1274
2006,2,20,22,1307
2006,2,20,23,1422
2006,2,21,0,1589
2006,2,21,1,1763
2006,2,21,2,1909
2006,2,21,3,2026
2006,2,21,4,2081
2006,2,21,5,2071
2006,2,21,6,1997
2006,2,21,7,1865
2006,2,21,8,1715
2006,2,21,9,1599
2006,2,21,10,1550
2006,2,21,11,1544
2006,2,21,12,1591
2006,2,21,13,1663
2006,2,21,14,1731
2006,2,21,15,1765
2006,2,21,16,1764
2006,2,21,17,1735
2006,2,21,18,1666
2006,2,21,19,1557
2006,2,21,20,1454
2006,2,21,21,1383
2006,2,21,22,1353
2006,2,21,23,1391
2006,2,22,0,1512
2006,2,22,1,1647
2006,2,22,2,1783
2006,2,22,3,1889
2006,2,22,4,1969
2006,2,22,5,2025
2006,2,22,6,2043
2006,2,22,7,1991
2006,2,22,8,1874
2006,2,22,9,1740
2006,2,22,10,1632
2006,2,22,11,1577
2006,2,22,12,1581
2006,2,22,13,1613
2006,2,22,14,1623
2006,2,22,15,1618
2006,2,22,16,1615
2006,2,22,17,1625
2006,2,22,18,1625
2006,2,22,19,1593
2006,2,22,20,1543
2006,2,22,21,1481
2006,2,22,22,1422
2006,2,22,23,1415
2006,2,23,0,1459
2006,2,23,1,1528
2006,2,23,2,1623
2006,2,23,3,1729
2006,2,23,4,1843
2006,2,23,5,1943
2006,2,23,6,2037
2006,2,23,7,2078
2006,2,23,8,2047
2006,2,23,9,1967
2006,2,23,10,1848
2006,2,23,11,1730
2006,2,23,12,1649
2006,2,23,13,1593
2006,2,23,14,1553
2006,2,23,15,1516
2006,2,23,16,1511
2006,2,23,17,1539
2006,2,23,18,1593
2006,2,23,19,1641
2006,2,23,20,1656
2006,2,23,21,1622
2006,2,23,22,1562
2006,2,23,23,1500
2006,2,24,0,1464
2006,2,24,1,1465
2006,2,24,2,1502
2006,2,24,3,1569
2006,2,24,4,1664
2006,2,24,5,1791
2006,2,24,6,1942
2006,2,24,7,2081
2006,2,24,8,2143
2006,2,24,9,2131
2006,2,24,10,2048
2006,2,24,11,1910
2006,2,24,12,1757
2006,2,24,13,1630
2006,2,24,14,1544
2006,2,24,15,1470
2006,2,24,16,1435
2006,2,24,17,1463
2006,2,24,18,1531
2006,2,24,19,1628
2006,2,24,20,1712
2006,2,24,21,1746
2006,2,24,22,1718
2006,2,24,23,1652
2006,2,25,0,1565
2006,2,25,1,1482
2006,2,25,2,1437
2006,2,25,3,1431
2006,2,25,4,1478
2006,2,25,5,1598
2006,2,25,6,1783
2006,2,25,7,1993
2006,2,25,8,2149
2006,2,25,9,2225
2006,2,25,10,2214
2006,2,25,11,2117
2006,2,25,12,1960
2006,2,25,13,1773
2006,2,25,14,1586
2006,2,25,15,1420
2006,2,25,16,1315
2006,2,25,17,1297
2006,2,25,18,1367
2006,2,25,19,1501
2006,2,25,20,1671
2006,2,25,21,1799
2006,2,25,22,1848
2006,2,25,23,1816
2006,2,26,0,1715
2006,2,26,1,1573
2006,2,26,2,1438
2006,2,26,3,1343
2006,2,26,4,1328
2006,2,26,5,1398
2006,2,26,6,1563
2006,2,26,7,1789
2006,2,26,8,2022
2006,2,26,9,2219
2006,2,26,10,2330
2006,2,26,11,2319
2006,2,26,12,2191
2006,2,26,13,1987
2006,2,26,14,1740
2006,2,26,15,1497
2006,2,26,16,1305
2006,2,26,17,1216
2006,2,26,18,1242
2006,2,26,19,1366
2006,2,26,20,1568
2006,2,26,21,1778
2006,2,26,22,1929
2006,2,26,23,1999
2006,2,27,0,1954
2006,2,27,1,1819
2006,2,27,2,1607
2006,2,27,3,1402
2006,2,27,4,1266
2006,2,27,5,1243
2006,2,27,6,1338
2006,2,27,7,1531
2006,2,27,8,1789
2006,2,27,9,2051
2006,2,27,10,2278
2006,2,27,11,2406
2006,2,27,12,2380
2006,2,27,13,2207
2006,2,27,14,1930
2006,2,27,15,1605
2006,2,27,16,1330
2006,2,27,17,1173
2006,2,27,18,1143
2006,2,27,19,1213
2006,2,27,20,1376
2006,2,27,21,1615
2006,2,27,22,1858
2006,2,27,23,2046
2006,2,28,0,2119
2006,2,28,1,2032
2006,2,28,2,1823
2006,2,28,3,1559
2006,2,28,4,1333
2006,2,28,5,1203
2006,2,28,6,1209
2006,2,28,7,1336
2006,2,28,8,1557
2006,2,28,9,1829
2006,2,28,10,2108
2006,2,28,11,2323
2006,2,28,12,2407
2006,2,28,13,2327
2006,2,28,14,2088
2006,2,28,15,1751
2006,2,28,16,1409
2006,2,28,17,1155
2006,2,28,18,1045
2006,2,28,19,1083
2006,2,28,20,1244
2006,2,28,21,1497
2006,2,28,22,1793
2006,2,28,23,2058
2006,3,1,0,2205
2006,3,1,1,2215
2006,3,1,2,2061
2006,3,1,3,1798
2006,3,1,4,1502
2006,3,1,5,1258
2006,3,1,6,1147
2006,3,1,7,1183
2006,3,1,8,1339
2006,3,1,9,1602
2006,3,1,10,1906
2006,3,1,11,2179
2006,3,1,12,2356
2006,3,1,13,2398
2006,3,1,14,2261
2006,3,1,15,1958
2006,3,1,16,1589
2006,3,1,17,1259
2006,3,1,18,1045
2006,3,1,19,1002
2006,3,1,20,1112
2006,3,1,21,1337
2006,3,1,22,1638
2006,3,1,23,1950
2006,3,2,0,2204
2006,3,2,1,2335
2006,3,2,2,2300
2006,3,2,3,2099
2006,3,2,4,1784
2006,3,2,5,1451
2006,3,2,6,1208
2006,3,2,7,1117
2006,3,2,8,1184
2006,3,2,9,1373
2006,3,2,10,1650
2006,3,2,11,1939
2006,3,2,12,2170
2006,3,2,13,2305
2006,3,2,14,2306
2006,3,2,15,2137
2006,3,2,16,1821
2006,3,2,17,1464
2006,3,2,18,1170
2006,3,2,19,1038
2006,3,2,20,1077
2006,3,2,21,1252
2006,3,2,22,1520
2006,3,2,23,1831
2006,3,3,0,2128
2006,3,3,1,2323
2006,3,3,2,2397
2006,3,3,3,2316
2006,3,3,4,2071
2006,3,3,5,1747
2006,3,3,6,1442
2006,3,3,7,1247
2006,3,3,8,1215
2006,3,3,9,1305
2006,3,3,10,1487
2006,3,3,11,1721
2006,3,3,12,1944
2006,3,3,13,2128
2006,3,3,14,2215
2006,3,3,15,2159
2006,3,3,16,1944
2006,3,3,17,1625
2006,3,3,18,1308
2006,3,3,19,1106
2006,3,3,20,1066
2006,3,3,21,1179
2006,3,3,22,1397
2006,3,3,23,1674
2006,3,4,0,1956
2006,3,4,1,2185
2006,3,4,2,2338
2006,3,4,3,2370
2006,3,4,4,2247
2006,3,4,5,1979
2006,3,4,6,1659
2006,3,4,7,1400
2006,3,4,8,1273
2006,3,4,9,1282
2006,3,4,10,1389
2006,3,4,11,1560
2006,3,4,12,1746
2006,3,4,13,1911
2006,3,4,14,2042
2006,3,4,15,2077
2006,3,4,16,1991
2006,3,4,17,1768
2006,3,4,18,1488
2006,3,4,19,1291
2006,3,4,20,1190
2006,3,4,21,1238
2006,3,4,22,1406
2006,3,4,23,1557
2006,3,5,0,1819
2006,3,5,1,2045
2006,3,5,2,2210
2006,3,5,3,2295
2006,3,5,4,2268
2006,3,5,5,2120
2006,3,5,6,1894
2006,3,5,7,1656
2006,3,5,8,1469
2006,3,5,9,1388
2006,3,5,10,1415
2006,3,5,11,1510
2006,3,5,12,1628
2006,3,5,13,1752
2006,3,5,14,1857
2006,3,5,15,1908
2006,3,5,16,1899
2006,3,5,17,1816
2006,3,5,18,1650
2006,3,5,19,1468
2006,3,5,20,1318
2006,3,5,21,1287
2006,3,5,22,1374
2006,3,5,23,1474
2006,3,6,0,1683
2006,3,6,1,1870
2006,3,6,2,2007
2006,3,6,3,2109
2006,3,6,4,2159
2006,3,6,5,2145
2006,3,6,6,2054
2006,3,6,7,1878
2006,3,6,8,1684
2006,3,6,9,1536
2006,3,6,10,1476
2006,3,6,11,1498
2006,3,6,12,1571
2006,3,6,13,1671
2006,3,6,14,1736
2006,3,6,15,1755
2006,3,6,16,1752
2006,3,6,17,1744
2006,3,6,18,1698
2006,3,6,19,1577
2006,3,6,20,1446
2006,3,6,21,1361
2006,3,6,22,1362
2006,3,6,23,1452
2006,3,7,0,1589
2006,3,7,1,1734
2006,3,7,2,1866
2006,3,7,3,1964
2006,3,7,4,2029
2006,3,7,5,2062
2006,3,7,6,2051
2006,3,7,7,1979
2006,3,7,8,1847
2006,3,7,9,1703
2006,3,7,10,1607
2006,3,7,11,1573
2006,3,7,12,1588
2006,3,7,13,1626
2006,3,7,14,1651
2006,3,7,15,1661
2006,3,7,16,1673
2006,3,7,17,1685
2006,3,7,18,1688
2006,3,7,19,1639
2006,3,7,20,1549
2006,3,7,21,1460
2006,3,7,22,1422
2006,3,7,23,1452
2006,3,8,0,1537
2006,3,8,1,1632
2006,3,8,2,1721
2006,3,8,3,1799
2006,3,8,4,1869
2006,3,8,5,1944
2006,3,8,6,2013
2006,3,8,7,2024
2006,3,8,8,1957
2006,3,8,9,1850
2006,3,8,10,1750
2006,3,8,11,1670
2006,3,8,12,1617
2006,3,8,13,1588
2006,3,8,14,1569
2006,3,8,15,1545
2006,3,8,16,1549
2006,3,8,17,1578
2006,3,8,18,1611
2006,3,8,19,1632
2006,3,8,20,1622
2006,3,8,21,1587
2006,3,8,22,1548
2006,3,8,23,1521
2006,3,9,0,1525
2006,3,9,1,1551
2006,3,9,2,1583
2006,3,9,3,1630
2006,3,9,4,1694
2006,3,9,5,1788
2006,3,9,6,1880
2006,3,9,7,1941
2006,3,9,8,1958
2006,3,9,9,1928
2006,3,9,10,1861
2006,3,9,11,1787
2006,3,9,12,1707
2006,3,9,13,1619
2006,3,9,14,1533
2006,3,9,15,1466
2006,3,9,16,1433
2006,3,9,17,1440
2006,3,9,18,1501
2006,3,9,19,1574
2006,3,9,20,1632
2006,3,9,21,1659
2006,3,9,22,1644
2006,3,9,23,1615
2006,3,10,0,1584
2006,3,10,1,1559
2006,3,10,2,1538
2006,3,10,3,1550
2006,3,10,4,1600
2006,3,10,5,1690
2006,3,10,6,1803
2006,3,10,7,1902
2006,3,10,8,1980
2006,3,10,9,2019
2006,3,10,10,2017
2006,3,10,11,1964
2006,3,10,12,1856
2006,3,10,13,1722
2006,3,10,14,1588
2006,3,10,15,1477
2006,3,10,16,1419
2006,3,10,17,1417
2006,3,10,18,1471
2006,3,10,19,1563
2006,3,10,20,1666
2006,3,10,21,1749
2006,3,10,22,1783
2006,3,10,23,1758
2006,3,11,0,1686
2006,3,11,1,1609
2006,3,11,2,1538
2006,3,11,3,1509
2006,3,11,4,1531
2006,3,11,5,1599
2006,3,11,6,1715
2006,3,11,7,1852
2006,3,11,8,1993
2006,3,11,9,2099
2006,3,11,10,2150
2006,3,11,11,2127
2006,3,11,12,2021
2006,3,11,13,1872
2006,3,11,14,1702
2006,3,11,15,1545
2006,3,11,16,1428
2006,3,11,17,1388
2006,3,11,18,1424
2006,3,11,19,1537
2006,3,11,20,1683
2006,3,11,21,1807
2006,3,11,22,1884
2006,3,11,23,1904
2006,3,12,0,1862
2006,3,12,1,1761
2006,3,12,2,1618
2006,3,12,3,1507
2006,3,12,4,1469
2006,3,12,5,1501
2006,3,12,6,1607
2006,3,12,7,1752
2006,3,12,8,1909
2006,3,12,9,2061
2006,3,12,10,2164
2006,3,12,11,2173
2006,3,12,12,2097
2006,3,12,13,1949
2006,3,12,14,1759
2006,3,12,15,1562
2006,3,12,16,1399
2006,3,12,17,1310
2006,3,12,18,1314
2006,3,12,19,1421
2006,3,12,20,1592
2006,3,12,21,1760
2006,3,12,22,1884
2006,3,12,23,1940
2006,3,13,0,1917
2006,3,13,1,1816
2006,3,13,2,1671
2006,3,13,3,1520
2006,3,13,4,1413
2006,3,13,5,1390
2006,3,13,6,1473
2006,3,13,7,1636
2006,3,13,8,1811
2006,3,13,9,1971
2006,3,13,10,2097
2006,3,13,11,2170
2006,3,13,12,2160
2006,3,13,13,2058
2006,3,13,14,1867
2006,3,13,15,1608
2006,3,13,16,1386
2006,3,13,17,1273
2006,3,13,18,1285
2006,3,13,19,1386
2006,3,13,20,1545
2006,3,13,21,1721
2006,3,13,22,1874
2006,3,13,23,1975
2006,3,14,0,2008
2006,3,14,1,1936
2006,3,14,2,1775
2006,3,14,3,1580
2006,3,14,4,1419
2006,3,14,5,1334
2006,3,14,6,1360
2006,3,14,7,1487
2006,3,14,8,1672
2006,3,14,9,1884
2006,3,14,10,2068
2006,3,14,11,2181
2006,3,14,12,2193
2006,3,14,13,2112
2006,3,14,14,1944
2006,3,14,15,1703
2006,3,14,16,1451
2006,3,14,17,1264
2006,3,14,18,1206
2006,3,14,19,1281
2006,3,14,20,1452
2006,3,14,21,1670
2006,3,14,22,1877
2006,3,14,23,2024
2006,3,15,0,2092
2006,3,15,1,2060
2006,3,15,2,1935
2006,3,15,3,1722
2006,3,15,4,1499
2006,3,15,5,1353
2006,3,15,6,1331
2006,3,15,7,1418
2006,3,15,8,1579
2006,3,15,9,1791
2006,3,15,10,2003
2006,3,15,11,2164
2006,3,15,12,2243
2006,3,15,13,2200
2006,3,15,14,2043
2006,3,15,15,1818
2006,3,15,16,1552
2006,3,15,17,1320
2006,3,15,18,1215
2006,3,15,19,1247
2006,3,15,20,1386
2006,3,15,21,1600
2006,3,15,22,1840
2006,3,15,23,2042
2006,3,16,0,2156
2006,3,16,1,2151
2006,3,16,2,2051
2006,3,16,3,1867
2006,3,16,4,1642
2006,3,16,5,1438
2006,3,16,6,1327
2006,3,16,7,1351
2006,3,16,8,1490
2006,3,16,9,1696
2006,3,16,10,1922
2006,3,16,11,2107
2006,3,16,12,2209
2006,3,16,13,2212
2006,3,16,14,2121
2006,3,16,15,1927
2006,3,16,16,1655
2006,3,16,17,1412
2006,3,16,18,1259
2006,3,16,19,1255
2006,3,16,20,1397
2006,3,16,21,1615
2006,3,16,22,1869
2006,3,16,23,2073
2006,3,17,0,2237
2006,3,17,1,2286
2006,3,17,2,2218
2006,3,17,3,2044
2006,3,17,4,1797
2006,3,17,5,1549
2006,3,17,6,1379
2006,3,17,7,1336
2006,3,17,8,1417
2006,3,17,9,1586
2006,3,17,10,1802
2006,3,17,11,2017
2006,3,17,12,2169
2006,3,17,13,2217
2006,3,17,14,2153
2006,3,17,15,1982
2006,3,17,16,1732
2006,3,17,17,1469
2006,3,17,18,1274
2006,3,17,19,1211
2006,3,17,20,1288
2006,3,17,21,1473
2006,3,17,22,1719
2006,3,17,23,1977
2006,3,18,0,2181
2006,3,18,1,2283
2006,3,18,2,2260
2006,3,18,3,2121
2006,3,18,4,1899
2006,3,18,5,1642
2006,3,18,6,1435
2006,3,18,7,1330
2006,3,18,8,1349
2006,3,18,9,1473
2006,3,18,10,1668
2006,3,18,11,1894
2006,3,18,12,2069
2006,3,18,13,2149
2006,3,18,14,2133
2006,3,18,15,2016
2006,3,18,16,1818
2006,3,18,17,1591
2006,3,18,18,1393
2006,3,18,19,1293
2006,3,18,20,1320
2006,3,18,21,1454
2006,3,18,22,1669
2006,3,18,23,1924
2006,3,19,0,2160
2006,3,19,1,2313
2006,3,19,2,2336
2006,3,19,3,2240
2006,3,19,4,2059
2006,3,19,5,1831
2006,3,19,6,1605
2006,3,19,7,1440
2006,3,19,8,1388
2006,3,19,9,1449
2006,3,19,10,1589
2006,3,19,11,1779
2006,3,19,12,1956
2006,3,19,13,2067
2006,3,19,14,2087
2006,3,19,15,2021
2006,3,19,16,1883
2006,3,19,17,1699
2006,3,19,18,1501
2006,3,19,19,1359
2006,3,19,20,1337
2006,3,19,21,1440
2006,3,19,22,1631
2006,3,19,23,1867
2006,3,20,0,2089
2006,3,20,1,2239
2006,3,20,2,2316
2006,3,20,3,2320
2006,3,20,4,2232
2006,3,20,5,2054
2006,3,20,6,1826
2006,3,20,7,1614
2006,3,20,8,1494
2006,3,20,9,1491
2006,3,20,10,1583
2006,3,20,11,1721
2006,3,20,12,1858
2006,3,20,13,1964
2006,3,20,14,2022
2006,3,20,15,2026
2006,3,20,16,1964
2006,3,20,17,1821
2006,3,20,18,1633
2006,3,20,19,1475
2006,3,20,20,1407
2006,3,20,21,1450
2006,3,20,22,1580
2006,3,20,23,1756
2006,3,21,0,1954
2006,3,21,1,2133
2006,3,21,2,2257
2006,3,21,3,2304
2006,3,21,4,2265
2006,3,21,5,2132
2006,3,21,6,1951
2006,3,21,7,1754
2006,3,21,8,1596
2006,3,21,9,1528
2006,3,21,10,1529
2006,3,21,11,1593
2006,3,21,12,1698
2006,3,21,13,1808
2006,3,21,14,1895
2006,3,21,15,1935
2006,3,21,16,1906
2006,3,21,17,1806
2006,3,21,18,1660
2006,3,21,19,1517
2006,3,21,20,1433
2006,3,21,21,1443
2006,3,21,22,1511
2006,3,21,23,1629
2006,3,22,0,1771
2006,3,22,1,1937
2006,3,22,2,2101
2006,3,22,3,2221
2006,3,22,4,2257
2006,3,22,5,2198
2006,3,22,6,2073
2006,3,22,7,1924
2006,3,22,8,1766
2006,3,22,9,1652
2006,3,22,10,1596
2006,3,22,11,1590
2006,3,22,12,1646
2006,3,22,13,1741
2006,3,22,14,1829
2006,3,22,15,1870
2006,3,22,16,1855
2006,3,22,17,1812
2006,3,22,18,1750
2006,3,22,19,1672
2006,3,22,20,1599
2006,3,22,21,1544
2006,3,22,22,1533
2006,3,22,23,1594
2006,3,23,0,1728
2006,3,23,1,1880
2006,3,23,2,2026
2006,3,23,3,2152
2006,3,23,4,2229
2006,3,23,5,2265
2006,3,23,6,2232
2006,3,23,7,2131
2006,3,23,8,1997
2006,3,23,9,1855
2006,3,23,10,1751
2006,3,23,11,1703
2006,3,23,12,1685
2006,3,23,13,1696
2006,3,23,14,1753
2006,3,23,15,1802
2006,3,23,16,1825
2006,3,23,17,1847
2006,3,23,18,1824
2006,3,23,19,1789
2006,3,23,20,1721
2006,3,23,21,1645
2006,3,23,22,1604
2006,3,23,23,1615
2006,3,24,0,1672
2006,3,24,1,1761
2006,3,24,2,1865
2006,3,24,3,1973
2006,3,24,4,2080
2006,3,24,5,2180
2006,3,24,6,2249
2006,3,24,7,2250
2006,3,24,8,2175
2006,3,24,9,2059
2006,3,24,10,1938
2006,3,24,11,1834
2006,3,24,12,1746
2006,3,24,13,1697
2006,3,24,14,1680
2006,3,24,15,1690
2006,3,24,16,1720
2006,3,24,17,1776
2006,3,24,18,1838
2006,3,24,19,1876
2006,3,24,20,1873
2006,3,24,21,1815
2006,3,24,22,1724
2006,3,24,23,1650
2006,3,25,0,1622
2006,3,25,1,1633
2006,3,25,2,1688
2006,3,25,3,1786
2006,3,25,4,1914
2006,3,25,5,2032
2006,3,25,6,2154
2006,3,25,7,2263
2006,3,25,8,2310
2006,3,25,9,2265
2006,3,25,10,2156
2006,3,25,11,2003
2006,3,25,12,1844
2006,3,25,13,1722
2006,3,25,14,1634
2006,3,25,15,1588
2006,3,25,16,1584
2006,3,25,17,1634
2006,3,25,18,1731
2006,3,25,19,1843
2006,3,25,20,1932
2006,3,25,21,1959
2006,3,25,22,1910
2006,3,25,23,1820
2006,3,26,0,1705
2006,3,26,1,1610
2006,3,26,2,1560
2006,3,26,3,1580
2006,3,26,4,1661
2006,3,26,5,1783
2006,3,26,6,1944
2006,3,26,7,2135
2006,3,26,8,2300
2006,3,26,9,2387
2006,3,26,10,2365
2006,3,26,11,2221
2006,3,26,12,2018
2006,3,26,13,1816
2006,3,26,14,1638
2006,3,26,15,1509
2006,3,26,16,1453
2006,3,26,17,1481
2006,3,26,18,1588
2006,3,26,19,1752
2006,3,26,20,1931
2006,3,26,21,2076
2006,3,26,22,2112
2006,3,26,23,2043
2006,3,27,0,1901
2006,3,27,1,1711
2006,3,27,2,1543
2006,3,27,3,1446
2006,3,27,4,1455
2006,3,27,5,1553
2006,3,27,6,1723
2006,3,27,7,1939
2006,3,27,8,2160
2006,3,27,9,2339
2006,3,27,10,2426
2006,3,27,11,2384
2006,3,27,12,2216
2006,3,27,13,1968
2006,3,27,14,1700
2006,3,27,15,1477
2006,3,27,16,1349
2006,3,27,17,1336
2006,3,27,18,1429
2006,3,27,19,1608
2006,3,27,20,1839
2006,3,27,21,2067
2006,3,27,22,2232
2006,3,27,23,2280
2006,3,28,0,2192
2006,3,28,1,2005
2006,3,28,2,1773
2006,3,28,3,1556
2006,3,28,4,1417
2006,3,28,5,1399
2006,3,28,6,1503
2006,3,28,7,1713
2006,3,28,8,1974
2006,3,28,9,2233
2006,3,28,10,2422
2006,3,28,11,2497
2006,3,28,12,2417
2006,3,28,13,2199
2006,3,28,14,1885
2006,3,28,15,1572
2006,3,28,16,1341
2006,3,28,17,1305
2006,3,28,18,1347
2006,3,28,19,1497
2006,3,28,20,1743
2006,3,28,21,2017
2006,3,28,22,2258
2006,3,28,23,2402
2006,3,29,0,2400
2006,3,29,1,2256
2006,3,29,2,1997
2006,3,29,3,1706
2006,3,29,4,1469
2006,3,29,5,1338
2006,3,29,6,1341
2006,3,29,7,1468
2006,3,29,8,1698
2006,3,29,9,1991
2006,3,29,10,2276
2006,3,29,11,2460
2006,3,29,12,2485
2006,3,29,13,2328
2006,3,29,14,2032
2006,3,29,15,1716
2006,3,29,16,1421
2006,3,29,17,1276
2006,3,29,18,1254
2006,3,29,19,1362
2006,3,29,20,1590
2006,3,29,21,1904
2006,3,29,22,2215
2006,3,29,23,2453
2006,3,30,0,2546
2006,3,30,1,2479
2006,3,30,2,2269
2006,3,30,3,1955
2006,3,30,4,1635
2006,3,30,5,1399
2006,3,30,6,1297
2006,3,30,7,1344
2006,3,30,8,1517
2006,3,30,9,1791
2006,3,30,10,2090
2006,3,30,11,2317
2006,3,30,12,2417
2006,3,30,13,2370
2006,3,30,14,2177
2006,3,30,15,1869
2006,3,30,16,1553
2006,3,30,17,1315
2006,3,30,18,1228
2006,3,30,19,1307
2006,3,30,20,1505
2006,3,30,21,1798
2006,3,30,22,2111
2006,3,30,23,2387
2006,3,31,0,2566
2006,3,31,1,2611
2006,3,31,2,2501
2006,3,31,3,2237
2006,3,31,4,1898
2006,3,31,5,1580
2006,3,31,6,1371
2006,3,31,7,1312
2006,3,31,8,1391
2006,3,31,9,1579
2006,3,31,10,1817
2006,3,31,11,2055
2006,3,31,12,2232
2006,3,31,13,2303
2006,3,31,14,2247
2006,3,31,15,2039
2006,3,31,16,1746
2006,3,31,17,1442
2006,3,31,18,1244
2006,3,31,19,1220
2006,3,31,20,1354
2006,3,31,21,1603
2006,3,31,22,1911
2006,3,31,23,2200
2006,4,1,0,2424
2006,4,1,1,2549
2006,4,1,2,2557
2006,4,1,3,2414
2006,4,1,4,2127
2006,4,1,5,1788
2006,4,1,6,1489
2006,4,1,7,1318
2006,4,1,8,1298
2006,4,1,9,1401
2006,4,1,10,1598
2006,4,1,11,1822
2006,4,1,12,2009
2006,4,1,13,2134
2006,4,1,14,2162
2006,4,1,15,2065
2006,4,1,16,1831
2006,4,1,17,1556
2006,4,1,18,1339
2006,4,1,19,1231
2006,4,1,20,1280
2006,4,1,21,1443
2006,4,1,22,1705
2006,4,1,23,2004
2006,4,2,0,2253
2006,4,2,1,2421
2006,4,2,2,2495
2006,4,2,3,2464
2006,4,2,4,2295
2006,4,2,5,2013
2006,4,2,6,1704
2006,4,2,7,1470
2006,4,2,8,1372
2006,4,2,9,1397
2006,4,2,10,1517
2006,4,2,11,1689
2006,4,2,12,1860
2006,4,2,13,1986
2006,4,2,14,2062
2006,4,2,15,2066
2006,4,2,16,1954
2006,4,2,17,1741
2006,4,2,18,1501
2006,4,2,19,1333
2006,4,2,20,1302
2006,4,2,21,1411
2006,4,2,22,1608
2006,4,2,23,1845
2006,4,3,0,2068
2006,4,3,1,2243
2006,4,3,2,2353
2006,4,3,3,2394
2006,4,3,4,2333
2006,4,3,5,2163
2006,4,3,6,1919
2006,4,3,7,1674
2006,4,3,8,1522
2006,4,3,9,1474
2006,4,3,10,1511
2006,4,3,11,1610
2006,4,3,12,1731
2006,4,3,13,1835
2006,4,3,14,1911
2006,4,3,15,1938
2006,4,3,16,1897
2006,4,3,17,1788
2006,4,3,18,1633
2006,4,3,19,1478
2006,4,3,20,1385
2006,4,3,21,1413
2006,4,3,22,1547
2006,4,3,23,1721
2006,4,4,0,1911
2006,4,4,1,2075
2006,4,4,2,2183
2006,4,4,3,2236
2006,4,4,4,2240
2006,4,4,5,2185
2006,4,4,6,2050
2006,4,4,7,1865
2006,4,4,8,1686
2006,4,4,9,1567
2006,4,4,10,1534
2006,4,4,11,1587
2006,4,4,12,1682
2006,4,4,13,1760
2006,4,4,14,1800
2006,4,4,15,1812
2006,4,4,16,1817
2006,4,4,17,1789
2006,4,4,18,1710
2006,4,4,19,1595
2006,4,4,20,1483
2006,4,4,21,1436
2006,4,4,22,1483
2006,4,4,23,1604
2006,4,5,0,1766
2006,4,5,1,1912
2006,4,5,2,2017
2006,4,5,3,2078
2006,4,5,4,2099
2006,4,5,5,2092
2006,4,5,6,2033
2006,4,5,7,1929
2006,4,5,8,1808
2006,4,5,9,1700
2006,4,5,10,1633
2006,4,5,11,1613
2006,4,5,12,1640
2006,4,5,13,1686
2006,4,5,14,1726
2006,4,5,15,1750
2006,4,5,16,1759
2006,4,5,17,1758
2006,4,5,18,1735
2006,4,5,19,1685
2006,4,5,20,1616
2006,4,5,21,1566
2006,4,5,22,1562
2006,4,5,23,1601
2006,4,6,0,1679
2006,4,6,1,1773
2006,4,6,2,1871
2006,4,6,3,1946
2006,4,6,4,1993
2006,4,6,5,2033
2006,4,6,6,2027
2006,4,6,7,1979
2006,4,6,8,1906
2006,4,6,9,1825
2006,4,6,10,1751
2006,4,6,11,1686
2006,4,6,12,1655
2006,4,6,13,1647
2006,4,6,14,1648
2006,4,6,15,1655
2006,4,6,16,1680
2006,4,6,17,1693
2006,4,6,18,1709
2006,4,6,19,1721
2006,4,6,20,1712
2006,4,6,21,1687
2006,4,6,22,1664
2006,4,6,23,1649
2006,4,7,0,1659
2006,4,7,1,1698
2006,4,7,2,1747
2006,4,7,3,1813
2006,4,7,4,1881
2006,4,7,5,1947
2006,4,7,6,2002
2006,4,7,7,2020
2006,4,7,8,2011
2006,4,7,9,1964
2006,4,7,10,1909
2006,4,7,11,1851
2006,4,7,12,1781
2006,4,7,13,1713
2006,4,7,14,1648
2006,4,7,15,1618
2006,4,7,16,1632
2006,4,7,17,1680
2006,4,7,18,1758
2006,4,7,19,1822
2006,4,7,20,1843
2006,4,7,21,1826
2006,4,7,22,1796
2006,4,7,23,1761
2006,4,8,0,1732
2006,4,8,1,1712
2006,4,8,2,1708
2006,4,8,3,1725
2006,4,8,4,1786
2006,4,8,5,1873
2006,4,8,6,1966
2006,4,8,7,2027
2006,4,8,8,2059
2006,4,8,9,2063
2006,4,8,10,2038
2006,4,8,11,1970
2006,4,8,12,1856
2006,4,8,13,1728
2006,4,8,14,1592
2006,4,8,15,1540
2006,4,8,16,1549
2006,4,8,17,1612
2006,4,8,18,1702
2006,4,8,19,1791
2006,4,8,20,1860
2006,4,8,21,1906
2006,4,8,22,1912
2006,4,8,23,1868
2006,4,9,0,1783
2006,4,9,1,1691
2006,4,9,2,1630
2006,4,9,3,1623
2006,4,9,4,1673
2006,4,9,5,1756
2006,4,9,6,1844
2006,4,9,7,1934
2006,4,9,8,2034
2006,4,9,9,2116
2006,4,9,10,2144
2006,4,9,11,2091
2006,4,9,12,1955
2006,4,9,13,1785
2006,4,9,14,1625
2006,4,9,15,1527
2006,4,9,16,1500
2006,4,9,17,1543
2006,4,9,18,1648
2006,4,9,19,1772
2006,4,9,20,1900
2006,4,9,21,2010
2006,4,9,22,2064
2006,4,9,23,2045
2006,4,10,0,1946
2006,4,10,1,1817
2006,4,10,2,1690
2006,4,10,3,1609
2006,4,10,4,1587
2006,4,10,5,1638
2006,4,10,6,1754
2006,4,10,7,1900
2006,4,10,8,2044
2006,4,10,9,2152
2006,4,10,10,2207
2006,4,10,11,2184
2006,4,10,12,2072
2006,4,10,13,1895
2006,4,10,14,1700
2006,4,10,15,1544
2006,4,10,16,1470
2006,4,10,17,1497
2006,4,10,18,1597
2006,4,10,19,1757
2006,4,10,20,1923
2006,4,10,21,2082
2006,4,10,22,2184
2006,4,10,23,2205
2006,4,11,0,2130
2006,4,11,1,1975
2006,4,11,2,1799
2006,4,11,3,1648
2006,4,11,4,1568
2006,4,11,5,1573
2006,4,11,6,1654
2006,4,11,7,1791
2006,4,11,8,1957
2006,4,11,9,2128
2006,4,11,10,2244
2006,4,11,11,2271
2006,4,11,12,2198
2006,4,11,13,2032
2006,4,11,14,1814
2006,4,11,15,1616
2006,4,11,16,1485
2006,4,11,17,1447
2006,4,11,18,1515
2006,4,11,19,1671
2006,4,11,20,1877
2006,4,11,21,2080
2006,4,11,22,2231
2006,4,11,23,2301
2006,4,12,0,2268
2006,4,12,1,2129
2006,4,12,2,1920
2006,4,12,3,1698
2006,4,12,4,1532
2006,4,12,5,1477
2006,4,12,6,1530
2006,4,12,7,1658
2006,4,12,8,1830
2006,4,12,9,2013
2006,4,12,10,2157
2006,4,12,11,2226
2006,4,12,12,2203
2006,4,12,13,2086
2006,4,12,14,1862
2006,4,12,15,1625
2006,4,12,16,1457
2006,4,12,17,1360
2006,4,12,18,1414
2006,4,12,19,1570
2006,4,12,20,1788
2006,4,12,21,2007
2006,4,12,22,2205
2006,4,12,23,2315
2006,4,13,0,2315
2006,4,13,1,2201
2006,4,13,2,2049
2006,4,13,3,1797
2006,4,13,4,1574
2006,4,13,5,1445
2006,4,13,6,1437
2006,4,13,7,1538
2006,4,13,8,1725
2006,4,13,9,1931
2006,4,13,10,2107
2006,4,13,11,2206
2006,4,15,8,1484
2006,4,17,8,1419
2006,4,17,9,1493
2006,4,17,10,1650
2006,4,17,11,1812
2006,4,17,12,1946
2006,4,17,13,2029
2006,4,17,14,2038
2006,4,17,15,1978
2006,4,17,16,1816
2006,4,17,17,1593
2006,4,17,18,1409
2006,4,17,19,1318
2006,4,17,20,1339
2006,4,17,21,1476
2006,4,17,22,1707
2006,4,17,23,1961
2006,4,18,0,2176
2006,4,18,1,2313
2006,4,18,2,2370
2006,4,18,3,2338
2006,4,18,4,2210
2006,4,18,5,1996
2006,4,18,6,1742
2006,4,18,7,1523
2006,4,18,8,1420
2006,4,18,9,1432
2006,4,18,10,1529
2006,4,18,11,1674
2006,4,18,12,1811
2006,4,18,13,1911
2006,4,18,14,1952
2006,4,18,15,1938
2006,4,18,16,1857
2006,4,18,17,1698
2006,4,18,18,1525
2006,4,18,19,1382
2006,4,18,20,1328
2006,4,18,21,1386
2006,4,18,22,1542
2006,4,18,23,1772
2006,4,19,0,1996
2006,4,19,1,2164
2006,4,19,2,2259
2006,4,19,3,2262
2006,4,19,4,2199
2006,4,19,5,2063
2006,4,19,6,1848
2006,4,19,7,1625
2006,4,19,8,1462
2006,4,19,9,1418
2006,4,19,10,1474
2006,4,19,11,1579
2006,4,19,12,1689
2006,4,19,13,1761
2006,4,19,14,1804
2006,4,19,15,1833
2006,4,19,16,1826
2006,4,19,17,1742
2006,4,19,18,1613
2006,4,19,19,1487
2006,4,19,20,1420
2006,4,19,21,1432
2006,4,19,22,1512
2006,4,19,23,1656
2006,4,20,0,1832
2006,4,20,1,2006
2006,4,20,2,2139
2006,4,20,3,2196
2006,4,20,4,2203
2006,4,20,5,2154
2006,4,20,6,2043
2006,4,20,7,1873
2006,4,20,8,1692
2006,4,20,9,1557
2006,4,20,10,1509
2006,4,20,11,1551
2006,4,20,12,1639
2006,4,20,13,1712
2006,4,20,14,1754
2006,4,20,15,1794
2006,4,20,16,1825
2006,4,20,17,1829
2006,4,20,18,1775
2006,4,20,19,1672
2006,4,20,20,1566
2006,4,20,21,1496
2006,4,20,22,1494
2006,4,20,23,1570
2006,4,21,0,1706
2006,4,21,1,1863
2006,4,21,2,1988
2006,4,21,3,2075
2006,4,21,4,2133
2006,4,21,5,2169
2006,4,21,6,2146
2006,4,21,7,2054
2006,4,21,8,1915
2006,4,21,9,1760
2006,4,21,10,1641
2006,4,21,11,1588
2006,4,21,12,1604
2006,4,21,13,1636
2006,4,21,14,1661
2006,4,21,15,1712
2006,4,21,16,1777
2006,4,21,17,1843
2006,4,21,18,1874
2006,4,21,19,1839
2006,4,21,20,1759
2006,4,21,21,1672
2006,4,21,22,1619
2006,4,21,23,1615
2006,4,22,0,1655
2006,4,22,1,1730
2006,4,22,2,1825
2006,4,22,3,1915
2006,4,22,4,2033
2006,4,22,5,2122
2006,4,22,6,2177
2006,4,22,7,2170
2006,4,22,8,2103
2006,4,22,9,1970
2006,4,22,10,1804
2006,4,22,11,1672
2006,4,22,12,1612
2006,4,22,13,1573
2006,4,22,14,1567
2006,4,22,15,1591
2006,4,22,16,1645
2006,4,22,17,1727
2006,4,22,18,1815
2006,4,22,19,1876
2006,4,22,20,1881
2006,4,22,21,1828
2006,4,22,22,1745
2006,4,22,23,1669
2006,4,23,0,1624
2006,4,23,1,1620
2006,4,23,2,1660
2006,4,23,3,1739
2006,4,23,4,1851
2006,4,23,5,1983
2006,4,23,6,2102
2006,4,23,7,2193
2006,4,23,8,2226
2006,4,23,9,2164
2006,4,23,10,2014
2006,4,23,11,1827
2006,4,23,12,1673
2006,4,23,13,1554
2006,4,23,14,1486
2006,4,23,15,1475
2006,4,23,16,1520
2006,4,23,17,1620
2006,4,23,18,1759
2006,4,23,19,1900
2006,4,23,20,2003
2006,4,23,21,2031
2006,4,23,22,1973
2006,4,23,23,1860
2006,4,24,0,1734
2006,4,24,1,1629
2006,4,24,2,1576
2006,4,24,3,1590
2006,4,24,4,1668
2006,4,24,5,1781
2006,4,24,6,1949
2006,4,24,7,2120
2006,4,24,8,2245
2006,4,24,9,2284
2006,4,24,10,2211
2006,4,24,11,2039
2006,4,24,12,1870
2006,4,24,13,1667
2006,4,24,14,1511
2006,4,24,15,1432
2006,4,24,16,1438
2006,4,24,17,1526
2006,4,24,18,1682
2006,4,24,19,1875
2006,4,24,20,2058
2006,4,24,21,2178
2006,4,24,22,2196
2006,4,24,23,2098
2006,4,25,0,1924
2006,4,25,1,1725
2006,4,25,2,1556
2006,4,25,3,1460
2006,4,25,4,1459
2006,4,25,5,1543
2006,4,25,6,1695
2006,4,25,7,1883
2006,4,25,8,2088
2006,4,25,9,2219
2006,4,27,5,1394
2006,4,27,6,1409
2006,4,27,7,1513
2006,4,27,8,1715
2006,4,27,9,1945
2006,4,27,10,2152
2006,4,27,11,2274
2006,4,27,12,2266
2006,4,27,13,2111
2006,4,27,14,1848
2006,4,27,15,1559
2006,4,27,16,1343
2006,4,27,17,1270
2006,4,27,18,1349
2006,4,27,19,1548
2006,4,27,20,1826
2006,4,27,21,2133
2006,4,27,22,2407
2006,4,27,23,2588
2006,4,28,0,2636
2006,4,28,1,2526
2006,4,28,2,2272
2006,4,28,3,1940
2006,4,28,4,1633
2006,4,28,5,1436
2006,4,28,6,1382
2006,4,28,7,1425
2006,4,28,8,1580
2006,4,28,9,1763
2006,5,8,13,1684
2006,5,8,14,1586
2006,5,8,15,1562
2006,5,8,16,1596
2006,5,8,17,1683
2006,5,8,18,1807
2006,5,8,19,1940
2006,5,8,20,2061
2006,5,8,21,2125
2006,5,8,22,2106
2006,5,8,23,2007
2006,5,9,0,1874
2006,5,9,1,1741
2006,5,9,2,1658
2006,5,9,3,1634
2006,5,9,4,1676
2006,5,9,5,1754
2006,5,9,6,1847
2006,5,9,7,1951
2006,5,9,8,2039
2006,5,9,9,2095
2006,5,9,10,2093
2006,5,9,11,2023
2006,5,9,12,1889
2006,5,9,13,1719
2006,5,9,14,1573
2006,5,9,15,1493
2006,5,9,16,1495
2006,5,9,17,1578
2006,5,9,18,1728
2006,5,9,19,1907
2006,5,9,20,2062
2006,5,9,21,2164
2006,5,9,22,2187
2006,5,9,23,2128
2006,5,10,0,1994
2006,5,10,1,1823
2006,5,10,2,1672
2006,5,10,3,1576
2006,5,10,4,1561
2006,5,10,5,1610
2006,5,10,6,1697
2006,5,10,7,1816
2006,5,10,8,1946
2006,5,10,9,2063
2006,5,10,10,2122
2006,5,10,11,2094
2006,5,10,12,1968
2006,5,10,13,1787
2006,5,10,14,1605
2006,5,10,15,1484
2006,5,10,16,1446
2006,5,10,17,1503
2006,5,10,18,1636
2006,5,10,19,1819
2006,5,10,20,2027
2006,5,10,21,2199
2006,5,10,22,2287
2006,5,10,23,2269
2006,5,11,0,2137
2006,5,11,1,1941
2006,5,11,2,1743
2006,5,11,3,1576
2006,5,11,4,1496
2006,5,11,5,1506
2006,5,11,6,1581
2006,5,11,7,1699
2006,5,11,8,1852
2006,5,11,9,2008
2006,5,11,10,2106
2006,5,11,11,2120
2006,5,11,12,2031
2006,5,11,13,1868
2006,5,11,14,1664
2006,5,11,15,1499
2006,5,11,16,1416
2006,5,11,17,1435
2006,5,11,18,1553
2006,5,11,19,1740
2006,5,11,20,1962
2006,5,11,21,2175
2006,5,11,22,2327
2006,5,11,23,2365
2006,5,12,0,2290
2006,5,12,1,2119
2006,5,12,2,1892
2006,5,12,3,1666
2006,5,12,4,1510
2006,5,12,5,1448
2006,5,12,6,1473
2006,5,12,7,1580
2006,5,12,8,1745
2006,5,12,9,1920
2006,5,12,10,2071
2006,5,12,11,2148
2006,5,12,12,2117
2006,5,12,13,1979
2006,5,12,14,1764
2006,5,12,15,1548
2006,5,12,16,1399
2006,5,12,17,1381
2006,5,12,18,1479
2006,5,12,19,1661
2006,5,12,20,1897
2006,5,12,21,2135
2006,5,12,22,2332
2006,5,12,23,2443
2006,5,13,0,2431
2006,5,13,1,2287
2006,5,13,2,2054
2006,5,13,3,1793
2006,5,13,4,1581
2006,5,13,5,1456
2006,5,13,6,1422
2006,5,13,7,1471
2006,5,13,8,1598
2006,5,13,9,1778
2006,5,13,10,1968
2006,5,13,11,2098
2006,5,13,12,2125
2006,5,13,13,2039
2006,5,13,14,1861
2006,5,13,15,1635
2006,5,13,16,1439
2006,5,13,17,1345
2006,5,13,18,1377
2006,5,13,19,1522
2006,5,13,20,1752
2006,5,13,21,2018
2006,5,13,22,2253
2006,5,13,23,2410
2006,5,14,0,2456
2006,5,14,1,2385
2006,5,14,2,2204
2006,5,14,3,1945
2006,5,14,4,1679
2006,5,14,5,1478
2006,5,14,6,1381
2006,5,14,7,1389
2006,5,14,8,1490
2006,5,14,9,1658
2006,5,14,10,1849
2006,5,14,11,1999
2006,5,14,12,2074
2006,5,14,13,2072
2006,5,14,14,1955
2006,5,14,15,1749
2006,5,14,16,1518
2006,5,14,17,1366
2006,5,14,18,1341
2006,5,14,19,1435
2006,5,14,20,1614
2006,5,14,21,1858
2006,5,14,22,2124
2006,5,14,23,2334
2006,5,15,0,2451
2006,5,15,1,2442
2006,5,15,2,2318
2006,5,15,3,2100
2006,5,15,4,1836
2006,5,15,5,1588
2006,5,15,6,1406
2006,5,15,7,1335
2006,5,15,8,1381
2006,5,15,9,1522
2006,5,15,10,1710
2006,5,15,11,1887
2006,5,15,12,1999
2006,5,15,13,2037
2006,5,15,14,1974
2006,5,15,15,1813
2006,5,15,16,1603
2006,5,15,17,1410
2006,5,15,18,1316
2006,5,15,19,1349
2006,5,15,20,1478
2006,5,15,21,1695
2006,5,15,22,1945
2006,5,15,23,2181
2006,5,16,0,2354
2006,5,16,1,2412
2006,5,16,2,2378
2006,5,16,3,2235
2006,5,16,4,2014
2006,5,16,5,1751
2006,5,16,6,1508
2006,5,16,7,1362
2006,5,16,8,1340
2006,5,16,9,1426
2006,5,16,10,1587
2006,5,16,11,1768
2006,5,16,12,1912
2006,5,16,13,1980
2006,5,16,14,1969
2006,5,16,15,1871
2006,5,16,16,1734
2006,5,16,17,1521
2006,5,16,18,1357
2006,5,16,19,1307
2006,5,16,20,1379
2006,5,16,21,1545
2006,5,16,22,1763
2006,5,16,23,1992
2006,5,17,0,2192
2006,5,17,1,2325
2006,5,17,2,2370
2006,5,17,3,2314
2006,5,17,4,2143
2006,5,17,5,1930
2006,5,17,6,1659
2006,5,17,7,1462
2006,5,17,8,1364
2006,5,27,8,1537
2006,5,27,9,1696
2006,5,27,10,1877
2006,5,27,11,2003
2006,5,27,12,2038
2006,5,27,13,1967
2006,5,27,14,1779
2006,5,27,15,1548
2006,5,27,16,1356
2006,5,27,17,1266
2006,5,27,18,1321
2006,5,27,19,1496
2006,5,27,20,1760
2006,5,27,21,2047
2006,5,27,22,2286
2006,5,27,23,2444
2006,5,28,0,2501
2006,5,28,1,2441
2006,5,28,2,2280
2006,5,28,3,2020
2006,5,28,4,1733
2006,5,28,5,1493
2006,5,28,6,1366
2006,5,28,7,1350
2006,5,28,8,1429
2006,5,28,9,1576
2006,5,28,10,1754
2006,5,28,11,1920
2006,5,28,12,2025
2006,5,28,13,2028
2006,5,28,14,1910
2006,5,28,15,1716
2006,5,28,16,1508
2006,5,28,17,1363
2006,5,28,18,1326
2006,5,28,19,1414
2006,5,28,20,1612
2006,5,28,21,1872
2006,5,28,22,2128
2006,5,28,23,2329
2006,5,29,0,2436
2006,5,29,1,2446
2006,5,29,2,2365
2006,5,29,3,2177
2006,5,29,4,1916
2006,5,29,5,1641
2006,5,29,6,1433
2006,5,29,7,1349
2006,5,29,8,1378
2006,5,29,9,1495
2006,5,29,10,1657
2006,5,29,11,1818
2006,5,29,12,1939
2006,5,29,13,2001
2006,5,29,14,1966
2006,5,29,15,1842
2006,5,29,16,1655
2006,5,29,17,1461
2006,5,29,18,1349
2006,5,29,19,1358
2006,5,29,20,1488
2006,5,29,21,1701
2006,5,29,22,1934
2006,5,29,23,2155
2006,5,30,0,2322
2006,5,30,1,2397
2006,5,30,2,2372
2006,5,30,3,2252
2006,5,30,4,2055
2006,5,30,5,1809
2006,5,30,6,1572
2006,5,30,7,1403
2006,5,30,8,1350
2006,5,30,9,1412
2006,5,30,10,1558
2006,5,30,11,1734
2006,5,30,12,1869
2006,5,30,13,1945
2006,5,30,14,1953
2006,5,30,15,1883
2006,5,30,16,1738
2006,5,30,17,1559
2006,5,30,18,1405
2006,5,30,19,1343
2006,5,30,20,1400
2006,5,30,21,1559
2006,5,30,22,1764
2006,5,30,23,1979
2006,5,31,0,2154
2006,5,31,1,2277
2006,5,31,2,2330
2006,5,31,3,2283
2006,5,31,4,2156
2006,5,31,5,1944
2006,5,31,6,1702
2006,5,31,7,1510
2006,5,31,8,1416
2006,5,31,9,1431
2006,5,31,10,1528
2006,5,31,11,1658
2006,5,31,12,1786
2006,5,31,13,1882
2006,5,31,14,1940
2006,5,31,15,1930
2006,5,31,16,1838
2006,5,31,17,1695
2006,5,31,18,1539
2006,5,31,19,1446
2006,5,31,20,1449
2006,5,31,21,1534
2006,5,31,22,1662
2006,5,31,23,1830
2006,6,1,0,2018
2006,6,1,1,2177
2006,6,1,2,2279
2006,6,1,3,2291
2006,6,1,4,2202
2006,6,1,5,2039
2006,6,1,6,1833
2006,6,1,7,1640
2006,6,1,8,1511
2006,6,1,9,1456
2006,6,1,10,1485
2006,6,1,11,1572
2006,6,1,12,1697
2006,6,1,13,1805
2006,6,1,14,1878
2006,6,1,15,1906
2006,6,1,16,1868
2006,6,1,17,1776
2006,6,1,18,1654
2006,6,1,19,1556
2006,6,1,20,1510
2006,6,1,21,1523
2006,6,1,22,1597
2006,6,1,23,1720
2006,6,2,0,1869
2006,6,2,1,2015
2006,6,2,2,2135
2006,6,2,3,2200
2006,6,2,4,2181
2006,6,2,5,2084
2006,6,2,6,1934
2006,6,2,7,1765
2006,6,2,8,1617
2006,6,2,9,1525
2006,6,2,10,1503
2006,6,2,11,1540
2006,6,2,12,1634
2006,6,2,13,1739
2006,6,2,14,1814
2006,6,2,15,1869
2006,6,2,16,1891
2006,6,2,17,1873
2006,6,2,18,1810
2006,6,2,19,1716
2006,6,2,20,1625
2006,6,2,21,1572
2006,6,2,22,1584
2006,6,2,23,1654
2006,6,3,0,1757
2006,6,3,1,1881
2006,6,3,2,2000
2006,6,3,3,2090
2006,6,3,4,2121
2006,6,3,5,2085
2006,6,3,6,1986
2006,6,3,7,1845
2006,6,3,8,1703
2006,6,3,9,1588
2006,6,3,10,1523
2006,6,3,11,1509
2006,6,3,12,1554
2006,6,3,13,1642
2006,6,3,14,1721
2006,6,3,15,1794
2006,6,3,16,1854
2006,6,3,17,1902
2006,6,3,18,1908
2006,6,3,19,1846
2006,6,3,20,1748
2006,6,3,21,1657
2006,6,3,22,1631
2006,6,3,23,1664
2006,6,4,0,1721
2006,6,4,1,1794
2006,6,4,2,1873
2006,6,4,3,1965
2006,6,4,4,2043
2006,6,4,5,2068
2006,6,4,6,2023
2006,6,4,7,1918
2006,6,4,8,1787
2006,6,4,9,1666
2006,6,4,10,1585
2006,6,4,11,1550
2006,6,4,12,1546
2006,6,4,13,1571
2006,6,4,14,1625
2006,6,4,15,1710
2006,6,4,16,1810
2006,6,4,17,1899
2006,6,4,18,1957
2006,6,4,19,1946
2006,6,4,20,1873
2006,6,4,21,1783
2006,6,4,22,1710
2006,6,4,23,1685
2006,8,8,11,1873
2006,8,8,12,1820
2006,8,8,13,1678
2006,8,8,14,1505
2006,8,8,15,1355
2006,8,8,16,1269
2006,8,8,17,1284
2006,8,8,18,1395
2006,8,8,19,1585
2006,8,8,20,1816
2006,8,8,21,2062
2006,8,8,22,2275
2006,8,8,23,2379
2006,8,9,0,2348
2006,8,9,1,2178
2006,8,9,2,1907
2006,8,9,3,1613
2006,8,9,4,1385
2006,8,9,5,1260
2006,8,9,6,1229
2006,8,9,7,1293
2006,8,9,8,1430
2006,8,9,9,1623
2006,8,9,10,1818
2006,8,9,11,1959
2006,8,9,12,1985
2006,8,9,13,1875
2006,8,9,14,1679
2006,8,9,15,1450
2006,8,9,16,1265
2006,8,9,17,1192
2006,8,9,18,1235
2006,8,9,19,1387
2006,8,9,20,1627
2006,8,9,21,1914
2006,8,9,22,2181
2006,8,9,23,2350
2006,8,10,0,2411
2006,8,10,1,2338
2006,8,10,2,2127
2006,8,10,3,1820
2006,8,10,4,1498
2006,8,10,5,1246
2006,8,10,6,1126
2006,8,10,7,1154
2006,8,10,8,1290
2006,8,10,9,1495
2006,8,10,10,1729
2006,8,10,11,1936
2006,8,10,12,2053
2006,8,10,13,2054
2006,8,10,14,1918
2006,8,10,15,1671
2006,8,10,16,1395
2006,8,10,17,1182
2006,8,10,18,1115
2006,8,10,19,1199
2006,8,10,20,1400
2006,8,10,21,1672
2006,8,10,22,1955
2006,8,10,23,2206
2006,8,11,0,2362
2006,8,11,1,2397
2006,8,11,2,2284
2006,8,11,3,2020
2006,8,11,4,1684
2006,8,11,5,1357
2006,8,11,6,1123
2006,8,11,7,1055
2006,8,11,8,1133
2006,8,11,9,1324
2006,8,11,10,1585
2006,8,11,11,1843
2006,8,11,12,2056
2006,8,11,13,2155
2006,8,11,14,2105
2006,8,11,15,1920
2006,8,11,16,1646
2006,8,11,17,1375
2006,8,11,18,1190
2006,8,11,19,1150
2006,8,11,20,1255
2006,8,11,21,1463
2006,8,11,22,1744
2006,8,11,23,2020
2006,8,12,0,2244
2006,8,12,1,2375
2006,8,12,2,2364
2006,8,12,3,2183
2006,8,12,4,1869
2006,8,12,5,1517
2006,8,12,6,1217
2006,8,12,7,1055
2006,8,12,8,1048
2006,8,12,9,1174
2006,8,12,10,1408
2006,8,12,11,1689
2006,8,12,12,1956
2006,8,12,13,2142
2006,8,12,14,2197
2006,8,12,15,2106
2006,8,12,16,1872
2006,8,12,17,1575
2006,8,12,18,1318
2006,8,12,19,1159
2006,8,12,20,1163
2006,8,12,21,1295
2006,8,12,22,1517
2006,8,12,23,1780
2006,8,13,0,2028
2006,8,13,1,2227
2006,8,13,2,2318
2006,8,13,3,2253
2006,8,13,4,2025
2006,8,13,5,1686
2006,8,13,6,1356
2006,8,13,7,1129
2006,8,13,8,1054
2006,8,13,9,1127
2006,8,13,10,1312
2006,8,13,11,1570
2006,8,13,12,1832
2006,8,13,13,2059
2006,8,13,14,2208
2006,8,13,15,2227
2006,8,13,16,2096
2006,8,13,17,1836
2006,8,13,18,1547
2006,8,13,19,1333
2006,8,13,20,1200
2006,8,13,21,1245
2006,8,13,22,1381
2006,8,13,23,1567
2006,8,14,0,1764
2006,8,14,1,1958
2006,8,14,2,2107
2006,8,14,3,2149
2006,8,14,4,2061
2006,8,14,5,1834
2006,8,14,6,1535
2006,8,14,7,1260
2006,8,14,8,1115
2006,8,14,9,1121
2006,8,14,10,1241
2006,8,14,11,1448
2006,8,14,12,1685
2006,8,14,13,1902
2006,8,14,14,2079
2006,8,14,15,2190
2006,8,14,16,2186
2006,8,14,17,2045
2006,8,14,18,1805
2006,8,14,19,1527
2006,8,14,20,1296
2006,8,14,21,1263
2006,8,14,22,1313
2006,8,14,23,1426
2006,8,15,0,1578
2006,8,15,1,1730
2006,8,15,2,1869
2006,8,15,3,1964
2006,8,15,4,1981
2006,8,15,5,1893
2006,8,15,6,1683
2006,8,15,7,1440
2006,8,15,8,1240
2006,8,15,9,1154
2006,8,15,10,1213
2006,8,15,11,1366
2006,8,15,12,1573
2006,8,15,13,1782
2006,8,15,14,1949
2006,8,15,15,2071
2006,8,15,16,2126
2006,8,15,17,2099
2006,8,15,18,1976
2006,8,15,19,1761
2006,8,15,20,1537
2006,8,15,21,1395
2006,8,15,22,1329
2006,8,15,23,1354
2006,8,16,0,1450
2006,8,16,1,1574
2006,8,16,2,1683
2006,8,16,3,1754
2006,8,16,4,1792
2006,8,16,5,1783
2006,8,16,6,1704
2006,8,16,7,1561
2006,8,16,8,1386
2006,8,16,9,1251
2006,8,16,10,1219
2006,8,16,11,1300
2006,8,16,12,1462
2006,8,16,13,1645
2006,8,16,14,1806
2006,8,16,15,1936
2006,8,16,16,2014
2006,8,16,17,2049
2006,8,16,18,2025
2006,8,16,19,1919
2006,8,16,20,1745
2006,8,16,21,1599
2006,8,16,22,1476
2006,8,16,23,1428
2006,8,17,0,1428
2006,8,17,1,1463
2006,8,17,2,1518
2006,8,17,3,1575
2006,8,17,4,1634
2006,8,17,5,1669
2006,8,17,6,1652
2006,8,17,7,1585
2006,8,17,8,1480
2006,8,17,9,1380
2006,8,17,10,1324
2006,8,17,11,1336
2006,8,17,12,1415
2006,8,17,13,1524
2006,8,17,14,1634
2006,8,17,15,1738
2006,8,17,16,1842
2006,8,17,17,1936
2006,8,17,18,1993
2006,8,17,19,1976
2006,8,17,20,1873
2006,8,17,21,1770
2006,8,17,22,1631
2006,8,17,23,1528
2006,8,18,0,1459
2006,8,18,1,1437
2006,8,18,2,1446
2006,8,18,3,1461
2006,8,18,4,1473
2006,8,18,5,1497
2006,8,18,6,1536
2006,8,18,7,1560
2006,8,18,8,1519
2006,8,18,9,1439
2006,8,18,10,1356
2006,8,18,11,1300
2006,8,18,12,1314
2006,8,18,13,1382
2006,8,18,14,1460
2006,8,18,15,1536
2006,8,18,16,1601
2006,8,18,17,1690
2006,8,18,18,1803
2006,8,18,19,1925
2006,8,18,20,1941
2006,8,18,21,1873
2006,8,18,22,1762
2006,8,18,23,1630
2006,8,19,0,1518
2006,8,19,1,1432
2006,9,12,6,1291
2006,9,12,7,1087
2006,9,12,8,1026
2006,9,12,9,1119
2006,9,12,10,1314
2006,9,12,11,1583
2006,9,12,12,1856
2006,9,12,13,2071
2006,9,12,14,2206
2006,9,12,15,2239
2006,9,12,16,2150
2006,9,12,17,1939
2006,9,12,18,1661
2006,9,12,19,1390
2006,9,12,20,1216
2006,9,12,21,1174
2006,9,12,22,1239
2006,9,12,23,1373
2006,9,13,0,1523
2006,9,13,1,1670
2006,9,13,2,1776
2006,9,13,3,1831
2006,9,13,4,1806
2006,9,13,5,1682
2006,9,13,6,1470
2006,9,13,7,1245
2006,9,13,8,1119
2006,9,13,9,1140
2006,9,13,10,1273
2006,9,13,11,1465
2006,9,13,12,1671
2006,9,13,13,1859
2006,9,13,14,2012
2006,9,13,15,2100
2006,9,13,16,2107
2006,9,13,17,2009
2006,9,13,18,1818
2006,9,13,19,1597
2006,9,13,20,1411
2006,9,13,21,1307
2006,9,13,22,1298
2006,9,13,23,1344
2006,9,14,0,1419
2006,9,14,1,1514
2006,9,14,2,1606
2006,9,14,3,1673
2006,9,14,4,1691
2006,9,14,5,1657
2006,9,14,6,1547
2006,9,14,7,1389
2006,9,14,8,1257
2006,9,14,9,1213
2006,9,14,10,1273
2006,9,14,11,1397
2006,9,14,12,1556
2006,9,14,13,1699
2006,9,14,14,1819
2006,9,14,15,1927
2006,9,14,16,1989
2006,9,14,17,1995
2006,9,14,18,1930
2006,9,14,19,1795
2006,9,14,20,1630
2006,9,14,21,1493
2006,9,14,22,1426
2006,9,14,23,1408
2006,9,15,0,1432
2006,9,15,1,1496
2006,9,15,2,1543
2006,9,15,3,1577
2006,9,15,4,1605
2006,9,15,5,1628
2006,9,15,6,1616
2006,9,15,7,1545
2006,9,15,8,1449
2006,9,15,9,1370
2006,9,15,10,1344
2006,9,15,11,1382
2006,9,15,12,1478
2006,9,15,13,1594
2006,9,15,14,1698
2006,9,15,15,1793
2006,9,15,16,1869
2006,9,15,17,1915
2006,9,15,18,1943
2006,9,15,19,1910
2006,9,15,20,1814
2006,9,15,21,1700
2006,9,15,22,1611
2006,9,15,23,1549
2006,9,16,0,1519
2006,9,16,1,1512
2006,9,16,2,1509
2006,9,16,3,1522
2006,9,16,4,1555
2006,9,16,5,1602
2006,9,16,6,1640
2006,9,16,7,1638
2006,9,16,8,1599
2006,9,16,9,1546
2006,9,16,10,1499
2006,9,16,11,1491
2006,9,16,12,1499
2006,9,16,13,1527
2006,9,16,14,1579
2006,9,16,15,1634
2006,9,16,16,1728
2006,9,16,17,1821
2006,9,16,18,1884
2006,9,16,19,1923
2006,9,16,20,1932
2006,9,16,21,1910
2006,9,16,22,1842
2006,9,16,23,1741
2006,9,17,0,1635
2006,9,17,1,1557
2006,9,17,2,1512
2006,9,17,3,1494
2006,9,17,4,1503
2006,9,17,5,1543
2006,9,17,6,1614
2006,9,17,7,1688
2006,9,17,8,1735
2006,9,17,9,1739
2006,9,17,10,1687
2006,9,17,11,1620
2006,9,17,12,1566
2006,9,17,13,1536
2006,9,17,14,1540
2006,9,17,15,1575
2006,9,17,16,1635
2006,9,17,17,1706
2006,9,17,18,1802
2006,9,17,19,1908
2006,9,17,20,1986
2006,9,17,21,2019
2006,9,17,22,1997
2006,9,17,23,1901
2006,9,18,0,1753
2006,9,18,1,1604
2006,9,18,2,1483
2006,9,18,3,1416
2006,9,18,4,1416
2006,9,18,5,1464
2006,9,18,6,1537
2006,9,18,7,1621
2006,9,18,8,1706
2006,9,18,9,1760
2006,9,18,10,1769
2006,9,18,11,1729
2006,9,18,12,1649
2006,9,18,13,1549
2006,9,18,14,1475
2006,9,18,15,1462
2006,9,18,16,1487
2006,9,18,17,1557
2006,9,18,18,1675
2006,9,18,19,1815
2006,9,18,20,1948
2006,9,18,21,2041
2006,9,18,22,2067
2006,9,18,23,2011
2006,9,19,0,1878
2006,9,19,1,1704
2006,9,19,2,1531
2006,9,19,3,1397
2006,9,19,4,1347
2006,9,19,5,1366
2006,9,19,6,1440
2006,9,19,7,1556
2006,9,19,8,1690
2006,9,19,9,1816
2006,9,19,10,1885
2006,9,19,11,1879
2006,9,19,12,1790
2006,9,19,13,1648
2006,9,19,14,1503
2006,9,19,15,1406
2006,9,19,16,1385
2006,9,19,17,1445
2006,9,19,18,1565
2006,9,19,19,1716
2006,9,19,20,1887
2006,9,19,21,2034
2006,9,19,22,2118
2006,9,19,23,2106
2006,9,20,0,1996
2006,9,20,1,1826
2006,9,20,2,1633
2006,9,20,3,1458
2006,9,20,4,1350
2006,9,20,5,1335
2006,9,20,6,1399
2006,9,20,7,1514
2006,9,20,8,1665
2006,9,20,9,1832
2006,9,20,10,1962
2006,9,20,11,2011
2006,9,20,12,1954
2006,9,20,13,1806
2006,9,20,14,1610
2006,9,20,15,1439
2006,9,20,16,1353
2006,9,20,17,1368
2006,9,20,18,1474
2006,9,20,19,1626
2006,9,20,20,1798
2006,9,20,21,1978
2006,9,20,22,2115
2006,9,20,23,2156
2006,9,21,0,2105
2006,9,21,1,1952
2006,9,21,2,1724
2006,9,21,3,1495
2006,9,21,4,1322
2006,9,21,5,1250
2006,9,21,6,1281
2006,9,21,7,1406
2006,9,21,8,1578
2006,9,21,9,1770
2006,9,21,10,1949
2006,9,21,11,2031
2006,9,21,12,2017
2006,9,21,13,1902
2006,9,21,14,1713
2006,9,21,15,1501
2006,9,21,16,1328
2006,9,21,17,1263
2006,9,21,18,1313
2006,9,21,19,1458
2006,9,21,20,1649
2006,9,21,21,1858
2006,9,21,22,2040
2006,9,21,23,2130
2006,9,22,0,2113
2006,9,22,1,1992
2006,9,22,2,1788
2006,9,22,3,1548
2006,9,22,4,1343
2006,9,22,5,1222
2006,9,22,6,1223
2006,9,22,7,1334
2006,9,22,8,1520
2006,9,22,9,1744
2006,9,22,10,1948
2006,9,22,11,2088
2006,9,22,12,2115
2006,9,22,13,2023
2006,9,22,14,1842
2006,9,22,15,1603
2006,9,22,16,1380
2006,9,22,17,1249
2006,9,22,18,1247
2006,9,22,19,1353
2006,9,22,20,1522
2006,9,22,21,1732
2006,9,22,22,1935
2006,9,22,23,2082
2006,9,23,0,2135
2006,9,23,1,2065
2006,9,23,2,1890
2006,9,23,3,1643
2006,9,23,4,1401
2006,9,23,5,1237
2006,9,23,6,1204
2006,9,23,7,1306
2006,9,23,8,1474
2006,9,23,9,1689
2006,9,23,10,1917
2006,9,23,11,2098
2006,9,23,12,2180
2006,9,23,13,2143
2006,9,23,14,1993
2006,9,23,15,1753
2006,9,23,16,1484
2006,9,23,17,1280
2006,9,23,18,1207
2006,9,23,19,1275
2006,9,23,20,1429
2006,9,23,21,1634
2006,9,23,22,1834
2006,9,23,23,2000
2006,9,24,0,2092
2006,9,24,1,2083
2006,9,24,2,1961
2006,9,24,3,1743
2006,9,24,4,1494
2006,9,24,5,1288
2006,9,24,6,1201
2006,9,24,7,1252
2006,9,24,8,1397
2006,9,24,9,1601
2006,9,24,10,1848
2006,9,24,11,2076
2006,9,24,12,2215
2006,9,24,13,2230
2006,9,24,14,2127
2006,9,24,15,1908
2006,9,24,16,1632
2006,9,24,17,1378
2006,9,24,18,1222
2006,9,24,19,1211
2006,9,24,20,1309
2006,9,24,21,1490
2006,9,24,22,1712
2006,9,24,23,1886
2006,9,25,0,1991
2006,9,25,1,2013
2006,9,25,2,1942
2006,9,25,3,1776
2006,9,25,4,1551
2006,9,25,5,1320
2006,9,25,6,1166
2006,9,25,7,1149
2006,9,25,8,1271
2006,9,25,9,1489
2006,9,25,10,1748
2006,9,25,11,1997
2006,9,25,12,2165
2006,9,25,13,2228
2006,9,25,14,2180
2006,9,25,15,2015
2006,9,25,16,1767
2006,9,25,17,1505
2006,9,25,18,1293
2006,9,25,19,1201
2006,9,25,20,1238
2006,9,25,21,1374
2006,9,25,22,1580
2006,9,25,23,1777
2006,9,26,0,1926
2006,9,26,1,1989
2006,9,26,2,1955
2006,9,26,3,1833
2006,9,26,4,1638
2006,9,26,5,1420
2006,9,26,6,1244
2006,9,26,7,1173
2006,9,26,8,1238
2006,9,26,9,1419
2006,9,26,10,1676
2006,9,26,11,1932
2006,9,26,12,2129
2006,9,26,13,2224
2006,9,26,14,2217
2006,9,26,15,2115
2006,9,26,16,1918
2006,9,26,17,1671
2006,9,26,18,1429
2006,9,26,19,1266
2006,9,26,20,1231
2006,9,26,21,1321
2006,9,26,22,1501
2006,9,26,23,1689
2006,9,27,0,1832
2006,9,27,1,1907
2006,9,27,2,1906
2006,9,27,3,1833
2006,9,27,4,1694
2006,9,27,5,1509
2006,9,27,6,1323
2006,9,27,7,1204
2006,9,27,8,1211
2006,9,27,9,1334
2006,9,27,10,1547
2006,9,27,11,1799
2006,9,27,12,2017
2006,9,27,13,2153
2006,9,27,14,2178
2006,9,27,15,2114
2006,9,27,16,1978
2006,9,27,17,1777
2006,9,27,18,1551
2006,9,27,19,1362
2006,9,27,20,1266
2006,9,27,21,1287
2006,9,27,22,1404
2006,9,27,23,1563
2006,9,28,0,1704
2006,9,28,1,1804
2006,9,28,2,1846
2006,9,28,3,1822
2006,9,28,4,1730
2006,9,28,5,1583
2006,9,28,6,1411
2006,9,28,7,1270
2006,9,28,8,1224
2006,9,28,9,1290
2006,9,28,10,1463
2006,9,28,11,1676
2006,9,28,12,1879
2006,9,28,13,2030
2006,9,28,14,2110
2006,9,28,15,2123
2006,9,28,16,2052
2006,9,28,17,1895
2006,9,28,18,1686
2006,9,28,19,1486
2006,9,28,20,1374
2006,9,28,21,1354
2006,9,28,22,1401
2006,9,28,23,1491
2006,9,29,0,1597
2006,9,29,1,1686
2006,9,29,2,1748
2006,9,29,3,1777
2006,9,29,4,1736
2006,9,29,5,1627
2006,9,29,6,1486
2006,9,29,7,1360
2006,9,29,8,1292
2006,9,29,9,1301
2006,9,29,10,1400
2006,9,29,11,1558
2006,9,29,12,1737
2006,9,29,13,1894
2006,9,29,14,2003
2006,9,29,15,2042
2006,9,29,16,2017
2006,9,29,17,1930
2006,9,29,18,1785
2006,9,29,19,1624
2006,9,29,20,1482
2006,9,29,21,1399
2006,9,29,22,1379
2006,9,29,23,1410
2006,9,30,0,1472
2006,9,30,1,1539
2006,9,30,2,1600
2006,9,30,3,1638
2006,9,30,4,1647
2006,9,30,5,1615
2006,9,30,6,1535
2006,9,30,7,1430
2006,9,30,8,1345
2006,9,30,9,1326
2006,9,30,10,1374
2006,9,30,11,1476
2006,9,30,12,1604
2006,9,30,13,1735
2006,9,30,14,1844
2006,9,30,15,1923
2006,9,30,16,1971
2006,9,30,17,1964
2006,9,30,18,1891
2006,9,30,19,1766
2006,9,30,20,1637
2006,9,30,21,1533
2006,9,30,22,1472
2006,9,30,23,1443
2006,10,1,0,1447
2006,10,1,1,1477
2006,10,1,2,1514
2006,10,1,3,1558
2006,10,1,4,1596
2006,10,1,5,1611
2006,10,1,6,1594
2006,10,1,7,1535
2006,10,1,8,1459
2006,10,1,9,1399
2006,10,1,10,1382
2006,10,1,11,1416
2006,10,1,12,1479
2006,10,1,13,1562
2006,10,1,14,1658
2006,10,1,15,1762
2006,10,1,16,1847
2006,10,1,17,1905
2006,10,1,18,1917
2006,10,1,19,1877
2006,10,1,20,1790
2006,10,1,21,1681
2006,10,1,22,1562
2006,10,1,23,1472
2006,10,2,0,1405
2006,10,2,1,1380
2006,10,2,2,1395
2006,10,2,3,1445
2006,10,2,4,1487
2006,10,2,5,1538
2006,10,2,6,1583
2006,10,2,7,1594
2006,10,2,8,1571
2006,10,2,9,1523
2006,10,2,10,1480
2006,10,2,11,1450
2006,10,2,12,1433
2006,10,2,13,1448
2006,10,2,14,1505
2006,10,2,15,1588
2006,10,2,16,1687
2006,10,2,17,1794
2006,10,2,18,1891
2006,10,2,19,1951
2006,10,2,20,1951
2006,10,2,21,1882
2006,10,2,22,1767
2006,10,2,23,1626
2006,10,3,0,1493
2006,10,3,1,1400
2006,10,3,2,1341
2006,10,3,3,1330
2006,10,3,4,1381
2006,10,3,5,1456
2006,10,3,6,1559
2006,10,3,7,1659
2006,10,3,8,1715
2006,10,3,9,1712
2006,10,3,10,1663
2006,10,3,11,1586
2006,10,3,12,1506
2006,10,3,13,1432
2006,10,3,14,1402
2006,10,3,15,1429
2006,10,3,16,1522
2006,10,3,17,1658
2006,10,3,18,1802
2006,10,3,19,1939
2006,10,3,20,2039
2006,10,3,21,2069
2006,10,3,22,2002
2006,10,3,23,1857
2006,10,4,0,1665
2006,10,4,1,1483
2006,10,4,2,1345
2006,10,4,3,1284
2006,10,4,4,1289
2006,10,4,5,1368
2006,10,4,6,1509
2006,10,4,7,1666
2006,10,4,8,1812
2006,10,4,9,1899
2006,10,4,10,1899
2006,10,4,11,1812
2006,10,4,12,1666
2006,10,4,13,1506
2006,10,4,14,1392
2006,10,4,15,1334
2006,10,4,16,1361
2006,10,4,17,1475
2006,10,4,18,1646
2006,10,4,19,1851
2006,10,4,20,2040
2006,10,4,21,2159
2006,10,4,22,2171
2006,10,4,23,2068
2006,10,5,0,1862
2006,10,5,1,1613
2006,10,5,2,1382
2006,10,5,3,1224
2006,10,5,4,1172
2006,10,5,5,1235
2006,10,5,6,1391
2006,10,5,7,1585
2006,10,5,8,1798
2006,10,5,9,1976
2006,10,5,10,2074
2006,10,5,11,2059
2006,10,5,12,1919
2006,10,5,13,1690
2006,10,5,14,1449
2006,10,5,15,1275
2006,10,5,16,1224
2006,10,5,17,1289
2006,10,5,18,1430
2006,10,5,19,1631
2006,10,5,20,1865
2006,10,5,21,2092
2006,10,5,22,2229
2006,10,5,23,2220
2006,10,6,0,2064
2006,10,6,1,1800
2006,10,6,2,1494
2006,10,6,3,1247
2006,10,6,4,1111
2006,10,6,5,1114
2006,10,6,6,1246
2006,10,6,7,1457
2006,10,6,8,1724
2006,10,6,9,1988
2006,10,6,10,2186
2006,10,6,11,2247
2006,10,6,12,2150
2006,10,6,13,1929
2006,10,6,14,1633
2006,10,6,15,1354
2006,10,6,16,1163
2006,10,6,17,1104
2006,10,6,18,1194
2006,10,6,19,1400
2006,10,6,20,1659
2006,10,6,21,1926
2006,10,6,22,2135
2006,10,6,23,2228
2006,10,7,0,2171
2006,10,7,1,1972
2006,10,7,2,1670
2006,10,7,3,1350
2006,10,7,4,1111
2006,10,7,5,1024
2006,10,7,6,1108
2006,10,7,7,1310
2006,10,7,8,1590
2006,10,7,9,1895
2006,10,7,10,2172
2006,10,7,11,2364
2006,10,7,12,2391
2006,10,7,13,2247
2006,10,7,14,1955
2006,10,7,15,1603
2006,10,7,16,1299
2006,10,7,17,1112
2006,10,7,18,1083
2006,10,7,19,1192
2006,10,7,20,1408
2006,10,7,21,1682
2006,10,7,22,1943
2006,10,7,23,2144
2006,10,8,0,2208
2006,10,8,1,2104
2006,10,8,2,1850
2006,10,8,3,1516
2006,10,8,4,1218
2006,10,8,5,1047
2006,10,8,6,1056
2006,10,8,7,1210
2006,10,8,8,1453
2006,10,8,9,1761
2006,10,8,10,2081
2006,10,8,11,2346
2006,10,8,12,2488
2006,10,8,13,2455
2006,10,8,14,2239
2006,10,8,15,1890
2006,10,8,16,1521
2006,10,8,17,1221
2006,10,8,18,1065
2006,10,8,19,1064
2006,10,8,20,1201
2006,10,8,21,1435
2006,10,8,22,1695
2006,10,8,23,1932
2006,10,9,0,2079
2006,10,9,1,2097
2006,10,9,2,1968
2006,10,9,3,1703
2006,10,9,4,1391
2006,10,9,5,1131
2006,10,9,6,1024
2006,10,9,7,1085
2006,10,9,8,1275
2006,10,9,9,1555
2006,10,9,10,1875
2006,10,9,11,2174
2006,10,9,12,2388
2006,10,9,13,2467
2006,10,9,14,2382
2006,10,9,15,2126
2006,10,9,16,1770
2006,10,9,17,1415
2006,10,9,18,1156
2006,10,9,19,1055
2006,10,9,20,1097
2006,10,9,21,1245
2006,10,9,22,1452
2006,10,9,23,1676
2006,10,10,0,1875
2006,10,10,1,1988
2006,10,10,2,1979
2006,10,10,3,1817
2006,10,10,4,1543
2006,10,10,5,1252
2006,10,10,6,1055
2006,10,10,7,1020
2006,10,10,8,1145
2006,10,10,9,1376
2006,10,10,10,1665
2006,10,10,11,1951
2006,10,10,12,2185
2006,10,10,13,2325
2006,10,10,14,2345
2006,10,10,15,2218
2006,10,10,16,1956
2006,10,10,17,1628
2006,10,10,18,1318
2006,10,10,19,1124
2006,10,10,20,1077
2006,10,10,21,1151
2006,10,10,22,1302
2006,10,10,23,1478
2006,10,11,0,1654
2006,10,11,1,1800
2006,10,11,2,1878
2006,10,11,3,1838
2006,10,11,4,1667
2006,10,11,5,1420
2006,10,11,6,1203
2006,10,11,7,1099
2006,10,11,8,1132
2006,10,11,9,1285
2006,10,11,10,1510
2006,10,11,11,1758
2006,10,11,12,1995
2006,10,11,13,2173
2006,10,11,14,2266
2006,10,11,15,2252
2006,10,11,16,2106
2006,10,11,17,1858
2006,10,11,18,1566
2006,10,11,19,1319
2006,10,11,20,1197
2006,10,11,21,1188
2006,10,11,22,1264
2006,10,11,23,1381
2006,10,12,0,1513
2006,10,12,1,1640
2006,10,12,2,1737
2006,10,12,3,1779
2006,10,12,4,1717
2006,10,12,5,1565
2006,10,12,6,1373
2006,10,12,7,1218
2006,10,12,8,1172
2006,10,12,9,1248
2006,10,12,10,1419
2006,10,12,11,1617
2006,10,12,12,1809
2006,10,12,13,1973
2006,10,12,14,2085
2006,10,12,15,2135
2006,10,12,16,2098
2006,10,12,17,1964
2006,10,12,18,1748
2006,10,12,19,1532
2006,10,12,20,1377
2006,10,12,21,1310
2006,10,12,22,1319
2006,10,12,23,1374
2006,10,13,0,1451
2006,10,13,1,1530
2006,10,13,2,1613
2006,10,13,3,1685
2006,10,13,4,1709
2006,10,13,5,1663
2006,10,13,6,1548
2006,10,13,7,1410
2006,10,13,8,1315
2006,10,13,9,1313
2006,10,13,10,1408
2006,10,13,11,1547
2006,10,13,12,1700
2006,10,13,13,1839
2006,10,13,14,1933
2006,10,13,15,1985
2006,10,13,16,2007
2006,10,13,17,1985
2006,10,13,18,1883
2006,10,13,19,1732
2006,10,13,20,1586
2006,10,13,21,1477
2006,10,13,22,1428
2006,10,13,23,1428
2006,10,14,0,1456
2006,10,14,1,1502
2006,10,14,2,1542
2006,10,14,3,1584
2006,10,14,4,1632
2006,10,14,5,1661
2006,10,14,6,1647
2006,10,14,7,1568
2006,10,14,8,1469
2006,10,14,9,1418
2006,10,14,10,1435
2006,10,14,11,1506
2006,10,14,12,1601
2006,10,14,13,1695
2006,10,14,14,1770
2006,10,14,15,1831
2006,10,14,16,1882
2006,10,14,17,1923
2006,10,14,18,1928
2006,10,14,19,1874
2006,10,14,20,1767
2006,10,14,21,1651
2006,10,14,22,1563
2006,10,14,23,1515
2006,10,15,0,1499
2006,10,15,1,1497
2006,10,15,2,1500
2006,10,15,3,1522
2006,10,15,4,1567
2006,10,15,5,1624
2006,10,15,6,1669
2006,10,15,7,1671
2006,10,15,8,1621
2006,10,15,9,1562
2006,10,15,10,1534
2006,10,15,11,1536
2006,10,15,12,1564
2006,10,15,13,1604
2006,10,15,14,1653
2006,10,15,15,1703
2006,10,15,16,1765
2006,10,15,17,1832
2006,10,15,18,1890
2006,10,15,19,1909
2006,10,15,20,1872
2006,10,15,21,1796
2006,10,15,22,1704
2006,10,15,23,1614
2006,10,16,0,1542
2006,10,16,1,1490
2006,10,16,2,1473
2006,10,16,3,1479
2006,10,16,4,1516
2006,10,16,5,1576
2006,10,16,6,1649
2006,10,16,7,1711
2006,10,16,8,1734
2006,10,16,9,1719
2006,10,16,10,1674
2006,10,16,11,1619
2006,10,16,12,1573
2006,10,16,13,1549
2006,10,16,14,1548
2006,10,16,15,1577
2006,10,16,16,1633
2006,10,16,17,1706
2006,10,16,18,1792
2006,10,16,19,1867
2006,10,16,20,1910
2006,10,16,21,1895
2006,10,16,22,1828
2006,10,16,23,1729
2006,10,17,0,1615
2006,10,17,1,1510
2006,10,17,2,1433
2006,10,17,3,1396
2006,10,17,4,1421
2006,10,17,5,1497
2006,10,17,6,1600
2006,10,17,7,1709
2006,10,17,8,1793
2006,10,17,9,1836
2006,10,17,10,1819
2006,10,17,11,1755
2006,10,17,12,1665
2006,10,17,13,1567
2006,10,17,14,1494
2006,10,17,15,1474
2006,10,17,16,1509
2006,10,17,17,1587
2006,10,17,18,1685
2006,10,17,19,1795
2006,10,17,20,1893
2006,10,17,21,1941
2006,10,17,22,1922
2006,10,17,23,1831
2006,10,18,0,1692
2006,10,18,1,1539
2006,10,18,2,1411
2006,10,18,3,1333
2006,10,18,4,1332
2006,10,18,5,1405
2006,10,18,6,1529
2006,10,18,7,1679
2006,10,18,8,1808
2006,10,18,9,1902
2006,10,18,10,1934
2006,10,18,11,1879
2006,10,18,12,1760
2006,10,18,13,1608
2006,10,18,14,1474
2006,10,18,15,1400
2006,10,18,16,1398
2006,10,18,17,1455
2006,10,18,18,1546
2006,10,18,19,1669
2006,10,18,20,1812
2006,10,18,21,1920
2006,10,18,22,1956
2006,10,18,23,1908
2006,10,19,0,1778
2006,10,19,1,1595
2006,10,19,2,1419
2006,10,19,3,1301
2006,10,19,4,1270
2006,10,19,5,1333
2006,10,19,6,1463
2006,10,19,7,1625
2006,10,19,8,1793
2006,10,19,9,1931
2006,10,19,10,2012
2006,10,19,11,2000
2006,10,19,12,1896
2006,10,19,13,1719
2006,10,19,14,1520
2006,10,19,15,1366
2006,10,19,16,1300
2006,10,19,17,1326
2006,10,19,18,1417
2006,10,19,19,1558
2006,10,19,20,1720
2006,10,19,21,1859
2006,10,19,22,1939
2006,10,19,23,1937
2006,10,20,0,1844
2006,10,20,1,1665
2006,10,20,2,1459
2006,10,20,3,1292
2006,10,20,4,1204
2006,10,20,5,1226
2006,10,20,6,1353
2006,10,20,7,1531
2006,10,20,8,1723
2006,10,20,9,1906
2006,10,20,10,2037
2006,10,20,11,2069
2006,10,20,12,2001
2006,10,20,13,1832
2006,10,20,14,1600
2006,10,20,15,1385
2006,10,20,16,1254
2006,10,20,17,1228
2006,10,20,18,1294
2006,10,20,19,1436
2006,10,20,20,1614
2006,10,20,21,1779
2006,10,20,22,1900
2006,10,20,23,1946
2006,10,21,0,1891
2006,10,21,1,1746
2006,10,21,2,1538
2006,10,21,3,1325
2006,10,21,4,1173
2006,10,21,5,1151
2006,10,21,6,1262
2006,10,21,7,1447
2006,10,21,8,1675
2006,10,21,9,1895
2006,10,21,10,2059
2006,10,21,11,2127
2006,10,21,12,2093
2006,10,21,13,1952
2006,10,21,14,1727
2006,10,21,15,1475
2006,10,21,16,1266
2006,10,21,17,1160
2006,10,21,18,1178
2006,10,21,19,1297
2006,10,21,20,1480
2006,10,21,21,1671
2006,10,21,22,1825
2006,10,21,23,1906
2006,10,22,0,1898
2006,10,22,1,1791
2006,10,22,2,1593
2006,10,22,3,1357
2006,10,22,4,1165
2006,10,22,5,1091
2006,10,22,6,1162
2006,10,22,7,1327
2006,10,22,8,1549
2006,10,22,9,1789
2006,10,22,10,1999
2006,10,22,11,2134
2006,10,22,12,2164
2006,10,22,13,2062
2006,10,22,14,1838
2006,10,22,15,1558
2006,10,22,16,1292
2006,10,22,17,1133
2006,10,22,18,1106
2006,10,22,19,1185
2006,10,22,20,1341
2006,10,22,21,1522
2006,10,22,22,1697
2006,10,22,23,1836
2006,10,23,0,1893
2006,10,23,1,1841
2006,10,23,2,1670
2006,10,23,3,1427
2006,10,23,4,1205
2006,10,23,5,1088
2006,10,23,6,1111
2006,10,23,7,1244
2006,10,23,8,1459
2006,10,23,9,1709
2006,10,23,10,1948
2006,10,23,11,2131
2006,10,23,12,2204
2006,10,23,13,2146
2006,10,23,14,1963
2006,10,23,15,1698
2006,10,23,16,1409
2006,10,23,17,1184
2006,10,23,18,1083
2006,10,23,19,1110
2006,10,23,20,1230
2006,10,23,21,1405
2006,10,23,22,1603
2006,10,23,23,1766
2006,10,24,0,1855
2006,10,24,1,1855
2006,10,24,2,1737
2006,10,24,3,1532
2006,10,24,4,1302
2006,10,24,5,1134
2006,10,24,6,1097
2006,10,24,7,1182
2006,10,24,8,1369
2006,10,24,9,1613
2006,10,24,10,1868
2006,10,24,11,2082
2006,10,24,12,2199
2006,10,24,13,2194
2006,10,24,14,2064
2006,10,24,15,1833
2006,10,24,16,1558
2006,10,24,17,1301
2006,10,24,18,1129
2006,10,24,19,1083
2006,10,24,20,1150
2006,10,24,21,1305
2006,10,24,22,1502
2006,10,24,23,1678
2006,10,25,0,1793
2006,10,25,1,1819
2006,10,25,2,1754
2006,10,25,3,1609
2006,10,25,4,1408
2006,10,25,5,1225
2006,10,25,6,1119
2006,10,25,7,1141
2006,10,25,8,1282
2006,10,25,9,1508
2006,10,25,10,1769
2006,10,25,11,1995
2006,10,25,12,2146
2006,10,25,13,2200
2006,10,25,14,2142
2006,10,25,15,1975
2006,10,25,16,1723
2006,10,25,17,1450
2006,10,25,18,1238
2006,10,25,19,1129
2006,10,25,20,1140
2006,10,25,21,1243
2006,10,25,22,1401
2006,10,25,23,1566
2006,10,26,0,1701
2006,10,26,1,1779
2006,10,26,2,1772
2006,10,26,3,1678
2006,10,26,4,1508
2006,10,26,5,1314
2006,10,26,6,1167
2006,10,26,7,1133
2006,10,26,8,1218
2006,10,26,9,1391
2006,10,26,10,1622
2006,10,26,11,1848
2006,10,26,12,2034
2006,10,26,13,2143
2006,10,26,14,2154
2006,10,26,15,2059
2006,10,26,16,1861
2006,10,26,17,1603
2006,10,26,18,1351
2006,10,26,19,1188
2006,10,26,20,1145
2006,10,26,21,1192
2006,10,26,22,1286
2006,10,26,23,1442
2006,10,27,0,1585
2006,10,27,1,1680
2006,10,27,2,1722
2006,10,27,3,1684
2006,10,27,4,1560
2006,10,27,5,1396
2006,10,27,6,1246
2006,10,27,7,1160
2006,10,27,8,1176
2006,10,27,9,1302
2006,10,27,10,1493
2006,10,27,11,1707
2006,10,27,12,1898
2006,10,27,13,2031
2006,10,27,14,2094
2006,10,27,15,2077
2006,10,27,16,1968
2006,10,27,17,1765
2006,10,27,18,1524
2006,10,27,19,1321
2006,10,27,20,1213
2006,10,27,21,1205
2006,10,27,22,1271
2006,10,27,23,1378
2006,10,28,0,1488
2006,10,28,1,1577
2006,10,28,2,1641
2006,10,28,3,1664
2006,10,28,4,1619
2006,10,28,5,1505
2006,10,28,6,1373
2006,10,28,7,1266
2006,10,28,8,1228
2006,10,28,9,1276
2006,10,28,10,1397
2006,10,28,11,1565
2006,10,28,12,1755
2006,10,28,13,1916
2006,10,28,14,2012
2006,10,28,15,2051
2006,10,28,16,2012
2006,10,28,17,1891
2006,10,28,18,1709
2006,10,28,19,1516
2006,10,28,20,1381
2006,10,28,21,1299
2006,10,28,22,1289
2006,10,28,23,1344
2006,10,29,0,1421
2006,10,29,1,1510
2006,10,29,2,1577
2006,10,29,3,1627
2006,10,29,4,1645
2006,10,29,5,1611
2006,10,29,6,1526
2006,10,29,7,1417
2006,10,29,8,1334
2006,10,29,9,1320
2006,10,29,10,1372
2006,10,29,11,1476
2006,10,29,12,1616
2006,10,29,13,1759
2006,10,29,14,1886
2006,10,29,15,1972
2006,10,29,16,2007
2006,10,29,17,1971
2006,10,29,18,1867
2006,10,29,19,1721
2006,10,29,20,1571
2006,10,29,21,1450
2006,10,29,22,1377
2006,10,29,23,1370
2006,10,30,0,1401
2006,10,30,1,1458
2006,10,30,2,1518
2006,10,30,3,1583
2006,10,30,4,1647
2006,10,30,5,1679
2006,10,30,6,1660
2006,10,30,7,1584
2006,10,30,8,1485
2006,10,30,9,1425
2006,10,30,10,1416
2006,10,30,11,1454
2006,10,30,12,1534
2006,10,30,13,1622
2006,10,30,14,1729
2006,10,30,15,1828
2006,10,30,16,1909
2006,10,30,17,1969
2006,10,30,18,1958
2006,10,30,19,1887
2006,10,30,20,1766
2006,10,30,21,1620
2006,10,30,22,1491
2006,10,30,23,1391
2006,10,31,0,1360
2006,10,31,1,1374
2006,10,31,2,1406
2006,10,31,3,1464
2006,10,31,4,1547
2006,10,31,5,1638
2006,10,31,6,1706
2006,10,31,7,1720
2006,10,31,8,1672
2006,10,31,9,1596
2006,10,31,10,1519
2006,10,31,11,1472
2006,10,31,12,1465
2006,10,31,13,1495
2006,10,31,14,1559
2006,10,31,15,1652
2006,10,31,16,1770
2006,10,31,17,1883
2006,10,31,18,1951
2006,10,31,19,1964
2006,10,31,20,1917
2006,10,31,21,1808
2006,10,31,22,1660
2006,10,31,23,1501
2006,11,1,0,1372
2006,11,1,1,1297
2006,11,1,2,1284
2006,11,1,3,1330
2006,11,1,4,1427
2006,11,1,5,1564
2006,11,1,6,1700
2006,11,1,7,1803
2006,11,1,8,1841
2006,11,1,9,1804
2006,11,1,10,1708
2006,11,1,11,1590
2006,11,1,12,1489
2006,11,1,13,1430
2006,11,1,14,1426
2006,11,1,15,1475
2006,11,1,16,1566
2006,11,1,17,1699
2006,11,1,18,1830
2006,11,1,19,1937
2006,11,1,20,1995
2006,11,1,21,1962
2006,11,1,22,1838
2006,11,1,23,1653
2006,11,2,0,1454
2006,11,2,1,1305
2006,11,2,2,1234
2006,11,2,3,1243
2006,11,2,4,1322
2006,11,2,5,1464
2006,11,2,6,1652
2006,11,2,7,1836
2006,11,2,8,1969
2006,11,2,9,2018
2006,11,2,10,1962
2006,11,2,11,1820
2006,11,2,12,1637
2006,11,2,13,1466
2006,11,2,14,1350
2006,11,2,15,1305
2006,11,2,16,1353
2006,11,2,17,1476
2006,11,2,18,1644
2006,11,2,19,1816
2006,11,2,20,1961
2006,11,2,21,2021
2006,11,2,22,1976
2006,11,2,23,1834
2006,11,3,0,1610
2006,11,3,1,1374
2006,11,3,2,1193
2006,11,3,3,1127
2006,11,3,4,1175
2006,11,3,5,1316
2006,11,3,6,1530
2006,11,3,7,1771
2006,11,3,8,1994
2006,11,3,9,2148
2006,11,3,10,2181
2006,11,3,11,2076
2006,11,3,12,1872
2006,11,3,13,1622
2006,11,3,14,1392
2006,11,3,15,1240
2006,11,3,16,1199
2006,11,3,17,1261
2006,11,3,18,1400
2006,11,3,19,1593
2006,11,3,20,1800
2006,11,3,21,1962
2006,11,3,22,2022
2006,11,3,23,1964
2006,11,4,0,1791
2006,11,4,1,1540
2006,11,4,2,1283
2006,11,4,3,1109
2006,11,4,4,1080
2006,11,4,5,1192
2006,11,4,6,1406
2006,11,4,7,1663
2006,11,4,8,1920
2006,11,4,9,2156
2006,11,4,10,2310
2006,11,4,11,2333
2006,11,4,12,2185
2006,11,4,13,1900
2006,11,4,14,1577
2006,11,4,15,1306
2006,11,4,16,1155
2006,11,4,17,1140
2006,11,4,18,1222
2006,11,4,19,1370
2006,11,4,20,1577
2006,11,4,21,1801
2006,11,4,22,1981
2006,11,4,23,2047
2006,11,5,0,1950
2006,11,5,1,1712
2006,11,5,2,1411
2006,11,5,3,1166
2006,11,5,4,1053
2006,11,5,5,1093
2006,11,5,6,1251
2006,11,5,7,1491
2006,11,5,8,1784
2006,11,5,9,2086
2006,11,5,10,2330
2006,11,5,11,2440
2006,11,5,12,2377
2006,11,5,13,2155
2006,11,5,14,1828
2006,11,5,15,1487
2006,11,5,16,1221
2006,11,5,17,1088
2006,11,5,18,1075
2006,11,5,19,1165
2006,11,5,20,1356
2006,11,5,21,1581
2006,11,5,22,1796
2006,11,5,23,1941
2006,11,6,0,1964
2006,11,6,1,1834
2006,11,6,2,1571
2006,11,6,3,1284
2006,11,6,4,1075
2006,11,6,5,1011
2006,11,6,6,1113
2006,11,6,7,1322
2006,11,6,8,1592
2006,11,6,9,1891
2006,11,6,10,2167
2006,11,6,11,2366
2006,11,6,12,2427
2006,11,6,13,2328
2006,11,6,14,2065
2006,11,6,15,1720
2006,11,6,16,1382
2006,11,6,17,1136
2006,11,6,18,1024
2006,11,6,19,1047
2006,11,6,20,1178
2006,11,6,21,1374
2006,11,6,22,1596
2006,11,6,23,1785
2006,11,7,0,1902
2006,11,7,1,1897
2006,11,7,2,1736
2006,11,7,3,1472
2006,11,7,4,1211
2006,11,7,5,1038
2006,11,7,6,1035
2006,11,7,7,1186
2006,11,7,8,1422
2006,11,7,9,1707
2006,11,7,10,1980
2006,11,7,11,2207
2006,11,7,12,2350
2006,11,7,13,2379
2006,11,7,14,2247
2006,11,7,15,2008
2006,11,7,16,1584
2006,11,7,17,1290
2006,11,7,18,1090
2006,11,7,19,1050
2006,11,7,20,1116
2006,11,7,21,1250
2006,11,7,22,1431
2006,11,7,23,1614
2006,11,8,0,1775
2006,11,8,1,1872
2006,11,8,2,1846
2006,11,8,3,1667
2006,11,8,4,1408
2006,11,8,5,1172
2006,11,8,6,1065
2006,11,8,7,1116
2006,11,8,8,1286
2006,11,8,9,1534
2006,11,8,10,1798
2006,11,8,11,2022
2006,11,8,12,2197
2006,11,8,13,2311
2006,11,8,14,2306
2006,11,8,15,2137
2006,11,8,16,1840
2006,11,8,17,1493
2006,11,8,18,1221
2006,11,8,19,1097
2006,11,8,20,1092
2006,11,8,21,1164
2006,11,8,22,1289
2006,11,8,23,1440
2006,11,9,0,1597
2006,11,9,1,1720
2006,11,9,2,1767
2006,11,9,3,1697
2006,11,9,4,1517
2006,11,9,5,1303
2006,11,9,6,1134
2006,11,9,7,1087
2006,11,9,8,1175
2006,11,9,9,1362
2006,11,9,10,1593
2006,11,9,11,1816
2006,11,9,12,2006
2006,11,9,13,2144
2006,11,9,14,2206
2006,11,9,15,2159
2006,11,9,16,1987
2006,11,9,17,1722
2006,11,9,18,1446
2006,11,9,19,1254
2006,11,9,20,1178
2006,11,9,21,1191
2006,11,9,22,1273
2006,11,9,23,1397
2006,11,10,0,1533
2006,11,10,1,1655
2006,11,10,2,1735
2006,11,10,3,1746
2006,11,10,4,1666
2006,11,10,5,1516
2006,11,10,6,1348
2006,11,10,7,1235
2006,11,10,8,1232
2006,11,10,9,1334
2006,11,10,10,1508
2006,11,10,11,1713
2006,11,10,12,1895
2006,11,10,13,2029
2006,11,10,14,2108
2006,11,10,15,2120
2006,11,10,16,2045
2006,11,10,17,1883
2006,11,10,18,1662
2006,11,10,19,1453
2006,11,10,20,1319
2006,11,10,21,1266
2006,11,10,22,1290
2006,11,10,23,1357
2006,11,11,0,1446
2006,11,11,1,1553
2006,11,11,2,1648
2006,11,11,3,1707
2006,11,11,4,1706
2006,11,11,5,1639
2006,11,11,6,1522
2006,11,11,7,1396
2006,11,11,8,1323
2006,11,11,9,1348
2006,11,11,10,1447
2006,11,11,11,1587
2006,11,11,12,1730
2006,11,11,13,1854
2006,11,11,14,1948
2006,11,11,15,2004
2006,11,11,16,2005
2006,11,11,17,1942
2006,11,11,18,1806
2006,11,11,19,1631
2006,11,11,20,1489
2006,11,11,21,1399
2006,11,11,22,1375
2006,11,11,23,1397
2006,11,12,0,1447
2006,11,12,1,1512
2006,11,12,2,1585
2006,11,12,3,1656
2006,11,12,4,1696
2006,11,12,5,1697
2006,11,12,6,1644
2006,11,12,7,1555
2006,11,12,8,1475
2006,11,12,9,1451
2006,11,12,10,1475
2006,11,12,11,1546
2006,11,12,12,1638
2006,11,12,13,1741
2006,11,12,14,1831
2006,11,12,15,1899
2006,11,12,16,1941
2006,11,12,17,1934
2006,11,12,18,1875
2006,11,12,19,1773
2006,11,12,20,1658
2006,11,12,21,1547
2006,11,12,22,1471
2006,11,12,23,1429
2006,11,13,0,1431
2006,11,13,1,1462
2006,11,13,2,1510
2006,11,13,3,1575
2006,11,13,4,1640
2006,11,13,5,1687
2006,11,13,6,1711
2006,11,13,7,1693
2006,11,13,8,1628
2006,11,13,9,1566
2006,11,13,10,1531
2006,11,13,11,1539
2006,11,13,12,1585
2006,11,13,13,1653
2006,11,13,14,1710
2006,11,13,15,1773
2006,11,13,16,1827
2006,11,13,17,1871
2006,11,13,18,1888
2006,11,13,19,1847
2006,11,13,20,1753
2006,11,13,21,1645
2006,11,13,22,1549
2006,11,13,23,1480
2006,11,14,0,1438
2006,11,14,1,1435
2006,11,14,2,1457
2006,11,14,3,1510
2006,11,14,4,1597
2006,11,14,5,1692
2006,11,14,6,1779
2006,11,14,7,1830
2006,11,14,8,1815
2006,11,14,9,1762
2006,11,14,10,1686
2006,11,14,11,1627
2006,11,14,12,1603
2006,11,14,13,1610
2006,11,14,14,1644
2006,11,14,15,1688
2006,11,14,16,1741
2006,11,14,17,1800
2006,11,14,18,1856
2006,11,14,19,1882
2006,11,14,20,1865
2006,11,14,21,1783
2006,11,14,22,1678
2006,11,14,23,1577
2006,11,15,0,1498
2006,11,15,1,1455
2006,11,15,2,1436
2006,11,15,3,1450
2006,11,15,4,1521
2006,11,15,5,1645
2006,11,15,6,1792
2006,11,15,7,1909
2006,11,15,8,1951
2006,11,15,9,1918
2006,11,15,10,1824
2006,11,15,11,1726
2006,11,15,12,1644
2006,11,15,13,1592
2006,11,15,14,1579
2006,11,15,15,1590
2006,11,15,16,1634
2006,11,15,17,1704
2006,11,15,18,1776
2006,11,15,19,1844
2006,11,15,20,1877
2006,11,15,21,1851
2006,11,15,22,1777
2006,11,15,23,1667
2006,11,16,0,1549
2006,11,16,1,1448
2006,11,16,2,1395
2006,11,16,3,1401
2006,11,16,4,1459
2006,11,16,5,1572
2006,11,16,6,1710
2006,11,16,7,1845
2006,11,16,8,1939
2006,11,16,9,1979
2006,11,16,10,1932
2006,11,16,11,1823
2006,11,16,12,1685
2006,11,16,13,1549
2006,11,16,14,1471
2006,11,16,15,1450
2006,11,16,16,1482
2006,11,16,17,1541
2006,11,16,18,1614
2006,11,16,19,1693
2006,11,16,20,1771
2006,11,16,21,1808
2006,11,16,22,1802
2006,11,16,23,1721
2006,11,17,0,1593
2006,11,17,1,1457
2006,11,17,2,1356
2006,11,17,3,1314
2006,11,17,4,1353
2006,11,17,5,1476
2006,11,17,6,1641
2006,11,17,7,1815
2006,11,17,8,1962
2006,11,17,9,2055
2006,11,17,10,2054
2006,11,17,11,1971
2006,11,17,12,1819
2006,11,17,13,1637
2006,11,17,14,1490
2006,11,17,15,1401
2006,11,17,16,1383
2006,11,17,17,1427
2006,11,17,18,1514
2006,11,17,19,1622
2006,11,17,20,1715
2006,11,17,21,1790
2006,11,17,22,1828
2006,11,17,23,1786
2006,11,18,0,1668
2006,11,18,1,1508
2006,11,18,2,1351
2006,11,18,3,1272
2006,11,18,4,1303
2006,11,18,5,1423
2006,11,18,6,1582
2006,11,18,7,1760
2006,11,18,8,1937
2006,11,18,9,2079
2006,11,18,10,2141
2006,11,18,11,2105
2006,11,18,12,1957
2006,11,18,13,1740
2006,11,18,14,1527
2006,11,18,15,1373
2006,11,18,16,1303
2006,11,18,17,1311
2006,11,18,18,1374
2006,11,18,19,1468
2006,11,18,20,1591
2006,11,18,21,1711
2006,11,18,22,1796
2006,11,18,23,1804
2006,11,19,0,1708
2006,11,19,1,1542
2006,11,19,2,1348
2006,11,19,3,1209
2006,11,19,4,1184
2006,11,19,5,1271
2006,11,19,6,1439
2006,11,19,7,1643
2006,11,19,8,1852
2006,11,19,9,2041
2006,11,19,10,2155
2006,11,19,11,2171
2006,11,19,12,2068
2006,11,19,13,1853
2006,11,19,14,1599
2006,11,19,15,1378
2006,11,19,16,1238
2006,11,19,17,1200
2006,11,19,18,1243
2006,11,19,19,1338
2006,11,19,20,1468
2006,11,19,21,1617
2006,11,19,22,1745
2006,11,19,23,1797
2006,11,20,0,1743
2006,11,20,1,1599
2006,11,20,2,1409
2006,11,20,3,1229
2006,11,20,4,1134
2006,11,20,5,1168
2006,11,20,6,1312
2006,11,20,7,1520
2006,11,20,8,1752
2006,11,20,9,1970
2006,11,20,10,2119
2006,11,20,11,2182
2006,11,20,12,2134
2006,11,20,13,1982
2006,11,20,14,1741
2006,11,20,15,1462
2006,11,20,16,1232
2006,11,20,17,1119
2006,11,20,18,1131
2006,11,20,19,1224
2006,11,20,20,1358
2006,11,20,21,1512
2006,11,20,22,1659
2006,11,20,23,1755
2006,11,21,0,1772
2006,11,21,1,1686
2006,11,21,2,1508
2006,11,21,3,1295
2006,11,21,4,1138
2006,11,21,5,1109
2006,11,21,6,1206
2006,11,21,7,1387
2006,11,21,8,1618
2006,11,21,9,1862
2006,11,21,10,2061
2006,11,21,11,2189
2006,11,21,12,2206
2006,11,21,13,2097
2006,11,21,14,1884
2006,11,21,15,1605
2006,11,21,16,1341
2006,11,21,17,1150
2006,11,21,18,1069
2006,11,21,19,1106
2006,11,21,20,1237
2006,11,21,21,1412
2006,11,21,22,1577
2006,11,21,23,1697
2006,11,22,0,1746
2006,11,22,1,1715
2006,11,22,2,1588
2006,11,22,3,1391
2006,11,22,4,1193
2006,11,22,5,1078
2006,11,22,6,1109
2006,11,22,7,1265
2006,11,22,8,1492
2006,11,22,9,1743
2006,11,22,10,1969
2006,11,22,11,2132
2006,11,22,12,2213
2006,11,22,13,2184
2006,11,22,14,2027
2006,11,22,15,1767
2006,11,22,16,1473
2006,11,22,17,1223
2006,11,22,18,1088
2006,11,22,19,1081
2006,11,22,20,1161
2006,11,22,21,1292
2006,11,22,22,1455
2006,11,22,23,1619
2006,11,23,0,1728
2006,11,23,1,1767
2006,11,23,2,1694
2006,11,23,3,1516
2006,11,23,4,1301
2006,11,23,5,1136
2006,11,23,6,1099
2006,11,23,7,1199
2006,11,23,8,1384
2006,11,23,9,1611
2006,11,23,10,1844
2006,11,23,11,2046
2006,11,23,12,2191
2006,11,23,13,2226
2006,11,23,14,2141
2006,11,23,15,1938
2006,11,23,16,1660
2006,11,23,17,1385
2006,11,23,18,1192
2006,11,23,19,1110
2006,11,23,20,1134
2006,11,23,21,1236
2006,11,23,22,1380
2006,11,23,23,1535
2006,11,24,0,1656
2006,11,24,1,1730
2006,11,24,2,1732
2006,11,24,3,1620
2006,11,24,4,1426
2006,11,24,5,1236
2006,11,24,6,1132
2006,11,24,7,1163
2006,11,24,8,1296
2006,11,24,9,1495
2006,11,24,10,1715
2006,11,24,11,1920
2006,11,24,12,2096
2006,11,24,13,2204
2006,11,24,14,2215
2006,11,24,15,2104
2006,11,24,16,1866
2006,11,24,17,1577
2006,11,24,18,1327
2006,11,24,19,1193
2006,11,24,20,1163
2006,11,24,21,1214
2006,11,24,22,1329
2006,11,24,23,1470
2006,11,25,0,1615
2006,11,25,1,1726
2006,11,25,2,1771
2006,11,25,3,1717
2006,11,25,4,1574
2006,11,25,5,1408
2006,11,25,6,1269
2006,11,25,7,1213
2006,11,25,8,1257
2006,11,25,9,1389
2006,11,25,10,1579
2006,11,25,11,1801
2006,11,25,12,1999
2006,11,25,13,2138
2006,11,25,14,2203
2006,11,25,15,2171
2006,11,25,16,2019
2006,11,25,17,1775
2006,11,25,18,1515
2006,11,25,19,1314
2006,11,25,20,1215
2006,11,25,21,1207
2006,11,25,22,1277
2006,11,25,23,1392
2006,11,26,0,1520
2006,11,26,1,1639
2006,11,26,2,1719
2006,11,26,3,1741
2006,11,26,4,1681
2006,11,26,5,1553
2006,11,26,6,1401
2006,11,26,7,1290
2006,11,26,8,1262
2006,11,26,9,1327
2006,11,26,10,1456
2006,11,26,11,1631
2006,11,26,12,1813
2006,11,26,13,1973
2006,11,26,14,2095
2006,11,26,15,2145
2006,11,26,16,2081
2006,11,26,17,1920
2006,11,26,18,1692
2006,11,26,19,1482
2006,11,26,20,1334
2006,11,26,21,1265
2006,11,26,22,1271
2006,11,26,23,1334
2006,11,27,0,1422
2006,11,27,1,1541
2006,11,27,2,1656
2006,11,27,3,1736
2006,11,27,4,1762
2006,11,27,5,1713
2006,11,27,6,1604
2006,11,27,7,1479
2006,11,27,8,1393
2006,11,27,9,1378
2006,11,27,10,1427
2006,11,27,11,1539
2006,11,27,12,1694
2006,11,27,13,1850
2006,11,27,14,1978
2006,11,27,15,2073
2006,11,27,16,2097
2006,11,27,17,2030
2006,11,27,18,1876
2006,11,27,19,1665
2006,11,27,20,1469
2006,11,27,21,1346
2006,11,27,22,1310
2006,11,27,23,1313
2006,11,28,0,1355
2006,11,28,1,1459
2006,11,28,2,1588
2006,11,28,3,1710
2006,11,28,4,1792
2006,11,28,5,1816
2006,11,28,6,1777
2006,11,28,7,1695
2006,11,28,8,1593
2006,11,28,9,1501
2006,11,28,10,1458
2006,11,28,11,1487
2006,11,28,12,1571
2006,11,28,13,1678
2006,11,28,14,1803
2006,11,28,15,1913
2006,11,28,16,1990
2006,11,28,17,2017
2006,11,28,18,1977
2006,11,28,19,1852
2006,11,28,20,1671
2006,11,28,21,1511
2006,11,28,22,1393
2006,11,28,23,1330
2006,11,29,0,1328
2006,11,29,1,1374
2006,11,29,2,1473
2006,11,29,3,1598
2006,11,29,4,1739
2006,11,29,5,1852
2006,11,29,6,1903
2006,11,29,7,1878
2006,11,29,8,1786
2006,11,29,9,1679
2006,11,29,10,1588
2006,11,29,11,1525
2006,11,29,12,1516
2006,11,29,13,1550
2006,11,29,14,1626
2006,11,29,15,1733
2006,11,29,16,1840
2006,11,29,17,1931
2006,11,29,18,1969
2006,11,29,19,1932
2006,11,29,20,1816
2006,11,29,21,1652
2006,11,29,22,1498
2006,11,29,23,1373
2006,11,30,0,1301
2006,11,30,1,1297
2006,11,30,2,1360
2006,11,30,3,1475
2006,11,30,4,1629
2006,11,30,5,1797
2006,11,30,6,1945
2006,11,30,7,2031
2006,11,30,8,2020
2006,11,30,9,1921
2006,11,30,10,1769
2006,11,30,11,1626
2006,11,30,12,1521
2006,11,30,13,1467
2006,11,30,14,1485
2006,11,30,15,1549
2006,11,30,16,1635
2006,11,30,17,1738
2006,11,30,18,1843
2006,11,30,19,1908
2006,11,30,20,1899
2006,11,30,21,1807
2006,11,30,22,1653
2006,11,30,23,1473
2006,12,1,0,1339
2006,12,1,1,1284
2006,12,1,2,1295
2006,12,1,3,1368
2006,12,1,4,1511
2006,12,1,5,1708
2006,12,1,6,1914
2006,12,1,7,2089
2006,12,1,8,2182
2006,12,1,9,2178
2006,12,1,10,2059
2006,12,1,11,1872
2006,12,1,12,1677
2006,12,1,13,1520
2006,12,1,14,1430
2006,12,1,15,1409
2006,12,1,16,1443
2006,12,1,17,1526
2006,12,1,18,1650
2006,12,1,19,1774
2006,12,1,20,1852
2006,12,1,21,1862
2006,12,1,22,1781
2006,12,1,23,1629
2006,12,2,0,1444
2006,12,2,1,1295
2006,12,2,2,1221
2006,12,2,3,1234
2006,12,2,4,1353
2006,12,2,5,1543
2006,12,2,6,1787
2006,12,2,7,2026
2006,12,2,8,2203
2006,12,2,9,2277
2006,12,2,10,2238
2006,12,2,11,2102
2006,12,2,12,1888
2006,12,2,13,1671
2006,12,2,14,1451
2006,12,2,15,1336
2006,12,2,16,1292
2006,12,2,17,1331
2006,12,2,18,1444
2006,12,2,19,1607
2006,12,2,20,1759
2006,12,2,21,1855
2006,12,2,22,1872
2006,12,2,23,1785
2006,12,3,0,1613
2006,12,3,1,1421
2006,12,3,2,1275
2006,12,3,3,1214
2006,12,3,4,1268
2006,12,3,5,1422
2006,12,3,6,1645
2006,12,3,7,1898
2006,12,3,8,2144
2006,12,3,9,2337
2006,12,3,10,2409
2006,12,3,11,2348
2006,12,3,12,2159
2006,12,3,13,1890
2006,12,3,14,1621
2006,12,3,15,1401
2006,12,3,16,1280
2006,12,3,17,1259
2006,12,3,18,1327
2006,12,3,19,1454
2006,12,3,20,1609
2006,12,3,21,1777
2006,12,3,22,1898
2006,12,3,23,1914
2006,12,4,0,1809
2006,12,4,1,1617
2006,12,4,2,1403
2006,12,4,3,1248
2006,12,4,4,1218
2006,12,4,5,1316
2006,12,4,6,1506
2006,12,4,7,1749
2006,12,4,8,2002
2006,12,4,9,2240
2006,12,4,10,2402
2006,12,4,11,2440
2006,12,4,12,2342
2006,12,4,13,2109
2006,12,4,14,1813
2006,12,4,15,1516
2006,12,4,16,1295
2006,12,4,17,1175
2006,12,4,18,1166
2006,12,4,19,1253
2006,12,4,20,1411
2006,12,4,21,1606
2006,12,4,22,1778
2006,12,4,23,1881
2006,12,5,0,1876
2006,12,5,1,1755
2006,12,5,2,1544
2006,12,5,3,1327
2006,12,5,4,1200
2006,12,5,5,1199
2006,12,5,6,1327
2006,12,5,7,1537
2006,12,5,8,1794
2006,12,5,9,2052
2006,12,5,10,2268
2006,12,5,11,2417
2006,12,5,12,2438
2006,12,5,13,2305
2006,12,5,14,2045
2006,12,5,15,1721
2006,12,5,16,1420
2006,12,5,17,1226
2006,12,5,18,1155
2006,12,5,19,1174
2006,12,5,20,1263
2006,12,5,21,1419
2006,12,5,22,1608
2006,12,5,23,1776
2006,12,6,0,1880
2006,12,6,1,1860
2006,12,6,2,1699
2006,12,6,3,1466
2006,12,6,4,1256
2006,12,6,5,1158
2006,12,6,6,1208
2006,12,6,7,1375
2006,12,6,8,1607
2006,12,6,9,1857
2006,12,6,10,2098
2006,12,6,11,2289
2006,12,6,12,2396
2006,12,6,13,2386
2006,12,6,14,2228
2006,12,6,15,1944
2006,12,6,16,1611
2006,12,6,17,1330
2006,12,6,18,1171
2006,12,6,19,1129
2006,12,6,20,1174
2006,12,6,21,1293
2006,12,6,22,1475
2006,12,6,23,1666
2006,12,7,0,1816
2006,12,7,1,1879
2006,12,7,2,1812
2006,12,7,3,1628
2006,12,7,4,1412
2006,12,7,5,1251
2006,12,7,6,1206
2006,12,7,7,1291
2006,12,7,8,1463
2006,12,7,9,1685
2006,12,7,10,1918
2006,12,7,11,2134
2006,12,7,12,2287
2006,12,7,13,2349
2006,12,7,14,2302
2006,12,7,15,2122
2006,12,7,16,1845
2006,12,7,17,1555
2006,12,7,18,1332
2006,12,7,19,1214
2006,12,7,20,1200
2006,12,7,21,1282
2006,12,7,22,1424
2006,12,7,23,1590
2006,12,8,0,1750
2006,12,8,1,1861
2006,12,8,2,1886
2006,12,8,3,1801
2006,12,8,4,1626
2006,12,8,5,1435
2006,12,8,6,1307
2006,12,8,7,1292
2006,12,8,8,1401
2006,12,8,9,1578
2006,12,8,10,1792
2006,12,8,11,1996
2006,12,8,12,2167
2006,12,8,13,2281
2006,12,8,14,2309
2006,12,8,15,2234
2006,12,8,16,2048
2006,12,8,17,1787
2006,12,8,18,1535
2006,12,8,19,1354
2006,12,8,20,1287
2006,12,8,21,1311
2006,12,8,22,1405
2006,12,8,23,1536
2006,12,9,0,1685
2006,12,9,1,1818
2006,12,9,2,1894
2006,12,9,3,1898
2006,12,9,4,1807
2006,12,9,5,1652
2006,12,9,6,1492
2006,12,9,7,1394
2006,12,9,8,1402
2006,12,9,9,1508
2006,12,9,10,1672
2006,12,9,11,1849
2006,12,9,12,2011
2006,12,9,13,2142
2006,12,9,14,2225
2006,12,9,15,2233
2006,12,9,16,2130
2006,12,9,17,1936
2006,12,9,18,1694
2006,12,9,19,1497
2006,12,9,20,1390
2006,12,9,21,1365
2006,12,9,22,1413
2006,12,9,23,1508
2006,12,10,0,1638
2006,12,10,1,1766
2006,12,10,2,1865
2006,12,10,3,1901
2006,12,10,4,1871
2006,12,10,5,1770
2006,12,10,6,1635
2006,12,10,7,1526
2006,12,10,8,1477
2006,12,10,9,1511
2006,12,10,10,1610
2006,12,10,11,1742
2006,12,10,12,1882
2006,12,10,13,2015
2006,12,10,14,2113
2006,12,10,15,2154
2006,12,10,16,2123
2006,12,10,17,2017
2006,12,10,18,1848
2006,12,10,19,1659
2006,12,10,20,1509
2006,12,10,21,1422
2006,12,10,22,1410
2006,12,10,23,1459
2006,12,11,0,1555
2006,12,11,1,1668
2006,12,11,2,1770
2006,12,11,3,1846
2006,12,11,4,1885
2006,12,11,5,1877
2006,12,11,6,1806
2006,12,11,7,1693
2006,12,11,8,1590
2006,12,11,9,1543
2006,12,11,10,1571
2006,12,11,11,1663
2006,12,11,12,1779
2006,12,11,13,1880
2006,12,11,14,1958
2006,12,11,15,2022
2006,12,11,16,2060
2006,12,11,17,2036
2006,12,11,18,1935
2006,12,11,19,1770
2006,12,11,20,1605
2006,12,11,21,1485
2006,12,11,22,1438
2006,12,11,23,1450
2006,12,12,0,1510
2006,12,12,1,1601
2006,12,12,2,1694
2006,12,12,3,1775
2006,12,12,4,1855
2006,12,12,5,1911
2006,12,12,6,1909
2006,12,12,7,1841
2006,12,12,8,1730
2006,12,12,9,1631
2006,12,12,10,1594
2006,12,12,11,1629
2006,12,12,12,1709
2006,12,12,13,1798
2006,12,12,14,1877
2006,12,12,15,1935
2006,12,12,16,1963
2006,12,12,17,1970
2006,12,12,18,1927
2006,12,12,19,1821
2006,12,12,20,1686
2006,12,12,21,1565
2006,12,12,22,1500
2006,12,12,23,1477
2006,12,13,0,1496
2006,12,13,1,1562
2006,12,13,2,1649
2006,12,13,3,1743
2006,12,13,4,1830
2006,12,13,5,1907
2006,12,13,6,1949
2006,12,13,7,1937
2006,12,13,8,1872
2006,12,13,9,1785
2006,12,13,10,1708
2006,12,13,11,1663
2006,12,13,12,1666
2006,12,13,13,1705
2006,12,13,14,1764
2006,12,13,15,1826
2006,12,13,16,1870
2006,12,13,17,1897
2006,12,13,18,1892
2006,12,13,19,1848
2006,12,13,20,1764
2006,12,13,21,1664
2006,12,13,22,1566
2006,12,13,23,1495
2006,12,14,0,1474
2006,12,14,1,1497
2006,12,14,2,1553
2006,12,14,3,1635
2006,12,14,4,1742
2006,12,14,5,1857
2006,12,14,6,1961
2006,12,14,7,2017
2006,12,14,8,1986
2006,12,14,9,1896
2006,12,14,10,1800
2006,12,14,11,1722
2006,12,14,12,1674
2006,12,14,13,1664
2006,12,14,14,1692
2006,12,14,15,1725
2006,12,14,16,1757
2006,12,14,17,1797
2006,12,14,18,1840
2006,12,14,19,1853
2006,12,14,20,1823
2006,12,14,21,1750
2006,12,14,22,1651
2006,12,14,23,1553
2006,12,15,0,1489
2006,12,15,1,1472
2006,12,15,2,1493
2006,12,15,3,1555
2006,12,15,4,1667
2006,12,15,5,1808
2006,12,15,6,1951
2006,12,15,7,2051
2006,12,15,8,2081
2006,12,15,9,2032
2006,12,15,10,1927
2006,12,15,11,1809
2006,12,15,12,1712
2006,12,15,13,1658
2006,12,15,14,1622
2006,12,15,15,1608
2006,12,15,16,1629
2006,12,15,17,1678
2006,12,15,18,1733
2006,12,15,19,1770
2006,12,15,20,1787
2006,12,15,21,1757
2006,12,15,22,1684
2006,12,15,23,1587
2006,12,16,0,1495
2006,12,16,1,1450
2006,12,16,2,1451
2006,12,16,3,1493
2006,12,16,4,1576
2006,12,16,5,1706
2006,12,16,6,1867
2006,12,16,7,2024
2006,12,16,8,2120
2006,12,16,9,2131
2006,12,16,10,2058
2006,12,16,11,1936
2006,12,16,12,1799
2006,12,16,13,1676
2006,12,16,14,1592
2006,12,16,15,1535
2006,12,16,16,1527
2006,12,16,17,1565
2006,12,16,18,1634
2006,12,16,19,1711
2006,12,16,20,1770
2006,12,16,21,1793
2006,12,16,22,1764
2006,12,16,23,1685
2006,12,17,0,1591
2006,12,17,1,1492
2006,12,17,2,1421
2006,12,17,3,1408
2006,12,17,4,1477
2006,12,17,5,1621
2006,12,17,6,1797
2006,12,17,7,1982
2006,12,17,8,2130
2006,12,17,9,2205
2006,12,17,10,2190
2006,12,17,11,2103
2006,12,17,12,1942
2006,12,17,13,1764
2006,12,17,14,1612
2006,12,17,15,1497
2006,12,17,16,1438
2006,12,17,17,1449
2006,12,17,18,1507
2006,12,17,19,1586
2006,12,17,20,1682
2006,12,17,21,1762
2006,12,17,22,1798
2006,12,17,23,1767
2006,12,18,0,1671
2006,12,18,1,1532
2006,12,18,2,1412
2006,12,18,3,1361
2006,12,18,4,1402
2006,12,18,5,1518
2006,12,18,6,1687
2006,12,18,7,1891
2006,12,18,8,2084
2006,12,18,9,2221
2006,12,18,10,2267
2006,12,18,11,2221
2006,12,18,12,2092
2006,12,18,13,1901
2006,12,18,14,1702
2006,12,18,15,1530
2006,12,18,16,1416
2006,12,18,17,1383
2006,12,18,18,1427
2006,12,18,19,1514
2006,12,18,20,1630
2006,12,18,21,1743
2006,12,18,22,1816
2006,12,18,23,1826
2006,12,19,0,1766
2006,12,19,1,1643
2006,12,19,2,1496
2006,12,19,3,1377
2006,12,19,4,1346
2006,12,19,5,1426
2006,12,19,6,1586
2006,12,19,7,1819
2006,12,19,8,2022
2006,12,19,9,2192
2006,12,19,10,2290
2006,12,19,11,2313
2006,12,19,12,2253
2006,12,19,13,2075
2006,12,19,14,1839
2006,12,19,15,1590
2006,12,19,16,1393
2006,12,19,17,1304
2006,12,19,18,1309
2006,12,19,19,1383
2006,12,19,20,1494
2006,12,19,21,1628
2006,12,19,22,1750
2006,12,19,23,1823
2006,12,20,0,1823
2006,12,20,1,1728
2006,12,20,2,1565
2006,12,20,3,1394
2006,12,20,4,1292
2006,12,20,5,1295
2006,12,20,6,1413
2006,12,20,7,1610
2006,12,20,8,1840
2006,12,20,9,2059
2006,12,20,10,2226
2006,12,20,11,2309
2006,12,20,12,2300
2006,12,20,13,2189
2006,12,20,14,1981
2006,12,20,15,1715
2006,12,20,16,1463
2006,12,20,17,1292
2006,12,20,18,1231
2006,12,20,19,1268
2006,12,20,20,1374
2006,12,20,21,1521
2006,12,20,22,1668
2006,12,20,23,1787
2006,12,21,0,1838
2006,12,21,1,1804
2006,12,21,2,1669
2006,12,21,3,1461
2006,12,21,4,1293
2006,12,21,5,1228
2006,12,21,6,1280
2006,12,21,7,1435
2006,12,21,8,1663
2006,12,21,9,1899
2006,12,21,10,2110
2006,12,21,11,2266
2006,12,21,12,2332
2006,12,21,13,2283
2006,12,21,14,2127
2006,12,21,15,1879
2006,12,21,16,1592
2006,12,21,17,1342
2006,12,21,18,1199
2006,12,21,19,1179
2006,12,21,20,1266
2006,12,21,21,1420
2006,12,21,22,1585
2006,12,21,23,1736
2006,12,22,0,1844
2006,12,22,1,1858
2006,12,22,2,1766
2006,12,22,3,1593
2006,12,22,4,1400
2006,12,22,5,1264
2006,12,22,6,1235
2006,12,22,7,1321
2006,12,22,8,1497
2006,12,22,9,1719
2006,12,22,10,1955
2006,12,22,11,2172
2006,12,22,12,2319
2006,12,22,13,2354
2006,12,22,14,2254
2006,12,22,15,2031
2006,12,22,16,1744
2006,12,22,17,1463
2006,12,22,18,1270
2006,12,22,19,1187
2006,12,22,20,1207
2006,12,22,21,1313
2006,12,22,22,1470
2006,12,22,23,1645
2006,12,23,0,1788
2006,12,23,1,1864
2006,12,23,2,1842
2006,12,23,3,1714
2006,12,23,4,1524
2006,12,23,5,1331
2006,12,23,6,1227
2006,12,23,7,1243
2006,12,23,8,1361
2006,12,23,9,1555
2006,12,23,10,1785
2006,12,23,11,2023
2006,12,23,12,2227
2006,12,23,13,2343
2006,12,23,14,2339
2006,12,23,15,2188
2006,12,23,16,1924
2006,12,23,17,1629
2006,12,23,18,1371
2006,12,23,19,1214
2006,12,23,20,1166
2006,12,23,21,1225
2006,12,23,22,1358
2006,12,23,23,1536
2006,12,24,0,1723
2006,12,24,1,1870
2006,12,24,2,1925
2006,12,24,3,1866
2006,12,24,4,1713
2006,12,24,5,1511
2006,12,24,6,1343
2006,12,24,7,1272
2006,12,24,8,1316
2006,12,24,9,1439
2006,12,24,10,1631
2006,12,24,11,1869
2006,12,24,12,2088
2006,12,24,13,2259
2006,12,24,14,2341
2006,12,24,15,2302
2006,12,24,16,2116
2006,12,24,17,1831
2006,12,24,18,1529
2006,12,24,19,1296
2006,12,24,20,1185
2006,12,24,21,1190
2006,12,24,22,1280
2006,12,24,23,1427
2006,12,25,0,1615
2006,12,25,1,1795
2006,12,25,2,1917
2006,12,25,3,1942
2006,12,25,4,1864
2006,12,25,5,1706
2006,12,25,6,1525
2006,12,25,7,1391
2006,12,25,8,1343
2006,12,25,9,1395
2006,12,25,10,1514
2006,12,25,11,1707
2006,12,25,12,1919
2006,12,25,13,2104
2006,12,25,14,2236
2006,12,25,15,2279
2006,12,25,16,2202
2006,12,25,17,2008
2006,12,25,18,1742
2006,12,25,19,1474
2006,12,25,20,1283
2006,12,25,21,1204
2006,12,25,22,1232
2006,12,25,23,1345
2006,12,26,0,1527
2006,12,26,1,1733
2006,12,26,2,1887
2006,12,26,3,1963
2006,12,26,4,1965
2006,12,26,5,1883
2006,12,26,6,1741
2006,12,26,7,1589
2006,12,26,8,1473
2006,12,26,9,1427
2006,12,26,10,1462
2006,12,26,11,1572
2006,12,26,12,1738
2006,12,26,13,1909
2006,12,26,14,2056
2006,12,26,15,2156
2006,12,26,16,2177
2006,12,26,17,2083
2006,12,26,18,1886
2006,12,26,19,1631
2006,12,26,20,1403
2006,12,26,21,1270
2006,12,26,22,1235
2006,12,26,23,1292
2006,12,27,0,1420
2006,12,27,1,1593
2006,12,27,2,1760
2006,12,27,3,1886
2006,12,27,4,1976
2006,12,27,5,1998
2006,12,27,6,1942
2006,12,27,7,1812
2006,12,27,8,1661
2006,12,27,9,1533
2006,12,27,10,1468
2006,12,27,11,1500
2006,12,27,12,1614
2006,12,27,13,1758
2006,12,27,14,1892
2006,12,27,15,1990
2006,12,27,16,2053
2006,12,27,17,2056
2006,12,27,18,1977
2006,12,27,19,1800
2006,12,27,20,1576
2006,12,27,21,1385
2006,12,27,22,1284
2006,12,27,23,1282
2006,12,28,0,1367
2006,12,28,1,1508
2006,12,28,2,1656
2006,12,28,3,1807
2006,12,28,4,1949
2006,12,28,5,2049
2006,12,28,6,2079
2006,12,28,7,2030
2006,12,28,8,1904
2006,12,28,9,1741
2006,12,28,10,1608
2006,12,28,11,1548
2006,12,28,12,1565
2006,12,28,13,1630
2006,12,28,14,1720
2006,12,28,15,1807
2006,12,28,16,1878
2006,12,28,17,1941
2006,12,28,18,1949
2006,12,28,19,1873
2006,12,28,20,1724
2006,12,28,21,1547
2006,12,28,22,1402
2006,12,28,23,1330
2006,12,29,0,1350
2006,12,29,1,1438
2006,12,29,2,1566
2006,12,29,3,1713
2006,12,29,4,1878
2006,12,29,5,2041
2006,12,29,6,2162
2006,12,29,7,2205
2006,12,29,8,2149
2006,12,29,9,2014
2006,12,29,10,1860
2006,12,29,11,1732
2006,12,29,12,1656
2006,12,29,13,1623
2006,12,29,14,1635
2006,12,29,15,1681
2006,12,29,16,1746
2006,12,29,17,1823
2006,12,29,18,1882
2006,12,29,19,1891
2006,12,29,20,1834
2006,12,29,21,1723
2006,12,29,22,1591
2006,12,29,23,1474
2006,12,30,0,1412
2006,12,30,1,1419
2006,12,30,2,1490
2006,12,30,3,1614
2006,12,30,4,1776
2006,12,30,5,1959
2006,12,30,6,2126
2006,12,30,7,2259
2006,12,30,8,2311
2006,12,30,9,2266
2006,12,30,10,2131
2006,12,30,11,1946
2006,12,30,12,1768
2006,12,30,13,1637
2006,12,30,14,1564
2006,12,30,15,1549
2006,12,30,16,1569
2006,12,30,17,1621
2006,12,30,18,1691
2006,12,30,19,1755
2006,12,30,20,1798
2006,12,30,21,1794
2006,12,30,22,1723
2006,12,30,23,1613
2006,12,31,0,1500
2006,12,31,1,1426
2006,12,31,2,1432
2006,12,31,3,1505
2006,12,31,4,1646
2006,12,31,5,1827
2006,12,31,6,2017
2006,12,31,7,2209
2006,12,31,8,2352
2006,12,31,9,2404
2006,12,31,10,2339
2006,12,31,11,2178
2006,12,31,12,1973
2006,12,31,13,1782
2006,12,31,14,1641
2006,12,31,15,1547
2006,12,31,16,1498
2006,12,31,17,1516
2006,12,31,18,1590
2006,12,31,19,1697
2006,12,31,20,1814
2006,12,31,21,1890
2006,12,31,22,1892
2006,12,31,23,1824
2007,1,1,0,1716
2007,1,1,1,1597
2007,1,1,2,1516
2007,1,1,3,1485
2007,1,1,4,1549
2007,1,1,5,1705
2007,1,1,6,1902
2007,1,1,7,2115
2007,1,1,8,2312
2007,1,1,9,2453
2007,1,1,10,2476
2007,1,1,11,2400
2007,1,1,12,2243
2007,1,1,13,2021
2007,1,1,14,1800
2007,1,1,15,1618
2007,1,1,16,1496
2007,1,1,17,1451
2007,1,1,18,1482
2007,1,1,19,1568
2007,1,1,20,1695
2007,1,1,21,1818
2007,1,1,22,1911
2007,1,1,23,1935
2007,1,2,0,1873
2007,1,2,1,1739
2007,1,2,2,1570
2007,1,2,3,1439
2007,1,2,4,1410
2007,1,2,5,1484
2007,1,2,6,1643
2007,1,2,7,1866
2007,1,2,8,2102
2007,1,2,9,2312
2007,1,2,10,2460
2007,1,2,11,2507
2007,1,2,12,2446
2007,1,2,13,2268
2007,1,2,14,2018
2007,1,2,15,1747
2007,1,2,16,1538
2007,1,2,17,1424
2007,1,2,18,1398
2007,1,2,19,1460
2007,1,2,20,1588
2007,1,2,21,1751
2007,1,2,22,1915
2007,1,2,23,2015
2007,1,3,0,2020
2007,1,3,1,1910
2007,1,3,2,1700
2007,1,3,3,1487
2007,1,3,4,1364
2007,1,3,5,1372
2007,1,3,6,1503
2007,1,3,7,1706
2007,1,3,8,1942
2007,1,3,9,2169
2007,1,3,10,2372
2007,1,3,11,2519
2007,1,3,12,2569
2007,1,3,13,2465
2007,1,3,14,2233
2007,1,3,15,1936
2007,1,3,16,1649
2007,1,3,17,1457
2007,1,3,18,1376
2007,1,3,19,1385
2007,1,3,20,1478
2007,1,3,21,1637
2007,1,3,22,1822
2007,1,3,23,1980
2007,1,4,0,2059
2007,1,4,1,2017
2007,1,4,2,1843
2007,1,4,3,1605
2007,1,4,4,1409
2007,1,4,5,1325
2007,1,4,6,1368
2007,1,4,7,1516
2007,1,4,8,1721
2007,1,4,9,1953
2007,1,4,10,2188
2007,1,4,11,2392
2007,1,4,12,2527
2007,1,4,13,2518
2007,1,4,14,2360
2007,1,4,15,2099
2007,1,4,16,1819
2007,1,4,17,1577
2007,1,4,18,1424
2007,1,4,19,1356
2007,1,4,20,1388
2007,1,4,21,1504
2007,1,4,22,1681
2007,1,4,23,1865
2007,1,5,0,2018
2007,1,5,1,2073
2007,1,5,2,1991
2007,1,5,3,1794
2007,1,5,4,1555
2007,1,5,5,1370
2007,1,5,6,1300
2007,1,5,7,1371
2007,1,5,8,1545
2007,1,5,9,1753
2007,1,5,10,1969
2007,1,5,11,2167
2007,1,5,12,2338
2007,1,5,13,2422
2007,1,5,14,2382
2007,1,5,15,2198
2007,1,5,16,1918
2007,1,5,17,1653
2007,1,5,18,1466
2007,1,5,19,1373
2007,1,5,20,1366
2007,1,5,21,1431
2007,1,5,22,1566
2007,1,5,23,1734
2007,1,6,0,1905
2007,1,6,1,2023
2007,1,6,2,2014
2007,1,6,3,1872
2007,1,6,4,1663
2007,1,6,5,1471
2007,1,6,6,1354
2007,1,6,7,1348
2007,1,6,8,1437
2007,1,6,9,1587
2007,1,6,10,1775
2007,1,6,11,1983
2007,1,6,12,2173
2007,1,6,13,2302
2007,1,6,14,2329
2007,1,6,15,2221
2007,1,6,16,1999
2007,1,6,17,1725
2007,1,6,18,1491
2007,1,6,19,1356
2007,1,6,20,1334
2007,1,6,21,1398
2007,1,6,22,1519
2007,1,6,23,1667
2007,1,7,0,1825
2007,1,7,1,1967
2007,1,7,2,2020
2007,1,7,3,1969
2007,1,7,4,1822
2007,1,7,5,1625
2007,1,7,6,1463
2007,1,7,7,1386
2007,1,7,8,1408
2007,1,7,9,1496
2007,1,7,10,1649
2007,1,7,11,1855
2007,1,7,12,2062
2007,1,7,13,2229
2007,1,7,14,2301
2007,1,7,15,2247
2007,1,7,16,2085
2007,1,7,17,1853
2007,1,7,18,1610
2007,1,7,19,1423
2007,1,7,20,1339
2007,1,7,21,1381
2007,1,7,22,1498
2007,1,7,23,1649
2007,1,8,0,1812
2007,1,8,1,1953
2007,1,8,2,2045
2007,1,8,3,2063
2007,1,8,4,1991
2007,1,8,5,1823
2007,1,8,6,1636
2007,1,8,7,1506
2007,1,8,8,1477
2007,1,8,9,1518
2007,1,8,10,1614
2007,1,8,11,1785
2007,1,8,12,1984
2007,1,8,13,2165
2007,1,8,14,2263
2007,1,8,15,2253
2007,1,8,16,2129
2007,1,8,17,1914
2007,1,8,18,1684
2007,1,8,19,1493
2007,1,8,20,1388
2007,1,8,21,1376
2007,1,8,22,1444
2007,1,8,23,1577
2007,1,9,0,1752
2007,1,9,1,1923
2007,1,9,2,2042
2007,1,9,3,2078
2007,1,9,4,2047
2007,1,9,5,1946
2007,1,9,6,1794
2007,1,9,7,1642
2007,1,9,8,1535
2007,1,9,9,1504
2007,1,9,10,1545
2007,1,9,11,1665
2007,1,9,12,1836
2007,1,9,13,2004
2007,1,9,14,2113
2007,1,9,15,2135
2007,1,9,16,2069
2007,1,9,17,1929
2007,1,9,18,1746
2007,1,9,19,1560
2007,1,9,20,1424
2007,1,9,21,1377
2007,1,9,22,1422
2007,1,9,23,1531
2007,1,10,0,1685
2007,1,10,1,1846
2007,1,10,2,1969
2007,1,10,3,2038
2007,1,10,4,2061
2007,1,10,5,2036
2007,1,10,6,1948
2007,1,10,7,1816
2007,1,10,8,1699
2007,1,10,9,1629
2007,1,10,10,1612
2007,1,10,11,1654
2007,1,10,12,1755
2007,1,10,13,1897
2007,1,10,14,2021
2007,1,10,15,2069
2007,1,10,16,2046
2007,1,10,17,1959
2007,1,10,18,1829
2007,1,10,19,1684
2007,1,10,20,1536
2007,1,10,21,1428
2007,1,10,22,1403
2007,1,10,23,1473
2007,1,11,0,1619
2007,1,11,1,1788
2007,1,11,2,1914
2007,1,11,3,1995
2007,1,11,4,2050
2007,1,11,5,2084
2007,1,11,6,2062
2007,1,11,7,1961
2007,1,11,8,1829
2007,1,11,9,1719
2007,1,11,10,1666
2007,1,11,11,1665
2007,1,11,12,1706
2007,1,11,13,1790
2007,1,11,14,1892
2007,1,11,15,1962
2007,1,11,16,1969
2007,1,11,17,1922
2007,1,11,18,1842
2007,1,11,19,1740
2007,1,11,20,1618
2007,1,11,21,1503
2007,1,11,22,1433
2007,1,11,23,1441
2007,1,12,0,1538
2007,1,12,1,1688
2007,1,12,2,1822
2007,1,12,3,1917
2007,1,12,4,2002
2007,1,12,5,2085
2007,1,12,6,2124
2007,1,12,7,2067
2007,1,12,8,1936
2007,1,12,9,1803
2007,1,12,10,1709
2007,1,12,11,1675
2007,1,12,12,1688
2007,1,12,13,1726
2007,1,12,14,1776
2007,1,12,15,1831
2007,1,12,16,1863
2007,1,12,17,1863
2007,1,12,18,1823
2007,1,12,19,1752
2007,1,12,20,1671
2007,1,12,21,1579
2007,1,12,22,1494
2007,1,12,23,1438
2007,1,13,0,1465
2007,1,13,1,1573
2007,1,13,2,1700
2007,1,13,3,1815
2007,1,13,4,1917
2007,1,13,5,2009
2007,1,13,6,2087
2007,1,13,7,2126
2007,1,13,8,2083
2007,1,13,9,1961
2007,1,13,10,1820
2007,1,13,11,1723
2007,1,13,12,1677
2007,1,13,13,1680
2007,1,13,14,1717
2007,1,13,15,1744
2007,1,13,16,1756
2007,1,13,17,1760
2007,1,13,18,1755
2007,1,13,19,1741
2007,1,13,20,1699
2007,1,13,21,1628
2007,1,13,22,1537
2007,1,13,23,1456
2007,1,14,0,1430
2007,1,14,1,1460
2007,1,14,2,1547
2007,1,14,3,1666
2007,1,14,4,1794
2007,1,14,5,1919
2007,1,14,6,2018
2007,1,14,7,2088
2007,1,14,8,2104
2007,1,14,9,2061
2007,1,14,10,1971
2007,1,14,11,1864
2007,1,14,12,1763
2007,1,14,13,1694
2007,1,14,14,1655
2007,1,14,15,1624
2007,1,14,16,1606
2007,1,14,17,1622
2007,1,14,18,1656
2007,1,14,19,1689
2007,1,14,20,1690
2007,1,14,21,1649
2007,1,14,22,1587
2007,1,14,23,1526
2007,1,15,0,1486
2007,1,15,1,1468
2007,1,15,2,1477
2007,1,15,3,1531
2007,1,15,4,1634
2007,1,15,5,1787
2007,1,15,6,1953
2007,1,15,7,2089
2007,1,15,8,2163
2007,1,15,9,2168
2007,1,15,10,2103
2007,1,15,11,1993
2007,1,15,12,1859
2007,1,15,13,1731
2007,1,15,14,1632
2007,1,15,15,1562
2007,1,15,16,1533
2007,1,15,17,1550
2007,1,15,18,1589
2007,1,15,19,1640
2007,1,15,20,1690
2007,1,15,21,1720
2007,1,15,22,1703
2007,1,15,23,1646
2007,1,16,0,1567
2007,1,16,1,1489
2007,1,16,2,1436
2007,1,16,3,1442
2007,1,16,4,1512
2007,1,16,5,1639
2007,1,16,6,1805
2007,1,16,7,1977
2007,1,16,8,2124
2007,1,16,9,2219
2007,1,16,10,2216
2007,1,16,11,2132
2007,1,16,12,1998
2007,1,16,13,1846
2007,1,16,14,1691
2007,1,16,15,1568
2007,1,16,16,1492
2007,1,16,17,1466
2007,1,16,18,1484
2007,1,16,19,1546
2007,1,16,20,1636
2007,1,16,21,1725
2007,1,16,22,1768
2007,1,16,23,1737
2007,1,17,0,1661
2007,1,17,1,1562
2007,1,17,2,1460
2007,1,17,3,1398
2007,1,17,4,1399
2007,1,17,5,1476
2007,1,17,6,1630
2007,1,17,7,1829
2007,1,17,8,2038
2007,1,17,9,2203
2007,1,17,10,2287
2007,1,17,11,2269
2007,1,17,12,2150
2007,1,17,13,1968
2007,1,17,14,1763
2007,1,17,15,1579
2007,1,17,16,1440
2007,1,17,17,1378
2007,1,17,18,1389
2007,1,17,19,1453
2007,1,17,20,1563
2007,1,17,21,1689
2007,1,17,22,1777
2007,1,17,23,1803
2007,1,18,0,1766
2007,1,18,1,1663
2007,1,18,2,1518
2007,1,18,3,1387
2007,1,18,4,1315
2007,1,18,5,1335
2007,1,18,6,1438
2007,1,18,7,1626
2007,1,18,8,1866
2007,1,18,9,2109
2007,1,18,10,2294
2007,1,18,11,2360
2007,1,18,12,2303
2007,1,18,13,2152
2007,1,18,14,1937
2007,1,18,15,1696
2007,1,18,16,1479
2007,1,18,17,1344
2007,1,18,18,1303
2007,1,18,19,1338
2007,1,18,20,1440
2007,1,18,21,1594
2007,1,18,22,1747
2007,1,18,23,1864
2007,1,19,0,1904
2007,1,19,1,1836
2007,1,19,2,1668
2007,1,19,3,1471
2007,1,19,4,1327
2007,1,19,5,1283
2007,1,19,6,1339
2007,1,19,7,1480
2007,1,19,8,1690
2007,1,19,9,1955
2007,1,19,10,2209
2007,1,19,11,2377
2007,1,19,12,2417
2007,1,19,13,2325
2007,1,19,14,2126
2007,1,19,15,1861
2007,1,19,16,1591
2007,1,19,17,1376
2007,1,19,18,1260
2007,1,19,19,1260
2007,1,19,20,1358
2007,1,19,21,1525
2007,1,19,22,1712
2007,1,19,23,1882
2007,1,20,0,1974
2007,1,20,1,1963
2007,1,20,2,1844
2007,1,20,3,1638
2007,1,20,4,1426
2007,1,20,5,1277
2007,1,20,6,1250
2007,1,20,7,1352
2007,1,20,8,1540
2007,1,20,9,1774
2007,1,20,10,2032
2007,1,20,11,2272
2007,1,20,12,2429
2007,1,20,13,2454
2007,1,20,14,2321
2007,1,20,15,2043
2007,1,20,16,1720
2007,1,20,17,1440
2007,1,20,18,1257
2007,1,20,19,1192
2007,1,20,20,1233
2007,1,20,21,1378
2007,1,20,22,1595
2007,1,20,23,1822
2007,1,21,0,1999
2007,1,21,1,2073
2007,1,21,2,2023
2007,1,21,3,1855
2007,1,21,4,1618
2007,1,21,5,1403
2007,1,21,6,1279
2007,1,21,7,1279
2007,1,21,8,1387
2007,1,21,9,1572
2007,1,21,10,1820
2007,1,21,11,2092
2007,1,21,12,2325
2007,1,21,13,2444
2007,1,21,14,2425
2007,1,21,15,2229
2007,1,21,16,1910
2007,1,21,17,1599
2007,1,21,18,1351
2007,1,21,19,1201
2007,1,21,20,1165
2007,1,21,21,1252
2007,1,21,22,1448
2007,1,21,23,1702
2007,1,22,0,1943
2007,1,22,1,2123
2007,1,22,2,2182
2007,1,22,3,2101
2007,1,22,4,1908
2007,1,22,5,1670
2007,1,22,6,1453
2007,1,22,7,1333
2007,1,22,8,1345
2007,1,22,9,1464
2007,1,22,10,1672
2007,1,22,11,1910
2007,1,22,12,2141
2007,1,22,13,2334
2007,1,22,14,2432
2007,1,22,15,2386
2007,1,22,16,2168
2007,1,22,17,1836
2007,1,22,18,1510
2007,1,22,19,1288
2007,1,22,20,1206
2007,1,22,21,1233
2007,1,22,22,1357
2007,1,22,23,1579
2007,1,23,0,1840
2007,1,23,1,2082
2007,1,23,2,2222
2007,1,23,3,2237
2007,1,23,4,2112
2007,1,23,5,1893
2007,1,23,6,1669
2007,1,23,7,1491
2007,1,23,8,1402
2007,1,23,9,1427
2007,1,23,10,1542
2007,1,23,11,1719
2007,1,23,12,1924
2007,1,23,13,2130
2007,1,23,14,2280
2007,1,23,15,2325
2007,1,23,16,2219
2007,1,23,17,1972
2007,1,23,18,1655
2007,1,23,19,1389
2007,1,23,20,1240
2007,1,23,21,1216
2007,1,23,22,1308
2007,1,23,23,1486
2007,1,24,0,1715
2007,1,24,1,1967
2007,1,24,2,2169
2007,1,24,3,2278
2007,1,24,4,2267
2007,1,24,5,2136
2007,1,24,6,1935
2007,1,24,7,1714
2007,1,24,8,1536
2007,1,24,9,1463
2007,1,24,10,1496
2007,1,24,11,1600
2007,1,24,12,1742
2007,1,24,13,1913
2007,1,24,14,2092
2007,1,24,15,2211
2007,1,24,16,2208
2007,1,24,17,2069
2007,1,24,18,1814
2007,1,24,19,1534
2007,1,24,20,1332
2007,1,24,21,1245
2007,1,24,22,1267
2007,1,24,23,1381
2007,1,25,0,1567
2007,1,25,1,1811
2007,1,25,2,2043
2007,1,25,3,2215
2007,1,25,4,2292
2007,1,25,5,2271
2007,1,25,6,2169
2007,1,25,7,1982
2007,1,25,8,1765
2007,1,25,9,1612
2007,1,25,10,1547
2007,1,25,11,1560
2007,1,25,12,1634
2007,1,25,13,1755
2007,1,25,14,1896
2007,1,25,15,2021
2007,1,25,16,2079
2007,1,25,17,2040
2007,1,25,18,1896
2007,1,25,19,1698
2007,1,25,20,1514
2007,1,25,21,1370
2007,1,25,22,1317
2007,1,25,23,1365
2007,1,26,0,1502
2007,1,26,1,1711
2007,1,26,2,1928
2007,1,26,3,2114
2007,1,26,4,2238
2007,1,26,5,2311
2007,1,26,6,2311
2007,1,26,7,2196
2007,1,26,8,1996
2007,1,26,9,1809
2007,1,26,10,1679
2007,1,26,11,1620
2007,1,26,12,1611
2007,1,26,13,1653
2007,1,26,14,1748
2007,1,26,15,1859
2007,1,26,16,1935
2007,1,26,17,1943
2007,1,26,18,1892
2007,1,26,19,1795
2007,1,26,20,1657
2007,1,26,21,1508
2007,1,26,22,1395
2007,1,26,23,1370
2007,1,27,0,1437
2007,1,27,1,1583
2007,1,27,2,1749
2007,1,27,3,1906
2007,1,27,4,2031
2007,1,27,5,2147
2007,1,27,6,2238
2007,1,27,7,2247
2007,1,27,8,2144
2007,1,27,9,1976
2007,1,27,10,1814
2007,1,27,11,1690
2007,1,27,12,1628
2007,1,27,13,1615
2007,1,27,14,1631
2007,1,27,15,1662
2007,1,27,16,1702
2007,1,27,17,1741
2007,1,27,18,1774
2007,1,27,19,1778
2007,1,27,20,1740
2007,1,27,21,1637
2007,1,27,22,1502
2007,1,27,23,1423
2007,1,28,0,1421
2007,1,28,1,1502
2007,1,28,2,1617
2007,1,28,3,1735
2007,1,28,4,1856
2007,1,28,5,1981
2007,1,28,6,2122
2007,1,28,7,2217
2007,1,28,8,2239
2007,1,28,9,2167
2007,1,28,10,1998
2007,1,28,11,1827
2007,1,28,12,1699
2007,1,28,13,1623
2007,1,28,14,1590
2007,1,28,15,1562
2007,1,28,16,1560
2007,1,28,17,1581
2007,1,28,18,1625
2007,1,28,19,1674
2007,1,28,20,1702
2007,1,28,21,1690
2007,1,28,22,1620
2007,1,28,23,1515
2007,1,29,0,1432
2007,1,29,1,1422
2007,1,29,2,1492
2007,1,29,3,1587
2007,1,29,4,1688
2007,1,29,5,1801
2007,1,29,6,1949
2007,1,29,7,2093
2007,1,29,8,2191
2007,1,29,9,2213
2007,1,29,10,2151
2007,1,29,11,2026
2007,1,29,12,1862
2007,1,29,13,1710
2007,1,29,14,1591
2007,1,29,15,1511
2007,1,29,16,1469
2007,1,29,17,1474
2007,1,29,18,1515
2007,1,29,19,1585
2007,1,29,20,1668
2007,1,29,21,1723
2007,1,29,22,1720
2007,1,29,23,1656
2007,1,30,0,1568
2007,1,30,1,1493
2007,1,30,2,1441
2007,1,30,3,1431
2007,1,30,4,1478
2007,1,30,5,1600
2007,1,30,6,1780
2007,1,30,7,1970
2007,1,30,8,2132
2007,1,30,9,2233
2007,1,30,10,2247
2007,1,30,11,2162
2007,1,30,12,2001
2007,1,30,13,1815
2007,1,30,14,1637
2007,1,30,15,1483
2007,1,30,16,1379
2007,1,30,17,1349
2007,1,30,18,1395
2007,1,30,19,1481
2007,1,30,20,1601
2007,1,30,21,1707
2007,1,30,22,1775
2007,1,30,23,1780
2007,1,31,0,1705
2007,1,31,1,1589
2007,1,31,2,1466
2007,1,31,3,1387
2007,1,31,4,1370
2007,1,31,5,1444
2007,1,31,6,1594
2007,1,31,7,1773
2007,1,31,8,1955
2007,1,31,9,2125
2007,1,31,10,2244
2007,1,31,11,2266
2007,1,31,12,2179
2007,1,31,13,2009
2007,1,31,14,1792
2007,1,31,15,1568
2007,1,31,16,1404
2007,1,31,17,1315
2007,1,31,18,1310
2007,1,31,19,1365
2007,1,31,20,1487
2007,1,31,21,1650
2007,1,31,22,1791
2007,1,31,23,1882
2007,2,1,0,1876
2007,2,1,1,1772
2007,2,1,2,1613
2007,2,1,3,1459
2007,2,1,4,1367
2007,2,1,5,1364
2007,2,1,6,1451
2007,2,1,7,1604
2007,2,1,8,1809
2007,2,1,9,2021
2007,2,1,10,2203
2007,2,1,11,2310
2007,2,1,12,2309
2007,2,1,13,2186
2007,2,1,14,1967
2007,2,1,15,1715
2007,2,1,16,1477
2007,2,1,17,1309
2007,2,1,18,1252
2007,2,1,19,1287
2007,2,1,20,1396
2007,2,1,21,1567
2007,2,1,22,1758
2007,2,1,23,1903
2007,2,2,0,1961
2007,2,2,1,1912
2007,2,2,2,1765
2007,2,2,3,1557
2007,2,2,4,1377
2007,2,2,5,1303
2007,2,2,6,1348
2007,2,2,7,1499
2007,2,2,8,1696
2007,2,2,9,1920
2007,2,2,10,2116
2007,2,2,11,2267
2007,2,2,12,2342
2007,2,2,13,2315
2007,2,2,14,2163
2007,2,2,15,1908
2007,2,2,16,1626
2007,2,2,17,1394
2007,2,2,18,1267
2007,2,2,19,1254
2007,2,2,20,1351
2007,2,2,21,1515
2007,2,2,22,1706
2007,2,2,23,1880
2007,2,3,0,1986
2007,2,3,1,2001
2007,2,3,2,1902
2007,2,3,3,1715
2007,2,3,4,1493
2007,2,3,5,1342
2007,2,3,6,1311
2007,2,3,7,1391
2007,2,3,8,1564
2007,2,3,9,1783
2007,2,3,10,2010
2007,2,3,11,2201
2007,2,3,12,2316
2007,2,3,13,2343
2007,2,3,14,2256
2007,2,3,15,2041
2007,2,3,16,1742
2007,2,3,17,1448
2007,2,3,18,1262
2007,2,3,19,1211
2007,2,3,20,1272
2007,2,3,21,1425
2007,2,3,22,1620
2007,2,3,23,1814
2007,2,4,0,1979
2007,2,4,1,2079
2007,2,4,2,2060
2007,2,4,3,1900
2007,2,4,4,1653
2007,2,4,5,1443
2007,2,4,6,1343
2007,2,4,7,1347
2007,2,4,8,1464
2007,2,4,9,1661
2007,2,4,10,1888
2007,2,4,11,2115
2007,2,4,12,2272
2007,2,4,13,2334
2007,2,4,14,2281
2007,2,4,15,2119
2007,2,4,16,1869
2007,2,4,17,1577
2007,2,4,18,1339
2007,2,4,19,1220
2007,2,4,20,1249
2007,2,4,21,1379
2007,2,4,22,1579
2007,2,4,23,1795
2007,2,5,0,1971
2007,2,5,1,2087
2007,2,5,2,2122
2007,2,5,3,2043
2007,2,5,4,1857
2007,2,5,5,1623
2007,2,5,6,1440
2007,2,5,7,1363
2007,2,5,8,1423
2007,2,5,9,1588
2007,2,5,10,1801
2007,2,5,11,2014
2007,2,5,12,2173
2007,2,5,13,2257
2007,2,5,14,2258
2007,2,5,15,2156
2007,2,5,16,1951
2007,2,5,17,1677
2007,2,5,18,1412
2007,2,5,19,1240
2007,2,5,20,1218
2007,2,5,21,1321
2007,2,5,22,1504
2007,2,5,23,1724
2007,2,6,0,1918
2007,2,6,1,2063
2007,2,6,2,2133
2007,2,6,3,2108
2007,2,6,4,1972
2007,2,6,5,1755
2007,2,6,6,1544
2007,2,6,7,1415
2007,2,6,8,1405
2007,2,6,9,1515
2007,2,6,10,1695
2007,2,6,11,1903
2007,2,6,12,2084
2007,2,6,13,2197
2007,2,6,14,2228
2007,2,6,15,2162
2007,2,6,16,2012
2007,2,6,17,1778
2007,2,6,18,1513
2007,2,6,19,1305
2007,2,6,20,1220
2007,2,6,21,1274
2007,2,6,22,1432
2007,2,6,23,1661
2007,2,7,0,1882
2007,2,7,1,2040
2007,2,7,2,2134
2007,2,7,3,2144
2007,2,7,4,2074
2007,2,7,5,1920
2007,2,7,6,1713
2007,2,7,7,1529
2007,2,7,8,1433
2007,2,7,9,1462
2007,2,7,10,1586
2007,2,7,11,1759
2007,2,7,12,1920
2007,2,7,13,2044
2007,2,7,14,2094
2007,2,7,15,2074
2007,2,7,16,1988
2007,2,7,17,1815
2007,2,7,18,1593
2007,2,7,19,1387
2007,2,7,20,1266
2007,2,7,21,1270
2007,2,7,22,1377
2007,2,7,23,1562
2007,2,8,0,1784
2007,2,8,1,1972
2007,2,8,2,2089
2007,2,8,3,2122
2007,2,8,4,2084
2007,2,8,5,1981
2007,2,8,6,1825
2007,2,8,7,1650
2007,2,8,8,1516
2007,2,8,9,1473
2007,2,8,10,1531
2007,2,8,11,1654
2007,2,8,12,1799
2007,2,8,13,1925
2007,2,8,14,1998
2007,2,8,15,2013
2007,2,8,16,1963
2007,2,8,17,1852
2007,2,8,18,1684
2007,2,8,19,1508
2007,2,8,20,1379
2007,2,8,21,1340
2007,2,8,22,1397
2007,2,8,23,1527
2007,2,9,0,1710
2007,2,9,1,1885
2007,2,9,2,2020
2007,2,9,3,2098
2007,2,9,4,2111
2007,2,9,5,2066
2007,2,9,6,1963
2007,2,9,7,1820
2007,2,9,8,1669
2007,2,9,9,1575
2007,2,9,10,1570
2007,2,9,11,1631
2007,2,9,12,1735
2007,2,9,13,1836
2007,2,9,14,1904
2007,2,9,15,1918
2007,2,9,16,1890
2007,2,9,17,1819
2007,2,9,18,1705
2007,2,9,19,1560
2007,2,9,20,1427
2007,2,9,21,1350
2007,2,9,22,1366
2007,2,9,23,1456
2007,2,10,0,1601
2007,2,10,1,1766
2007,2,10,2,1894
2007,2,10,3,1991
2007,2,10,4,2050
2007,2,10,5,2069
2007,2,10,6,2016
2007,2,10,7,1894
2007,2,10,8,1747
2007,2,10,9,1626
2007,2,10,10,1578
2007,2,10,11,1601
2007,2,10,12,1661
2007,2,10,13,1733
2007,2,10,14,1786
2007,2,10,15,1803
2007,2,10,16,1790
2007,2,10,17,1750
2007,2,10,18,1682
2007,2,10,19,1578
2007,2,10,20,1465
2007,2,10,21,1375
2007,2,10,22,1348
2007,2,10,23,1401
2007,2,11,0,1511
2007,2,11,1,1659
2007,2,11,2,1784
2007,2,11,3,1879
2007,2,11,4,1947
2007,2,11,5,1999
2007,2,11,6,2011
2007,2,11,7,1958
2007,2,11,8,1858
2007,2,11,9,1734
2007,2,11,10,1637
2007,2,11,11,1599
2007,2,11,12,1604
2007,2,11,13,1642
2007,2,11,14,1673
2007,2,11,15,1683
2007,2,11,16,1675
2007,2,11,17,1661
2007,2,11,18,1646
2007,2,11,19,1593
2007,2,11,20,1524
2007,2,11,21,1447
2007,2,11,22,1377
2007,2,11,23,1370
2007,2,12,0,1435
2007,2,12,1,1539
2007,2,12,2,1648
2007,2,12,3,1735
2007,2,12,4,1820
2007,2,12,5,1900
2007,2,12,6,1969
2007,2,12,7,1984
2007,2,12,8,1931
2007,2,12,9,1840
2007,2,12,10,1750
2007,2,12,11,1663
2007,2,12,12,1610
2007,2,12,13,1581
2007,2,12,14,1556
2007,2,12,15,1555
2007,2,12,16,1550
2007,2,12,17,1559
2007,2,12,18,1580
2007,2,12,19,1587
2007,2,12,20,1568
2007,2,12,21,1521
2007,2,12,22,1471
2007,2,12,23,1438
2007,2,13,0,1439
2007,2,13,1,1460
2007,2,13,2,1518
2007,2,13,3,1607
2007,2,13,4,1701
2007,2,13,5,1817
2007,2,13,6,1923
2007,2,13,7,1997
2007,2,13,8,2014
2007,2,13,9,1990
2007,2,13,10,1934
2007,2,13,11,1828
2007,2,13,12,1712
2007,2,13,13,1626
2007,2,13,14,1563
2007,2,13,15,1516
2007,2,13,16,1500
2007,2,13,17,1508
2007,2,13,18,1544
2007,2,13,19,1589
2007,2,13,20,1625
2007,2,13,21,1622
2007,2,13,22,1582
2007,2,13,23,1529
2007,2,14,0,1487
2007,2,14,1,1463
2007,2,14,2,1460
2007,2,14,3,1491
2007,2,14,4,1554
2007,2,14,5,1669
2007,2,14,6,1803
2007,2,14,7,1942
2007,2,14,8,2047
2007,2,14,9,2082
2007,2,14,10,2049
2007,2,14,11,1950
2007,2,14,12,1807
2007,2,14,13,1658
2007,2,14,14,1524
2007,2,14,15,1420
2007,2,14,16,1365
2007,2,14,17,1359
2007,2,14,18,1397
2007,2,14,19,1473
2007,2,14,20,1569
2007,2,14,21,1663
2007,2,14,22,1700
2007,2,14,23,1672
2007,2,15,0,1586
2007,2,15,1,1475
2007,2,15,2,1397
2007,2,15,3,1373
2007,2,15,4,1402
2007,2,15,5,1485
2007,2,15,6,1630
2007,2,15,7,1811
2007,2,15,8,1986
2007,2,15,9,2129
2007,2,15,10,2195
2007,2,15,11,2150
2007,2,15,12,2005
2007,2,15,13,1814
2007,2,15,14,1604
2007,2,15,15,1417
2007,2,15,16,1290
2007,2,15,17,1261
2007,2,15,18,1307
2007,2,15,19,1414
2007,2,15,20,1555
2007,2,15,21,1684
2007,2,15,22,1767
2007,2,15,23,1795
2007,2,16,0,1759
2007,2,16,1,1638
2007,2,16,2,1487
2007,2,16,3,1357
2007,2,16,4,1282
2007,2,16,5,1312
2007,2,16,6,1456
2007,2,16,7,1667
2007,2,16,8,1894
2007,2,16,9,2099
2007,2,16,10,2246
2007,2,16,11,2293
2007,2,16,12,2215
2007,2,16,13,2032
2007,2,16,14,1781
2007,2,16,15,1516
2007,2,16,16,1300
2007,2,16,17,1178
2007,2,16,18,1177
2007,2,16,19,1265
2007,2,16,20,1430
2007,2,16,21,1628
2007,2,16,22,1800
2007,2,16,23,1896
2007,2,17,0,1904
2007,2,17,1,1813
2007,2,17,2,1643
2007,2,17,3,1441
2007,2,17,4,1270
2007,2,17,5,1215
2007,2,17,6,1291
2007,2,17,7,1483
2007,2,17,8,1733
2007,2,17,9,1997
2007,2,17,10,2227
2007,2,17,11,2354
2007,2,17,12,2355
2007,2,17,13,2227
2007,2,17,14,1983
2007,2,17,15,1675
2007,2,17,16,1391
2007,2,17,17,1193
2007,2,17,18,1108
2007,2,17,19,1140
2007,2,17,20,1300
2007,2,17,21,1536
2007,2,17,22,1788
2007,2,17,23,1986
2007,2,18,0,2062
2007,2,18,1,2003
2007,2,18,2,1821
2007,2,18,3,1583
2007,2,18,4,1353
2007,2,18,5,1199
2007,2,18,6,1178
2007,2,18,7,1284
2007,2,18,8,1498
2007,2,18,9,1790
2007,2,18,10,2081
2007,2,18,11,2306
2007,2,18,12,2418
2007,2,18,13,2380
2007,2,18,14,2200
2007,2,18,15,1896
2007,2,18,16,1547
2007,2,18,17,1255
2007,2,18,18,1087
2007,2,18,19,1075
2007,2,18,20,1203
2007,2,18,21,1430
2007,2,18,22,1702
2007,2,18,23,1946
2007,2,19,0,2112
2007,2,19,1,2168
2007,2,19,2,2076
2007,2,19,3,1843
2007,2,19,4,1552
2007,2,19,5,1293
2007,2,19,6,1165
2007,2,19,7,1175
2007,2,19,8,1296
2007,2,19,9,1523
2007,2,19,10,1823
2007,2,19,11,2110
2007,2,19,12,2324
2007,2,19,13,2413
2007,2,19,14,2332
2007,2,19,15,2083
2007,2,19,16,1735
2007,2,19,17,1405
2007,2,19,18,1172
2007,2,19,19,1089
2007,2,19,20,1159
2007,2,19,21,1345
2007,2,19,22,1610
2007,2,19,23,1892
2007,2,20,0,2128
2007,2,20,1,2285
2007,2,20,2,2306
2007,2,20,3,2157
2007,2,20,4,1881
2007,2,20,5,1577
2007,2,20,6,1357
2007,2,20,7,1254
2007,2,20,8,1291
2007,2,20,9,1445
2007,2,20,10,1679
2007,2,20,11,1950
2007,2,20,12,2185
2007,2,20,13,2331
2007,2,20,14,2340
2007,2,20,15,2204
2007,2,20,16,1936
2007,2,20,17,1604
2007,2,20,18,1299
2007,2,20,19,1102
2007,2,20,20,1080
2007,2,20,21,1213
2007,2,20,22,1465
2007,2,20,23,1766
2007,2,21,0,2038
2007,2,21,1,2252
2007,2,21,2,2363
2007,2,21,3,2327
2007,2,21,4,2134
2007,2,21,5,1844
2007,2,21,6,1548
2007,2,21,7,1342
2007,2,21,8,1286
2007,2,21,9,1367
2007,2,21,10,1541
2007,2,21,11,1756
2007,2,21,12,1969
2007,2,21,13,2135
2007,2,21,14,2230
2007,2,21,15,2200
2007,2,21,16,2031
2007,2,21,17,1743
2007,2,21,18,1417
2007,2,21,19,1168
2007,2,21,20,1068
2007,2,21,21,1142
2007,2,21,22,1327
2007,2,21,23,1593
2007,2,22,0,1877
2007,2,22,1,2117
2007,2,22,2,2290
2007,2,22,3,2354
2007,2,22,4,2282
2007,2,22,5,2071
2007,2,22,6,1778
2007,2,22,7,1497
2007,2,22,8,1317
2007,2,22,9,1287
2007,2,22,10,1382
2007,2,22,11,1555
2007,2,22,12,1751
2007,2,22,13,1913
2007,2,22,14,2024
2007,2,22,15,2060
2007,2,22,16,2002
2007,2,22,17,1838
2007,2,22,18,1576
2007,2,22,19,1292
2007,2,22,20,1123
2007,2,22,21,1125
2007,2,22,22,1253
2007,2,22,23,1467
2007,2,23,0,1720
2007,2,23,1,1959
2007,2,23,2,2139
2007,2,23,3,2245
2007,2,23,4,2265
2007,2,23,5,2175
2007,2,23,6,1979
2007,2,23,7,1737
2007,2,23,8,1502
2007,2,23,9,1359
2007,2,23,10,1350
2007,2,23,11,1436
2007,2,23,12,1576
2007,2,23,13,1716
2007,2,23,14,1828
2007,2,23,15,1893
2007,2,23,16,1897
2007,2,23,17,1824
2007,2,23,18,1673
2007,2,23,19,1480
2007,2,23,20,1308
2007,2,23,21,1222
2007,2,23,22,1252
2007,2,23,23,1393
2007,2,24,0,1597
2007,2,24,1,1809
2007,2,24,2,1988
2007,2,24,3,2118
2007,2,24,4,2174
2007,2,24,5,2159
2007,2,24,6,2070
2007,2,24,7,1912
2007,2,24,8,1713
2007,2,24,9,1543
2007,2,24,10,1459
2007,2,24,11,1443
2007,2,24,12,1484
2007,2,24,13,1571
2007,2,24,14,1642
2007,2,24,15,1701
2007,2,24,16,1736
2007,2,24,17,1707
2007,2,24,18,1635
2007,2,24,19,1517
2007,2,24,20,1383
2007,2,24,21,1275
2007,2,24,22,1241
2007,2,24,23,1304
2007,2,25,0,1448
2007,2,25,1,1620
2007,2,25,2,1784
2007,2,25,3,1907
2007,2,25,4,1991
2007,2,25,5,2039
2007,2,25,6,2052
2007,2,25,7,1983
2007,2,25,8,1844
2007,2,25,9,1682
2007,2,25,10,1574
2007,2,25,11,1520
2007,2,25,12,1491
2007,2,25,13,1505
2007,2,25,14,1528
2007,2,25,15,1559
2007,2,25,16,1585
2007,2,25,17,1612
2007,2,25,18,1612
2007,2,25,19,1581
2007,2,25,20,1517
2007,2,25,21,1436
2007,2,25,22,1378
2007,2,25,23,1357
2007,2,26,0,1406
2007,2,26,1,1514
2007,2,26,2,1633
2007,2,26,3,1737
2007,2,26,4,1833
2007,2,26,5,1915
2007,2,26,6,2002
2007,2,26,7,2040
2007,2,26,8,2000
2007,2,26,9,1896
2007,2,26,10,1771
2007,2,26,11,1649
2007,2,26,12,1562
2007,2,26,13,1523
2007,2,26,14,1497
2007,2,26,15,1469
2007,2,26,16,1464
2007,2,26,17,1497
2007,2,26,18,1543
2007,2,26,19,1586
2007,2,26,20,1606
2007,2,26,21,1581
2007,2,26,22,1520
2007,2,26,23,1461
2007,2,27,0,1429
2007,2,27,1,1429
2007,2,27,2,1474
2007,2,27,3,1545
2007,2,27,4,1617
2007,2,27,5,1723
2007,2,27,6,1851
2007,2,27,7,1975
2007,2,27,8,2046
2007,2,27,9,2037
2007,2,27,10,1961
2007,2,27,11,1832
2007,2,27,12,1697
2007,2,27,13,1592
2007,2,27,14,1511
2007,2,27,15,1442
2007,2,27,16,1405
2007,2,27,17,1402
2007,2,27,18,1447
2007,2,27,19,1540
2007,2,27,20,1640
2007,2,27,21,1697
2007,2,27,22,1685
2007,2,27,23,1619
2007,2,28,0,1534
2007,2,28,1,1452
2007,2,28,2,1419
2007,2,28,3,1432
2007,2,28,4,1477
2007,2,28,5,1567
2007,2,28,6,1707
2007,2,28,7,1862
2007,2,28,8,1989
2007,2,28,9,2068
2007,2,28,10,2082
2007,2,28,11,2017
2007,2,28,12,1898
2007,2,28,13,1737
2007,2,28,14,1562
2007,2,28,15,1417
2007,2,28,16,1333
2007,2,28,17,1321
2007,2,28,18,1372
2007,2,28,19,1477
2007,2,28,20,1610
2007,2,28,21,1731
2007,2,28,22,1789
2007,2,28,23,1766
2007,3,1,0,1678
2007,3,1,1,1546
2007,3,1,2,1422
2007,3,1,3,1356
2007,3,1,4,1356
2007,3,1,5,1425
2007,3,1,6,1555
2007,3,1,7,1724
2007,3,1,8,1899
2007,3,1,9,2052
2007,3,1,10,2147
2007,3,1,11,2144
2007,3,1,12,2047
2007,3,1,13,1877
2007,3,1,14,1664
2007,3,1,15,1461
2007,3,1,16,1316
2007,3,1,17,1248
2007,3,1,18,1265
2007,3,1,19,1373
2007,3,1,20,1543
2007,3,1,21,1711
2007,3,1,22,1842
2007,3,1,23,1901
2007,3,2,0,1859
2007,3,2,1,1724
2007,3,2,2,1562
2007,3,2,3,1419
2007,3,2,4,1339
2007,3,2,5,1348
2007,3,2,6,1440
2007,3,2,7,1595
2007,3,2,8,1782
2007,3,2,9,1982
2007,3,2,10,2143
2007,3,2,11,2228
2007,3,2,12,2198
2007,3,2,13,2064
2007,3,2,14,1845
2007,3,2,15,1599
2007,3,2,16,1386
2007,3,2,17,1263
2007,3,2,18,1239
2007,3,2,19,1319
2007,3,2,20,1476
2007,3,2,21,1672
2007,3,2,22,1854
2007,3,2,23,1969
2007,3,3,0,1984
2007,3,3,1,1890
2007,3,3,2,1726
2007,3,3,3,1527
2007,3,3,4,1357
2007,3,3,5,1285
2007,3,3,6,1325
2007,3,3,7,1456
2007,3,3,8,1642
2007,3,3,9,1865
2007,3,3,10,2077
2007,3,3,11,2220
2007,3,3,12,2246
2007,3,3,13,2145
2007,3,3,14,1945
2007,3,3,15,1683
2007,3,3,16,1430
2007,3,3,17,1256
2007,3,3,18,1193
2007,3,3,19,1247
2007,3,3,20,1410
2007,3,3,21,1625
2007,3,3,22,1827
2007,3,3,23,1984
2007,3,4,0,2051
2007,3,4,1,2019
2007,3,4,2,1884
2007,3,4,3,1669
2007,3,4,4,1449
2007,3,4,5,1300
2007,3,4,6,1269
2007,3,4,7,1356
2007,3,4,8,1527
2007,3,4,9,1754
2007,3,4,10,1974
2007,3,4,11,2142
2007,3,4,12,2211
2007,3,4,13,2177
2007,3,4,14,2043
2007,3,4,15,1802
2007,3,4,16,1528
2007,3,4,17,1289
2007,3,4,18,1178
2007,3,4,19,1207
2007,3,4,20,1340
2007,3,4,21,1541
2007,3,4,22,1764
2007,3,4,23,1972
2007,3,5,0,2099
2007,3,5,1,2108
2007,3,5,2,2012
2007,3,5,3,1810
2007,3,5,4,1562
2007,3,5,5,1349
2007,3,5,6,1237
2007,3,5,7,1261
2007,3,5,8,1393
2007,3,5,9,1603
2007,3,5,10,1844
2007,3,5,11,2050
2007,3,5,12,2170
2007,3,5,13,2171
2007,3,5,14,2067
2007,3,5,15,1859
2007,3,5,16,1597
2007,3,5,17,1339
2007,3,5,18,1165
2007,3,5,19,1126
2007,3,5,20,1215
2007,3,5,21,1409
2007,3,5,22,1653
2007,3,5,23,1890
2007,3,6,0,2060
2007,3,6,1,2122
2007,3,6,2,2057
2007,3,6,3,1888
2007,3,6,4,1639
2007,3,6,5,1386
2007,3,6,6,1214
2007,3,6,7,1176
2007,3,6,8,1269
2007,3,6,9,1457
2007,3,6,10,1703
2007,3,6,11,1937
2007,3,6,12,2095
2007,3,6,13,2135
2007,3,6,14,2067
2007,3,6,15,1893
2007,3,6,16,1648
2007,3,6,17,1398
2007,3,6,18,1202
2007,3,6,19,1124
2007,3,6,20,1180
2007,3,6,21,1345
2007,3,6,22,1577
2007,3,6,23,1837
2007,3,7,0,2050
2007,3,7,1,2160
2007,3,7,2,2153
2007,3,7,3,2037
2007,3,7,4,1831
2007,3,7,5,1571
2007,3,7,6,1347
2007,3,7,7,1235
2007,3,7,8,1248
2007,3,7,9,1378
2007,3,7,10,1580
2007,3,7,11,1800
2007,3,7,12,1975
2007,3,7,13,2064
2007,3,7,14,2052
2007,3,7,15,1943
2007,3,7,16,1751
2007,3,7,17,1511
2007,3,7,18,1294
2007,3,7,19,1153
2007,3,7,20,1168
2007,3,7,21,1306
2007,3,7,22,1526
2007,3,7,23,1788
2007,3,8,0,2011
2007,3,8,1,2158
2007,3,8,2,2198
2007,3,8,3,2141
2007,3,8,4,1985
2007,3,8,5,1756
2007,3,8,6,1525
2007,3,8,7,1353
2007,3,8,8,1296
2007,3,8,9,1363
2007,3,8,10,1523
2007,3,8,11,1728
2007,3,8,12,1905
2007,3,8,13,2011
2007,3,8,14,2027
2007,3,8,15,1954
2007,3,8,16,1815
2007,3,8,17,1619
2007,3,8,18,1406
2007,3,8,19,1238
2007,3,8,20,1179
2007,3,8,21,1248
2007,3,8,22,1420
2007,3,8,23,1665
2007,3,9,0,1909
2007,3,9,1,2083
2007,3,9,2,2158
2007,3,9,3,2130
2007,3,9,4,2019
2007,3,9,5,1844
2007,3,9,6,1633
2007,3,9,7,1433
2007,3,9,8,1310
2007,3,9,9,1311
2007,3,9,10,1415
2007,3,9,11,1588
2007,3,9,12,1757
2007,3,9,13,1870
2007,3,9,14,1899
2007,3,9,15,1857
2007,3,9,16,1755
2007,3,9,17,1599
2007,3,9,18,1416
2007,3,9,19,1249
2007,3,9,20,1162
2007,3,9,21,1196
2007,3,9,22,1332
2007,3,9,23,1546
2007,3,10,0,1774
2007,3,10,1,1945
2007,3,10,2,2040
2007,3,10,3,2058
2007,3,10,4,2015
2007,3,10,5,1898
2007,3,10,6,1730
2007,3,10,7,1546
2007,3,10,8,1400
2007,3,10,9,1342
2007,3,10,10,1381
2007,3,10,11,1487
2007,3,10,12,1627
2007,3,10,13,1750
2007,3,10,14,1806
2007,3,10,15,1809
2007,3,10,16,1762
2007,3,10,17,1655
2007,3,10,18,1503
2007,3,10,19,1348
2007,3,10,20,1249
2007,3,10,21,1250
2007,3,10,22,1335
2007,3,10,23,1488
2007,3,11,0,1673
2007,3,11,1,1848
2007,3,11,2,1985
2007,3,11,3,2054
2007,3,11,4,2054
2007,3,11,5,1991
2007,3,11,6,1868
2007,3,11,7,1709
2007,3,11,8,1555
2007,3,11,9,1459
2007,3,11,10,1438
2007,3,11,11,1484
2007,3,11,12,1566
2007,3,11,13,1662
2007,3,11,14,1728
2007,3,11,15,1744
2007,3,11,16,1730
2007,3,11,17,1677
2007,3,11,18,1585
2007,3,11,19,1463
2007,3,11,20,1358
2007,3,11,21,1309
2007,3,11,22,1336
2007,3,11,23,1442
2007,3,12,0,1598
2007,3,12,1,1749
2007,3,12,2,1871
2007,3,12,3,1949
2007,3,12,4,1988
2007,3,12,5,1987
2007,3,12,6,1926
2007,3,12,7,1818
2007,3,12,8,1678
2007,3,12,9,1539
2007,3,12,10,1464
2007,3,12,11,1472
2007,3,12,12,1499
2007,3,12,13,1548
2007,3,12,14,1594
2007,3,12,15,1608
2007,3,12,16,1609
2007,3,12,17,1595
2007,3,12,18,1555
2007,3,12,19,1482
2007,3,12,20,1391
2007,3,12,21,1329
2007,3,12,22,1311
2007,3,12,23,1353
2007,3,13,0,1441
2007,3,13,1,1547
2007,3,13,2,1657
2007,3,13,3,1758
2007,3,13,4,1838
2007,3,13,5,1892
2007,3,13,6,1900
2007,3,13,7,1859
2007,3,13,8,1771
2007,3,13,9,1652
2007,3,13,10,1556
2007,3,13,11,1496
2007,3,13,12,1467
2007,3,13,13,1461
2007,3,13,14,1472
2007,3,13,15,1490
2007,3,13,16,1501
2007,3,13,17,1504
2007,3,13,18,1512
2007,3,13,19,1506
2007,3,13,20,1476
2007,3,13,21,1435
2007,3,13,22,1400
2007,3,13,23,1394
2007,3,14,0,1414
2007,3,14,1,1449
2007,3,14,2,1521
2007,3,14,3,1619
2007,3,14,4,1721
2007,3,14,5,1821
2007,3,14,6,1907
2007,3,14,7,1947
2007,3,14,8,1927
2007,3,14,9,1860
2007,3,14,10,1777
2007,3,14,11,1681
2007,3,14,12,1586
2007,3,14,13,1508
2007,3,14,14,1452
2007,3,14,15,1420
2007,3,14,16,1423
2007,3,14,17,1462
2007,3,14,18,1519
2007,3,14,19,1575
2007,3,14,20,1610
2007,3,14,21,1599
2007,3,14,22,1553
2007,3,14,23,1504
2007,3,15,0,1458
2007,3,15,1,1426
2007,3,15,2,1430
2007,3,15,3,1486
2007,3,15,4,1579
2007,3,15,5,1698
2007,3,15,6,1838
2007,3,15,7,1958
2007,3,15,8,2030
2007,3,15,9,2040
2007,3,15,10,1986
2007,3,15,11,1869
2007,3,15,12,1715
2007,3,15,13,1573
2007,3,15,14,1456
2007,3,15,15,1376
2007,3,15,16,1344
2007,3,15,17,1366
2007,3,15,18,1447
2007,3,15,19,1571
2007,3,15,20,1689
2007,3,15,21,1741
2007,3,15,22,1720
2007,3,15,23,1650
2007,3,16,0,1560
2007,3,16,1,1470
2007,3,16,2,1407
2007,3,16,3,1383
2007,3,16,4,1417
2007,3,16,5,1514
2007,3,16,6,1673
2007,3,16,7,1857
2007,3,16,8,2025
2007,3,16,9,2139
2007,3,16,10,2150
2007,3,16,11,2057
2007,3,16,12,1881
2007,3,16,13,1672
2007,3,16,14,1470
2007,3,16,15,1317
2007,3,16,16,1251
2007,3,16,17,1266
2007,3,16,18,1343
2007,3,16,19,1488
2007,3,16,20,1658
2007,3,16,21,1803
2007,3,16,22,1876
2007,3,16,23,1859
2007,3,17,0,1750
2007,3,17,1,1600
2007,3,17,2,1450
2007,3,17,3,1335
2007,3,17,4,1300
2007,3,17,5,1356
2007,3,17,6,1507
2007,3,17,7,1725
2007,3,17,8,1964
2007,3,17,9,2166
2007,3,17,10,2286
2007,3,17,11,2264
2007,3,17,12,2116
2007,3,17,13,1885
2007,3,17,14,1628
2007,3,17,15,1391
2007,3,17,16,1235
2007,3,17,17,1179
2007,3,17,18,1232
2007,3,17,19,1397
2007,3,17,20,1621
2007,3,17,21,1843
2007,3,17,22,2005
2007,3,17,23,2067
2007,3,18,0,2011
2007,3,18,1,1835
2007,3,18,2,1596
2007,3,18,3,1371
2007,3,18,4,1228
2007,3,18,5,1213
2007,3,18,6,1321
2007,3,18,7,1516
2007,3,18,8,1767
2007,3,18,9,2023
2007,3,18,10,2240
2007,3,18,11,2342
2007,3,18,12,2294
2007,3,18,13,2090
2007,3,18,14,1791
2007,3,18,15,1489
2007,3,18,16,1242
2007,3,18,17,1126
2007,3,18,18,1131
2007,3,18,19,1260
2007,3,18,20,1492
2007,3,18,21,1774
2007,3,18,22,2035
2007,3,18,23,2213
2007,3,19,0,2249
2007,3,19,1,2125
2007,3,19,2,1888
2007,3,19,3,1601
2007,3,19,4,1339
2007,3,19,5,1182
2007,3,19,6,1177
2007,3,19,7,1310
2007,3,19,8,1548
2007,3,19,9,1836
2007,3,19,10,2102
2007,3,19,11,2286
2007,3,19,12,2335
2007,3,19,13,2241
2007,3,19,14,1995
2007,3,19,15,1668
2007,3,19,16,1336
2007,3,19,17,1097
2007,3,19,18,1022
2007,3,19,19,1102
2007,3,19,20,1315
2007,3,19,21,1626
2007,3,19,22,1951
2007,3,19,23,2216
2007,3,20,0,2359
2007,3,20,1,2341
2007,3,20,2,2166
2007,3,20,3,1881
2007,3,20,4,1567
2007,3,20,5,1302
2007,3,20,6,1161
2007,3,20,7,1179
2007,3,20,8,1335
2007,3,20,9,1588
2007,3,20,10,1880
2007,3,20,11,2147
2007,3,20,12,2310
2007,3,20,13,2311
2007,3,20,14,2143
2007,3,20,15,1835
2007,3,20,16,1496
2007,3,20,17,1212
2007,3,20,18,1059
2007,3,20,19,1071
2007,3,20,20,1220
2007,3,20,21,1494
2007,3,20,22,1831
2007,3,20,23,2164
2007,3,21,0,2402
2007,3,21,1,2492
2007,3,21,2,2405
2007,3,21,3,2143
2007,3,21,4,1796
2007,3,21,5,1464
2007,3,21,6,1232
2007,3,21,7,1133
2007,3,21,8,1174
2007,3,21,9,1343
2007,3,21,10,1602
2007,3,21,11,1868
2007,3,21,12,2085
2007,3,21,13,2195
2007,3,21,14,2153
2007,3,21,15,1971
2007,3,21,16,1651
2007,3,21,17,1315
2007,3,21,18,1098
2007,3,21,19,1014
2007,3,21,20,1096
2007,3,21,21,1312
2007,3,21,22,1622
2007,3,21,23,1961
2007,3,22,0,2248
2007,3,22,1,2430
2007,3,22,2,2460
2007,3,22,3,2323
2007,3,22,4,2048
2007,3,22,5,1717
2007,3,22,6,1423
2007,3,22,7,1239
2007,3,22,8,1195
2007,3,22,9,1260
2007,3,22,10,1430
2007,3,22,11,1663
2007,3,22,12,1889
2007,3,22,13,2059
2007,3,22,14,2110
2007,3,22,15,2020
2007,3,22,16,1800
2007,3,22,17,1504
2007,3,22,18,1237
2007,3,22,19,1084
2007,3,22,20,1096
2007,3,22,21,1250
2007,3,22,22,1494
2007,3,22,23,1788
2007,3,23,0,2063
2007,3,23,1,2286
2007,3,23,2,2420
2007,3,23,3,2417
2007,3,23,4,2263
2007,3,23,5,1981
2007,3,23,6,1671
2007,3,23,7,1421
2007,3,23,8,1291
2007,3,23,9,1283
2007,3,23,10,1368
2007,3,23,11,1523
2007,3,23,12,1699
2007,3,23,13,1859
2007,3,23,14,1963
2007,3,23,15,1983
2007,3,23,16,1890
2007,3,23,17,1696
2007,3,23,18,1463
2007,3,23,19,1264
2007,3,23,20,1192
2007,3,23,21,1265
2007,3,23,22,1444
2007,3,23,23,1698
2007,3,24,0,1959
2007,3,24,1,2175
2007,3,24,2,2335
2007,3,24,3,2416
2007,3,24,4,2392
2007,3,24,5,2233
2007,3,24,6,1986
2007,3,24,7,1728
2007,3,24,8,1532
2007,3,24,9,1448
2007,3,24,10,1463
2007,3,24,11,1552
2007,3,24,12,1666
2007,3,24,13,1776
2007,3,24,14,1866
2007,3,24,15,1916
2007,3,24,16,1904
2007,3,24,17,1803
2007,3,24,18,1627
2007,3,24,19,1441
2007,3,24,20,1317
2007,3,24,21,1300
2007,3,24,22,1388
2007,3,24,23,1545
2007,3,25,0,1753
2007,3,25,1,1947
2007,3,25,2,2089
2007,3,25,3,2188
2007,3,25,4,2249
2007,3,25,5,2239
2007,3,25,6,2132
2007,3,25,7,1936
2007,3,25,8,1733
2007,3,25,9,1591
2007,3,25,10,1538
2007,3,25,11,1557
2007,3,25,12,1613
2007,3,25,13,1673
2007,3,25,14,1712
2007,3,25,15,1746
2007,3,25,16,1774
2007,3,25,17,1787
2007,3,25,18,1746
2007,3,25,19,1639
2007,3,25,20,1525
2007,3,25,21,1456
2007,3,25,22,1449
2007,3,25,23,1524
2007,3,26,0,1653
2007,3,26,1,1782
2007,3,26,2,1885
2007,3,26,3,1971
2007,3,26,4,2051
2007,3,26,5,2100
2007,3,26,6,2113
2007,3,26,7,2048
2007,3,26,8,1923
2007,3,26,9,1781
2007,3,26,10,1667
2007,3,26,11,1616
2007,3,26,12,1611
2007,3,26,13,1627
2007,3,26,14,1635
2007,3,26,15,1647
2007,3,26,16,1682
2007,3,26,17,1723
2007,3,26,18,1743
2007,3,26,19,1709
2007,3,26,20,1628
2007,3,26,21,1548
2007,3,26,22,1501
2007,3,26,23,1508
2007,3,27,0,1564
2007,3,27,1,1654
2007,3,27,2,1742
2007,3,27,3,1817
2007,3,27,4,1898
2007,3,27,5,1981
2007,3,27,6,2054
2007,3,27,7,2076
2007,3,27,8,2024
2007,3,27,9,1923
2007,3,27,10,1801
2007,3,27,11,1706
2007,3,27,12,1639
2007,3,27,13,1607
2007,3,27,14,1585
2007,3,27,15,1573
2007,3,27,16,1586
2007,3,27,17,1629
2007,3,27,18,1694
2007,3,27,19,1741
2007,3,27,20,1750
2007,3,27,21,1722
2007,3,27,22,1676
2007,3,27,23,1635
2007,3,28,0,1603
2007,3,28,1,1599
2007,3,28,2,1628
2007,3,28,3,1691
2007,3,28,4,1784
2007,3,28,5,1885
2007,3,28,6,1978
2007,3,28,7,2054
2007,3,28,8,2092
2007,3,28,9,2076
2007,3,28,10,2009
2007,3,28,11,1895
2007,3,28,12,1764
2007,3,28,13,1642
2007,3,28,14,1549
2007,3,28,15,1490
2007,3,28,16,1492
2007,3,28,17,1538
2007,3,28,18,1625
2007,3,28,19,1736
2007,3,28,20,1822
2007,3,28,21,1868
2007,3,28,22,1848
2007,3,28,23,1774
2007,3,29,0,1670
2007,3,29,1,1587
2007,3,29,2,1550
2007,3,29,3,1562
2007,3,29,4,1614
2007,3,29,5,1683
2007,3,29,6,1787
2007,3,29,7,1914
2007,3,29,8,2036
2007,3,29,9,2112
2007,3,29,10,2104
2007,3,29,11,2020
2007,3,29,12,1875
2007,3,29,13,1704
2007,3,29,14,1552
2007,3,29,15,1437
2007,3,29,16,1400
2007,3,29,17,1439
2007,3,29,18,1536
2007,3,29,19,1667
2007,3,29,20,1807
2007,3,29,21,1917
2007,3,29,22,1960
2007,3,29,23,1920
2007,3,30,0,1819
2007,3,30,1,1694
2007,3,30,2,1583
2007,3,30,3,1518
2007,3,30,4,1508
2007,3,30,5,1561
2007,3,30,6,1666
2007,3,30,7,1809
2007,3,30,8,1968
2007,3,30,9,2099
2007,3,30,10,2153
2007,3,30,11,2106
2007,3,30,12,1980
2007,3,30,13,1807
2007,3,30,14,1621
2007,3,30,15,1458
2007,3,30,16,1354
2007,3,30,17,1340
2007,3,30,18,1431
2007,3,30,19,1590
2007,3,30,20,1773
2007,3,30,21,1938
2007,3,30,22,2040
2007,3,30,23,2049
2007,3,31,0,1971
2007,3,31,1,1833
2007,3,31,2,1660
2007,3,31,3,1511
2007,3,31,4,1433
2007,3,31,5,1446
2007,3,31,6,1537
2007,3,31,7,1687
2007,3,31,8,1864
2007,3,31,9,2035
2007,3,31,10,2161
2007,3,31,11,2189
2007,3,31,12,2103
2007,3,31,13,1915
2007,3,31,14,1691
2007,3,31,15,1481
2007,3,31,16,1331
2007,3,31,17,1284
2007,3,31,18,1338
2007,3,31,19,1480
2007,3,31,20,1674
2007,3,31,21,1883
2007,3,31,22,2060
2007,3,31,23,2151
2007,4,1,0,2118
2007,4,1,1,1977
2007,4,1,2,1775
2007,4,1,3,1579
2007,4,1,4,1445
2007,4,1,5,1410
2007,4,1,6,1472
2007,4,1,7,1603
2007,4,1,8,1791
2007,4,1,9,1990
2007,4,1,10,2150
2007,4,1,11,2230
2007,4,1,12,2202
2007,4,1,13,2065
2007,4,1,14,1845
2007,4,1,15,1606
2007,4,1,16,1399
2007,4,1,17,1298
2007,4,1,18,1321
2007,4,1,19,1450
2007,4,1,20,1654
2007,4,1,21,1883
2007,4,1,22,2091
2007,4,1,23,2218
2007,4,2,0,2233
2007,4,2,1,2135
2007,4,2,2,1938
2007,4,2,3,1702
2007,4,2,4,1501
2007,4,2,5,1392
2007,4,2,6,1397
2007,4,2,7,1497
2007,4,2,8,1671
2007,4,2,9,1876
2007,4,2,10,2064
2007,4,2,11,2184
2007,4,2,12,2202
2007,4,2,13,2107
2007,4,2,14,1914
2007,4,2,15,1675
2007,4,2,16,1447
2007,4,2,17,1293
2007,4,2,18,1269
2007,4,2,19,1376
2007,4,2,20,1569
2007,4,2,21,1813
2007,4,2,22,2056
2007,4,2,23,2222
2007,4,3,0,2279
2007,4,3,1,2221
2007,4,3,2,2063
2007,4,3,3,1833
2007,4,3,4,1591
2007,4,3,5,1409
2007,4,3,6,1331
2007,4,3,7,1380
2007,4,3,8,1530
2007,4,3,9,1741
2007,4,3,10,1943
2007,4,3,11,2099
2007,4,3,12,2169
2007,4,3,13,2133
2007,4,3,14,1999
2007,4,3,15,1780
2007,4,3,16,1538
2007,4,3,17,1350
2007,4,3,18,1278
2007,4,3,19,1344
2007,4,3,20,1518
2007,4,3,21,1767
2007,4,3,22,2024
2007,4,3,23,2232
2007,4,4,0,2342
2007,4,4,1,2340
2007,4,4,2,2231
2007,4,4,3,2011
2007,4,4,4,1743
2007,4,4,5,1513
2007,4,4,6,1385
2007,4,4,7,1390
2007,4,4,8,1504
2007,4,4,9,1695
2007,4,4,10,1906
2007,4,4,11,2084
2007,4,4,12,2193
2007,4,4,13,2189
2007,4,4,14,2089
2007,4,4,15,1900
2007,4,4,16,1658
2007,4,4,17,1437
2007,4,4,18,1312
2007,4,4,19,1334
2007,4,4,20,1473
2007,4,4,21,1710
2007,4,4,22,1988
2007,4,4,23,2230
2007,4,5,0,2377
2007,4,5,1,2413
2007,4,5,2,2332
2007,4,5,3,2149
2007,4,5,4,1894
2007,4,5,5,1629
2007,4,5,6,1445
2007,4,5,7,1381
2007,4,5,8,1449
2007,4,5,9,1602
2007,4,5,10,1805
2007,4,5,11,1992
2007,4,5,12,2122
2007,4,5,13,2158
2007,4,5,14,2106
2007,4,5,15,1973
2007,4,5,16,1768
2007,4,5,17,1539
2007,4,5,18,1379
2007,4,5,19,1342
2007,4,5,20,1440
2007,4,5,21,1644
2007,4,5,22,1902
2007,4,5,23,2140
2007,4,6,0,2302
2007,4,6,1,2383
2007,4,6,2,2380
2007,4,6,3,2262
2007,4,6,4,2054
2007,4,6,5,1802
2007,4,6,6,1561
2007,4,6,7,1423
2007,4,6,8,1422
2007,4,6,9,1531
2007,4,6,10,1695
2007,4,6,11,1873
2007,4,6,12,2014
2007,4,6,13,2078
2007,4,6,14,2080
2007,4,6,15,2011
2007,4,6,16,1854
2007,4,6,17,1652
2007,4,6,18,1470
2007,4,6,19,1380
2007,4,6,20,1410
2007,4,6,21,1566
2007,4,6,22,1795
2007,4,6,23,2019
2007,4,7,0,2195
2007,4,7,1,2313
2007,4,7,2,2348
2007,4,7,3,2295
2007,4,7,4,2146
2007,4,7,5,1928
2007,4,7,6,1679
2007,4,7,7,1492
2007,4,7,8,1429
2007,4,7,9,1471
2007,4,7,10,1591
2007,4,7,11,1742
2007,4,7,12,1874
2007,4,7,13,1954
2007,4,7,14,1984
2007,4,7,15,1957
2007,4,7,16,1855
2007,4,7,17,1693
2007,4,7,18,1520
2007,4,7,19,1394
2007,4,7,20,1371
2007,4,7,21,1470
2007,4,7,22,1651
2007,4,7,23,1859
2007,4,8,0,2044
2007,4,8,1,2186
2007,4,8,2,2255
2007,4,8,3,2262
2007,4,8,4,2184
2007,4,8,5,2028
2007,4,8,6,1814
2007,4,8,7,1610
2007,4,8,8,1494
2007,4,8,9,1475
2007,4,8,10,1535
2007,4,8,11,1666
2007,4,8,12,1785
2007,4,8,13,1860
2007,4,8,14,1894
2007,4,8,15,1899
2007,4,8,16,1860
2007,4,8,17,1754
2007,4,8,18,1602
2007,4,8,19,1474
2007,4,8,20,1425
2007,4,8,21,1477
2007,4,8,22,1598
2007,4,8,23,1751
2007,4,9,0,1917
2007,4,9,1,2074
2007,4,9,2,2184
2007,4,9,3,2226
2007,4,9,4,2198
2007,4,9,5,2096
2007,4,9,6,1933
2007,4,9,7,1759
2007,4,9,8,1624
2007,4,9,9,1561
2007,4,9,10,1569
2007,4,9,11,1630
2007,4,9,12,1714
2007,4,9,13,1787
2007,4,9,14,1842
2007,4,9,15,1881
2007,4,9,16,1877
2007,4,9,17,1816
2007,4,9,18,1711
2007,4,9,19,1589
2007,4,9,20,1518
2007,4,9,21,1517
2007,4,9,22,1582
2007,4,9,23,1692
2007,4,10,0,1826
2007,4,10,1,1968
2007,4,10,2,2084
2007,4,10,3,2155
2007,4,10,4,2178
2007,4,10,5,2140
2007,4,10,6,2047
2007,4,10,7,1927
2007,4,10,8,1803
2007,4,10,9,1707
2007,4,10,10,1661
2007,4,10,11,1663
2007,4,10,12,1700
2007,4,10,13,1746
2007,4,10,14,1790
2007,4,10,15,1820
2007,4,10,16,1834
2007,4,10,17,1834
2007,4,10,18,1800
2007,4,10,19,1739
2007,4,10,20,1658
2007,4,10,21,1604
2007,4,10,22,1602
2007,4,10,23,1660
2007,4,11,0,1770
2007,4,11,1,1889
2007,4,11,2,2002
2007,4,11,3,2085
2007,4,11,4,2147
2007,4,11,5,2194
2007,4,11,6,2183
2007,4,11,7,2106
2007,4,11,8,1991
2007,4,11,9,1865
2007,4,11,10,1765
2007,4,11,11,1712
2007,4,11,12,1704
2007,4,11,13,1712
2007,4,11,14,1723
2007,4,11,15,1741
2007,4,11,16,1779
2007,4,11,17,1825
2007,4,11,18,1860
2007,4,11,19,1853
2007,4,11,20,1800
2007,4,11,21,1741
2007,4,11,22,1702
2007,4,11,23,1700
2007,4,12,0,1736
2007,4,12,1,1792
2007,4,12,2,1865
2007,4,12,3,1936
2007,4,12,4,2036
2007,4,12,5,2136
2007,4,12,6,2207
2007,4,12,7,2218
2007,4,12,8,2163
2007,4,12,9,2070
2007,4,12,10,1955
2007,4,12,11,1846
2007,4,12,12,1755
2007,4,12,13,1690
2007,4,12,14,1664
2007,4,12,15,1679
2007,4,12,16,1718
2007,4,12,17,1776
2007,4,12,18,1852
2007,4,12,19,1936
2007,4,12,20,1967
2007,4,12,21,1938
2007,4,12,22,1860
2007,4,12,23,1773
2007,4,13,0,1722
2007,4,13,1,1711
2007,4,13,2,1733
2007,4,13,3,1772
2007,4,13,4,1851
2007,4,13,5,1969
2007,4,13,6,2097
2007,4,13,7,2195
2007,4,13,8,2230
2007,4,13,9,2188
2007,4,13,10,2086
2007,4,13,11,1959
2007,4,13,12,1817
2007,4,13,13,1687
2007,4,13,14,1589
2007,4,13,15,1547
2007,4,13,16,1583
2007,4,13,17,1689
2007,4,13,18,1835
2007,4,13,19,1973
2007,4,13,20,2072
2007,4,13,21,2109
2007,4,13,22,2079
2007,4,13,23,1994
2007,4,14,0,1872
2007,4,14,1,1760
2007,4,14,2,1689
2007,4,14,3,1667
2007,4,14,4,1704
2007,4,14,5,1812
2007,4,14,6,1979
2007,4,14,7,2162
2007,4,14,8,2308
2007,4,14,9,2365
2007,4,14,10,2321
2007,4,14,11,2184
2007,4,14,12,1992
2007,4,14,13,1780
2007,4,14,14,1601
2007,4,14,15,1497
2007,4,14,16,1484
2007,4,14,17,1567
2007,4,14,18,1719
2007,4,14,19,1925
2007,4,14,20,2127
2007,4,14,21,2265
2007,4,14,22,2308
2007,4,14,23,2239
2007,4,15,0,2087
2007,4,15,1,1889
2007,4,15,2,1717
2007,4,15,3,1607
2007,4,15,4,1587
2007,4,15,5,1662
2007,4,15,6,1812
2007,4,15,7,2016
2007,4,15,8,2236
2007,4,15,9,2394
2007,4,15,10,2435
2007,4,15,11,2364
2007,4,15,12,2186
2007,4,15,13,1953
2007,4,15,14,1682
2007,4,15,15,1509
2007,4,15,16,1457
2007,4,15,17,1493
2007,4,15,18,1638
2007,4,15,19,1858
2007,4,15,20,2106
2007,4,15,21,2337
2007,4,15,22,2484
2007,4,15,23,2494
2007,4,16,0,2360
2007,4,16,1,2136
2007,4,16,2,1882
2007,4,16,3,1659
2007,4,16,4,1524
2007,4,16,5,1519
2007,4,16,6,1615
2007,4,16,7,1799
2007,4,16,8,2032
2007,4,16,9,2260
2007,4,16,10,2427
2007,4,16,11,2479
2007,4,16,12,2389
2007,4,16,13,2142
2007,4,16,14,1830
2007,4,16,15,1560
2007,4,16,16,1410
2007,4,16,17,1397
2007,4,16,18,1516
2007,4,16,19,1734
2007,4,16,20,2011
2007,4,16,21,2298
2007,4,16,22,2537
2007,4,16,23,2656
2007,4,17,0,2623
2007,4,17,1,2456
2007,4,17,2,2169
2007,4,17,3,1844
2007,4,17,4,1583
2007,4,17,5,1441
2007,4,17,6,1441
2007,4,17,7,1579
2007,4,17,8,1809
2007,4,17,9,2062
2007,4,17,10,2278
2007,4,17,11,2421
2007,4,17,12,2448
2007,4,17,13,2291
2007,4,17,14,2005
2007,4,17,15,1684
2007,4,17,16,1428
2007,4,17,17,1327
2007,4,17,18,1385
2007,4,17,19,1570
2007,4,17,20,1834
2007,4,17,21,2154
2007,4,17,22,2455
2007,4,17,23,2681
2007,4,18,0,2767
2007,4,18,1,2677
2007,4,18,2,2418
2007,4,18,3,2067
2007,4,18,4,1738
2007,4,18,5,1499
2007,4,18,6,1385
2007,4,18,7,1408
2007,4,18,8,1547
2007,4,18,9,1778
2007,4,18,10,2034
2007,4,18,11,2254
2007,4,18,12,2371
2007,4,18,13,2330
2007,4,18,14,2127
2007,4,18,15,1818
2007,4,18,16,1516
2007,4,18,17,1326
2007,4,18,18,1296
2007,4,18,19,1409
2007,4,18,20,1630
2007,4,18,21,1934
2007,4,18,22,2255
2007,4,18,23,2532
2007,4,19,0,2714
2007,4,19,1,2742
2007,4,19,2,2597
2007,4,19,3,2305
2007,4,19,4,1945
2007,4,19,5,1617
2007,4,19,6,1398
2007,4,19,7,1322
2007,4,19,8,1389
2007,4,19,9,1560
2007,4,19,10,1787
2007,4,19,11,2011
2007,4,19,12,2179
2007,4,19,13,2251
2007,4,19,14,2178
2007,4,19,15,1961
2007,4,19,16,1667
2007,4,19,17,1406
2007,4,19,18,1276
2007,4,19,19,1303
2007,4,19,20,1467
2007,4,19,21,1731
2007,4,19,22,2029
2007,4,19,23,2315
2007,4,20,0,2551
2007,4,20,1,2680
2007,4,20,2,2655
2007,4,20,3,2470
2007,4,20,4,2163
2007,4,20,5,1827
2007,4,20,6,1551
2007,4,20,7,1402
2007,4,20,8,1378
2007,4,20,9,1459
2007,4,20,10,1635
2007,4,20,11,1846
2007,4,20,12,2032
2007,4,20,13,2150
2007,4,20,14,2161
2007,4,20,15,2057
2007,4,20,16,1848
2007,4,20,17,1601
2007,4,20,18,1388
2007,4,20,19,1308
2007,4,20,20,1378
2007,4,20,21,1562
2007,4,20,22,1826
2007,4,20,23,2092
2007,4,21,0,2320
2007,4,21,1,2492
2007,4,21,2,2574
2007,4,21,3,2533
2007,4,21,4,2349
2007,4,21,5,2066
2007,4,21,6,1755
2007,4,21,7,1538
2007,4,21,8,1438
2007,4,21,9,1457
2007,4,21,10,1554
2007,4,21,11,1698
2007,4,21,12,1863
2007,4,21,13,2003
2007,4,21,14,2097
2007,4,21,15,2099
2007,4,21,16,1974
2007,4,21,17,1758
2007,4,21,18,1546
2007,4,21,19,1415
2007,4,21,20,1397
2007,4,21,21,1482
2007,4,21,22,1653
2007,4,21,23,1871
2007,4,22,0,2096
2007,4,22,1,2293
2007,4,22,2,2419
2007,4,22,3,2465
2007,4,22,4,2404
2007,4,22,5,2227
2007,4,22,6,1976
2007,4,22,7,1743
2007,4,22,8,1591
2007,4,22,9,1531
2007,4,22,10,1553
2007,4,22,11,1625
2007,4,22,12,1727
2007,4,22,13,1834
2007,4,22,14,1927
2007,4,22,15,2010
2007,4,22,16,2026
2007,4,22,17,1915
2007,4,22,18,1727
2007,4,22,19,1552
2007,4,22,20,1464
2007,4,22,21,1487
2007,4,22,22,1587
2007,4,22,23,1744
2007,4,23,0,1923
2007,4,23,1,2100
2007,4,23,2,2245
2007,4,23,3,2327
2007,4,23,4,2360
2007,4,23,5,2322
2007,4,23,6,2184
2007,4,23,7,1991
2007,4,23,8,1808
2007,4,23,9,1700
2007,4,23,10,1670
2007,4,23,11,1693
2007,4,23,12,1745
2007,4,23,13,1793
2007,4,23,14,1847
2007,4,23,15,1917
2007,4,23,16,1966
2007,4,23,17,1946
2007,4,23,18,1871
2007,4,23,19,1753
2007,4,23,20,1651
2007,4,23,21,1608
2007,4,23,22,1627
2007,4,23,23,1695
2007,4,24,0,1805
2007,4,24,1,1942
2007,4,24,2,2075
2007,4,24,3,2165
2007,4,24,4,2229
2007,4,24,5,2257
2007,4,24,6,2217
2007,4,24,7,2114
2007,4,24,8,1976
2007,4,24,9,1849
2007,4,24,10,1765
2007,4,24,11,1734
2007,4,24,12,1739
2007,4,24,13,1755
2007,4,24,14,1780
2007,4,24,15,1822
2007,4,24,16,1885
2007,4,24,17,1943
2007,4,24,18,1966
2007,4,24,19,1924
2007,4,24,20,1847
2007,4,24,21,1767
2007,4,24,22,1724
2007,4,24,23,1728
2007,4,25,0,1766
2007,4,25,1,1841
2007,4,25,2,1949
2007,4,25,3,2047
2007,4,25,4,2131
2007,4,25,5,2192
2007,4,25,6,2211
2007,4,25,7,2196
2007,4,25,8,2141
2007,4,25,9,2058
2007,4,25,10,1958
2007,4,25,11,1869
2007,4,25,12,1801
2007,4,25,13,1765
2007,4,25,14,1769
2007,4,25,15,1800
2007,4,25,16,1854
2007,4,25,17,1915
2007,4,25,18,1978
2007,4,25,19,2018
2007,4,25,20,2008
2007,4,25,21,1980
2007,4,25,22,1920
2007,4,25,23,1851
2007,4,26,0,1806
2007,4,26,1,1813
2007,4,26,2,1865
2007,4,26,3,1926
2007,4,26,4,2001
2007,4,26,5,2092
2007,4,26,6,2174
2007,4,26,7,2240
2007,4,26,8,2253
2007,4,26,9,2200
2007,4,26,10,2098
2007,4,26,11,2000
2007,4,26,12,1904
2007,4,26,13,1819
2007,4,26,14,1756
2007,4,26,15,1738
2007,4,26,16,1775
2007,4,26,17,1861
2007,4,26,18,1971
2007,4,26,19,2070
2007,4,26,20,2123
2007,4,26,21,2131
2007,4,26,22,2081
2007,4,26,23,1980
2007,4,27,0,1889
2007,4,27,1,1828
2007,4,27,2,1806
2007,4,27,3,1828
2007,4,27,4,1891
2007,4,27,5,1972
2007,4,27,6,2057
2007,4,27,7,2150
2007,4,27,8,2233
2007,4,27,9,2270
2007,4,27,10,2237
2007,4,27,11,2144
2007,4,27,12,1998
2007,4,27,13,1848
2007,4,27,14,1732
2007,4,27,15,1677
2007,4,27,16,1683
2007,4,27,17,1753
2007,4,27,18,1879
2007,4,27,19,2021
2007,4,27,20,2143
2007,4,27,21,2213
2007,4,27,22,2198
2007,4,27,23,2106
2007,4,28,0,1982
2007,4,28,1,1855
2007,4,28,2,1761
2007,4,28,3,1729
2007,4,28,4,1757
2007,4,28,5,1828
2007,4,28,6,1924
2007,4,28,7,2048
2007,4,28,8,2169
2007,4,28,9,2251
2007,4,28,10,2274
2007,4,28,11,2213
2007,4,28,12,2083
2007,4,28,13,1898
2007,4,28,14,1721
2007,4,28,15,1621
2007,4,28,16,1590
2007,4,28,17,1647
2007,4,28,18,1781
2007,4,28,19,1953
2007,4,28,20,2122
2007,4,28,21,2245
2007,4,28,22,2292
2007,4,28,23,2245
2007,4,29,0,2125
2007,4,29,1,1960
2007,4,29,2,1804
2007,4,29,3,1687
2007,4,29,4,1643
2007,4,29,5,1679
2007,4,29,6,1782
2007,4,29,7,1933
2007,4,29,8,2076
2007,4,29,9,2187
2007,4,29,10,2253
2007,4,29,11,2233
2007,4,29,12,2126
2007,4,29,13,1940
2007,4,29,14,1741
2007,4,29,15,1591
2007,4,29,16,1530
2007,4,29,17,1560
2007,4,29,18,1671
2007,4,29,19,1833
2007,4,29,20,2022
2007,4,29,21,2199
2007,4,29,22,2304
2007,4,29,23,2314
2007,4,30,0,2221
2007,4,30,1,2046
2007,4,30,2,1835
2007,4,30,3,1655
2007,4,30,4,1563
2007,4,30,5,1556
2007,4,30,6,1622
2007,4,30,7,1754
2007,4,30,8,1917
2007,4,30,9,2078
2007,4,30,10,2197
2007,4,30,11,2235
2007,4,30,12,2151
2007,4,30,13,1978
2007,4,30,14,1769
2007,4,30,15,1586
2007,4,30,16,1478
2007,4,30,17,1470
2007,4,30,18,1560
2007,4,30,19,1718
2007,4,30,20,1931
2007,4,30,21,2147
2007,4,30,22,2310
2007,4,30,23,2367
2007,5,1,0,2315
2007,5,1,1,2166
2007,5,1,2,1962
2007,5,1,3,1743
2007,5,1,4,1586
2007,5,1,5,1521
2007,5,1,6,1540
2007,5,1,7,1638
2007,5,1,8,1793
2007,5,1,9,1967
2007,5,1,10,2117
2007,5,1,11,2194
2007,5,1,12,2171
2007,5,1,13,2041
2007,5,1,14,1833
2007,5,1,15,1625
2007,5,1,16,1476
2007,5,1,17,1419
2007,5,1,18,1478
2007,5,1,19,1633
2007,5,1,20,1832
2007,5,1,21,2059
2007,5,1,22,2262
2007,5,1,23,2392
2007,5,2,0,2401
2007,5,2,1,2300
2007,5,2,2,2105
2007,5,2,3,1857
2007,5,2,4,1644
2007,5,2,5,1528
2007,5,2,6,1505
2007,5,2,7,1583
2007,5,2,8,1718
2007,5,2,9,1870
2007,5,2,10,2023
2007,5,2,11,2155
2007,5,2,12,2193
2007,5,2,13,2123
2007,5,2,14,1958
2007,5,2,15,1736
2007,5,2,16,1537
2007,5,2,17,1427
2007,5,2,18,1452
2007,5,2,19,1588
2007,5,2,20,1787
2007,5,2,21,2027
2007,5,2,22,2246
2007,5,2,23,2395
2007,5,3,0,2450
2007,5,3,1,2404
2007,5,3,2,2239
2007,5,3,3,1988
2007,5,3,4,1746
2007,5,3,5,1570
2007,5,3,6,1492
2007,5,3,7,1517
2007,5,3,8,1623
2007,5,3,9,1780
2007,5,3,10,1964
2007,5,3,11,2118
2007,5,3,12,2182
2007,5,3,13,2141
2007,5,3,14,2007
2007,5,3,15,1821
2007,5,3,16,1612
2007,5,3,17,1452
2007,5,3,18,1413
2007,5,3,19,1494
2007,5,3,20,1676
2007,5,3,21,1922
2007,5,3,22,2151
2007,5,3,23,2332
2007,5,4,0,2421
2007,5,4,1,2419
2007,5,4,2,2326
2007,5,4,3,2120
2007,5,4,4,1847
2007,5,4,5,1580
2007,5,4,6,1436
2007,5,4,7,1431
2007,5,4,8,1529
2007,5,4,9,1684
2007,5,4,10,1862
2007,5,4,11,2027
2007,5,4,12,2133
2007,5,4,13,2151
2007,5,4,14,2062
2007,5,4,15,1892
2007,5,4,16,1676
2007,5,4,17,1483
2007,5,4,18,1389
2007,5,4,19,1413
2007,5,4,20,1563
2007,5,4,21,1798
2007,5,4,22,2052
2007,5,4,23,2267
2007,5,5,0,2413
2007,5,5,1,2468
2007,5,5,2,2432
2007,5,5,3,2280
2007,5,5,4,2042
2007,5,5,5,1785
2007,5,5,6,1590
2007,5,5,7,1505
2007,5,5,8,1531
2007,5,5,9,1634
2007,5,5,10,1785
2007,5,5,11,1949
2007,5,5,12,2086
2007,5,5,13,2158
2007,5,5,14,2121
2007,5,5,15,1991
2007,5,5,16,1792
2007,5,5,17,1590
2007,5,5,18,1461
2007,5,5,19,1428
2007,5,5,20,1508
2007,5,5,21,1680
2007,5,5,22,1919
2007,5,5,23,2156
2007,5,6,0,2344
2007,5,6,1,2453
2007,5,6,2,2464
2007,5,6,3,2361
2007,5,6,4,2170
2007,5,6,5,1931
2007,5,6,6,1697
2007,5,6,7,1547
2007,5,6,8,1512
2007,5,6,9,1573
2007,5,6,10,1687
2007,5,6,11,1835
2007,5,6,12,1975
2007,5,6,13,2078
2007,5,6,14,2104
2007,5,6,15,2041
2007,5,6,16,1897
2007,5,6,17,1693
2007,5,6,18,1518
2007,5,6,19,1436
2007,5,6,20,1471
2007,5,6,21,1607
2007,5,6,22,1808
2007,5,6,23,2030
2007,5,7,0,2227
2007,5,7,1,2377
2007,5,7,2,2465
2007,5,7,3,2448
2007,5,7,4,2328
2007,5,7,5,2135
2007,5,7,6,1912
2007,5,7,7,1727
2007,5,7,8,1612
2007,5,7,9,1579
2007,5,7,10,1619
2007,5,7,11,1735
2007,5,7,12,1884
2007,5,7,13,2001
2007,5,7,14,2056
2007,5,7,15,2044
2007,5,7,16,1961
2007,5,7,17,1814
2007,5,7,18,1656
2007,5,7,19,1533
2007,5,7,20,1496
2007,5,7,21,1556
2007,5,7,22,1696
2007,5,7,23,1873
2007,5,8,0,2052
2007,5,8,1,2213
2007,5,8,2,2341
2007,5,8,3,2404
2007,5,8,4,2372
2007,5,8,5,2243
2007,5,8,6,2048
2007,5,8,7,1834
2007,5,8,8,1681
2007,5,8,9,1617
2007,5,8,10,1628
2007,5,8,11,1700
2007,5,8,12,1796
2007,5,8,13,1885
2007,5,8,14,1951
2007,5,8,15,2007
2007,5,8,16,2012
2007,5,8,17,1947
2007,5,8,18,1818
2007,5,8,19,1683
2007,5,8,20,1599
2007,5,8,21,1580
2007,5,8,22,1651
2007,5,8,23,1799
2007,5,9,0,1958
2007,5,9,1,2103
2007,5,9,2,2233
2007,5,9,3,2335
2007,5,9,4,2382
2007,5,9,5,2347
2007,5,9,6,2222
2007,5,9,7,2054
2007,5,9,8,1888
2007,5,9,9,1773
2007,5,9,10,1703
2007,5,9,11,1697
2007,5,9,12,1734
2007,5,9,13,1800
2007,5,9,14,1876
2007,5,9,15,1946
2007,5,9,16,1992
2007,5,9,17,1989
2007,5,9,18,1925
2007,5,9,19,1826
2007,5,9,20,1709
2007,5,9,21,1632
2007,5,9,22,1641
2007,5,9,23,1719
2007,5,10,0,1835
2007,5,10,1,1952
2007,5,10,2,2079
2007,5,10,3,2206
2007,5,10,4,2308
2007,5,10,5,2363
2007,5,10,6,2330
2007,5,10,7,2198
2007,5,10,8,2020
2007,5,10,9,1858
2007,5,10,10,1755
2007,5,10,11,1709
2007,5,10,12,1706
2007,5,10,13,1733
2007,5,10,14,1780
2007,5,10,15,1845
2007,5,10,16,1921
2007,5,10,17,1980
2007,5,10,18,2006
2007,5,10,19,1981
2007,5,10,20,1899
2007,5,10,21,1794
2007,5,10,22,1720
2007,5,10,23,1708
2007,5,11,0,1758
2007,5,11,1,1850
2007,5,11,2,1952
2007,5,11,3,2053
2007,5,11,4,2166
2007,5,11,5,2280
2007,5,11,6,2348
2007,5,11,7,2334
2007,5,11,8,2227
2007,5,11,9,2066
2007,5,11,10,1899
2007,5,11,11,1779
2007,5,11,12,1706
2007,5,11,13,1674
2007,5,11,14,1694
2007,5,11,15,1758
2007,5,11,16,1864
2007,5,11,17,1982
2007,5,11,18,2070
2007,5,11,19,2105
2007,5,11,20,2071
2007,5,11,21,1983
2007,5,11,22,1887
2007,5,11,23,1802
2007,5,12,0,1746
2007,5,12,1,1737
2007,5,12,2,1793
2007,5,12,3,1867
2007,5,12,4,1988
2007,5,12,5,2136
2007,5,12,6,2262
2007,5,12,7,2335
2007,5,12,8,2323
2007,5,12,9,2220
2007,5,12,10,2062
2007,5,12,11,1896
2007,5,12,12,1753
2007,5,12,13,1653
2007,5,12,14,1616
2007,5,12,15,1645
2007,5,12,16,1738
2007,5,12,17,1888
2007,5,12,18,2060
2007,5,12,19,2213
2007,5,12,20,2291
2007,5,12,21,2261
2007,5,12,22,2141
2007,5,12,23,1981
2007,5,13,0,1836
2007,5,13,1,1734
2007,5,13,2,1698
2007,5,13,3,1716
2007,5,13,4,1791
2007,5,13,5,1926
2007,5,13,6,2093
2007,5,13,7,2252
2007,5,13,8,2350
2007,5,13,9,2345
2007,5,13,10,2238
2007,5,13,11,2059
2007,5,13,12,1852
2007,5,13,13,1668
2007,5,13,14,1556
2007,5,13,15,1541
2007,5,13,16,1617
2007,5,13,17,1769
2007,5,13,18,1965
2007,5,13,19,2171
2007,5,13,20,2346
2007,5,13,21,2427
2007,5,13,22,2390
2007,5,13,23,2234
2007,5,14,0,2023
2007,5,14,1,1837
2007,5,14,2,1711
2007,5,14,3,1636
2007,5,14,4,1631
2007,5,14,5,1720
2007,5,14,6,1879
2007,5,14,7,2069
2007,5,14,8,2249
2007,5,14,9,2343
2007,5,14,10,2327
2007,5,14,11,2202
2007,5,14,12,1994
2007,5,14,13,1761
2007,5,14,14,1567
2007,5,14,15,1466
2007,5,14,16,1464
2007,5,14,17,1595
2007,5,14,18,1823
2007,5,14,19,2092
2007,5,14,20,2331
2007,5,14,21,2504
2007,5,14,22,2576
2007,5,14,23,2502
2007,5,15,0,2302
2007,5,15,1,2032
2007,5,15,2,1780
2007,5,15,3,1579
2007,5,15,4,1501
2007,5,15,5,1526
2007,5,15,6,1637
2007,5,15,7,1830
2007,5,15,8,2042
2007,5,15,9,2215
2007,5,15,10,2313
2007,5,15,11,2298
2007,5,15,12,2158
2007,5,15,13,1924
2007,5,15,14,1663
2007,5,15,15,1466
2007,5,15,16,1394
2007,5,15,17,1448
2007,5,15,18,1621
2007,5,15,19,1892
2007,5,15,20,2201
2007,5,15,21,2470
2007,5,15,22,2635
2007,5,15,23,2666
2007,5,16,0,2550
2007,5,16,1,2318
2007,5,16,2,2026
2007,5,16,3,1731
2007,5,16,4,1511
2007,5,16,5,1406
2007,5,16,6,1426
2007,5,16,7,1555
2007,5,16,8,1759
2007,5,16,9,1986
2007,5,16,10,2172
2007,5,16,11,2270
2007,5,16,12,2227
2007,5,16,13,2044
2007,5,16,14,1772
2007,5,16,15,1519
2007,5,16,16,1357
2007,5,16,17,1317
2007,5,16,18,1427
2007,5,16,19,1653
2007,5,16,20,1950
2007,5,16,21,2252
2007,5,16,22,2510
2007,5,16,23,2665
2007,5,17,0,2672
2007,5,17,1,2521
2007,5,17,2,2238
2007,5,17,3,1900
2007,5,17,4,1598
2007,5,17,5,1399
2007,5,17,6,1334
2007,5,17,7,1385
2007,5,17,8,1527
2007,5,17,9,1727
2007,5,17,10,1966
2007,5,17,11,2150
2007,5,17,12,2226
2007,5,17,13,2141
2007,5,17,14,1921
2007,5,17,15,1655
2007,5,17,16,1423
2007,5,17,17,1313
2007,5,17,18,1326
2007,5,17,19,1476
2007,5,17,20,1734
2007,5,17,21,2029
2007,5,17,22,2316
2007,5,17,23,2533
2007,5,18,0,2664
2007,5,18,1,2647
2007,5,18,2,2464
2007,5,18,3,2151
2007,5,18,4,1855
2007,5,18,5,1565
2007,5,18,6,1392
2007,5,18,7,1362
2007,5,18,8,1431
2007,5,18,9,1563
2007,5,18,10,1777
2007,5,18,11,1989
2007,5,18,12,2137
2007,5,18,13,2190
2007,5,18,14,2068
2007,5,18,15,1842
2007,5,18,16,1580
2007,5,18,17,1371
2007,5,18,18,1272
2007,5,18,19,1346
2007,5,18,20,1532
2007,5,18,21,1786
2007,5,18,22,2071
2007,5,18,23,2322
2007,5,19,0,2498
2007,5,19,1,2606
2007,5,19,2,2548
2007,5,19,3,2335
2007,5,19,4,2044
2007,5,19,5,1732
2007,5,19,6,1501
2007,5,19,7,1383
2007,5,19,8,1370
2007,5,19,9,1460
2007,5,19,10,1609
2007,5,19,11,1787
2007,5,19,12,1956
2007,5,19,13,2084
2007,5,19,14,2115
2007,5,19,15,1999
2007,5,19,16,1761
2007,5,19,17,1532
2007,5,19,18,1374
2007,5,19,19,1338
2007,5,19,20,1415
2007,5,19,21,1608
2007,5,19,22,1840
2007,5,19,23,2092
2007,5,20,0,2294
2007,5,20,1,2442
2007,5,20,2,2500
2007,5,20,3,2445
2007,5,20,4,2253
2007,5,20,5,1968
2007,5,20,6,1690
2007,5,20,7,1503
2007,5,20,8,1434
2007,5,20,9,1455
2007,5,20,10,1536
2007,5,20,11,1659
2007,5,20,12,1812
2007,5,20,13,1962
2007,5,20,14,2043
2007,5,20,15,2027
2007,5,20,16,1891
2007,5,20,17,1681
2007,5,20,18,1509
2007,5,20,19,1416
2007,5,20,20,1416
2007,5,20,21,1509
2007,5,20,22,1681
2007,5,20,23,1895
2007,5,21,0,2105
2007,5,21,1,2279
2007,5,21,2,2390
2007,5,21,3,2413
2007,5,21,4,2333
2007,5,21,5,2145
2007,5,21,6,1899
2007,5,21,7,1672
2007,5,21,8,1531
2007,5,21,9,1480
2007,5,21,10,1522
2007,5,21,11,1620
2007,5,21,12,1732
2007,5,21,13,1850
2007,5,21,14,1951
2007,5,21,15,2008
2007,5,21,16,1981
2007,5,21,17,1864
2007,5,21,18,1694
2007,5,21,19,1528
2007,5,21,20,1432
2007,5,21,21,1448
2007,5,21,22,1548
2007,5,21,23,1721
2007,5,22,0,1911
2007,5,22,1,2071
2007,5,22,2,2200
2007,5,22,3,2269
2007,5,22,4,2288
2007,5,22,5,2211
2007,5,22,6,2035
2007,5,22,7,1827
2007,5,22,8,1652
2007,5,22,9,1559
2007,5,22,10,1546
2007,5,22,11,1595
2007,5,22,12,1672
2007,5,22,13,1763
2007,5,22,14,1858
2007,5,22,15,1951
2007,5,22,16,2002
2007,5,22,17,1976
2007,5,22,18,1880
2007,5,22,19,1741
2007,5,22,20,1617
2007,5,22,21,1547
2007,5,22,22,1552
2007,5,22,23,1636
2007,5,23,0,1765
2007,5,23,1,1911
2007,5,23,2,2042
2007,5,23,3,2143
2007,5,23,4,2208
2007,5,23,5,2219
2007,5,23,6,2147
2007,5,23,7,1986
2007,5,23,8,1806
2007,5,23,9,1677
2007,5,23,10,1621
2007,5,23,11,1626
2007,5,23,12,1642
2007,5,23,13,1681
2007,5,23,14,1743
2007,5,23,15,1853
2007,5,23,16,1958
2007,5,23,17,2003
2007,5,23,18,1980
2007,5,23,19,1885
2007,5,23,20,1773
2007,5,23,21,1680
2007,5,23,22,1634
2007,5,23,23,1642
2007,5,24,0,1699
2007,5,24,1,1785
2007,5,24,2,1897
2007,5,24,3,1994
2007,5,24,4,2068
2007,5,24,5,2110
2007,5,24,6,2098
2007,5,24,7,2026
2007,5,24,8,1910
2007,5,24,9,1776
2007,5,24,10,1667
2007,5,24,11,1616
2007,5,24,12,1605
2007,5,24,13,1628
2007,5,24,14,1661
2007,5,24,15,1725
2007,5,24,16,1820
2007,5,24,17,1923
2007,5,24,18,2011
2007,5,24,19,2031
2007,5,24,20,1963
2007,5,24,21,1853
2007,5,24,22,1751
2007,5,24,23,1687
2007,5,25,0,1671
2007,5,25,1,1709
2007,5,25,2,1777
2007,5,25,3,1844
2007,5,25,4,1918
2007,5,25,5,1982
2007,5,25,6,2015
2007,5,25,7,2012
2007,5,25,8,1956
2007,5,25,9,1855
2007,5,25,10,1741
2007,5,25,11,1649
2007,5,25,12,1591
2007,5,25,13,1574
2007,5,25,14,1597
2007,5,25,15,1665
2007,5,25,16,1752
2007,5,25,17,1843
2007,5,25,18,1945
2007,5,25,19,2019
2007,5,25,20,2036
2007,5,25,21,1982
2007,5,25,22,1887
2007,5,25,23,1797
2007,5,26,0,1723
2007,5,26,1,1668
2007,5,26,2,1655
2007,5,26,3,1685
2007,5,26,4,1758
2007,5,26,5,1844
2007,5,26,6,1905
2007,5,26,7,1936
2007,5,26,8,1927
2007,5,26,9,1890
2007,5,26,10,1819
2007,5,26,11,1724
2007,5,26,12,1621
2007,5,26,13,1551
2007,5,26,14,1533
2007,5,26,15,1570
2007,5,26,16,1658
2007,5,26,17,1771
2007,5,26,18,1910
2007,5,26,19,2027
2007,5,26,20,2101
2007,5,26,21,2113
2007,5,26,22,2043
2007,5,26,23,1930
2007,5,27,0,1805
2007,5,27,1,1688
2007,5,27,2,1620
2007,5,27,3,1610
2007,5,27,4,1648
2007,5,27,5,1711
2007,5,27,6,1781
2007,5,27,7,1849
2007,5,27,8,1899
2007,5,27,9,1914
2007,5,27,10,1870
2007,5,27,11,1771
2007,5,27,12,1651
2007,5,27,13,1552
2007,5,27,14,1496
2007,5,27,15,1505
2007,5,27,16,1571
2007,5,27,17,1685
2007,5,27,18,1838
2007,5,27,19,1997
2007,5,27,20,2121
2007,5,27,21,2177
2007,5,27,22,2147
2007,5,27,23,2044
2007,5,28,0,1891
2007,5,28,1,1734
2007,5,28,2,1622
2007,5,28,3,1557
2007,5,28,4,1542
2007,5,28,5,1570
2007,5,28,6,1631
2007,5,28,7,1727
2007,5,28,8,1815
2007,5,28,9,1871
2007,5,28,10,1875
2007,5,28,11,1806
2007,5,28,12,1704
2007,5,28,13,1567
2007,5,28,14,1451
2007,5,28,15,1399
2007,5,28,16,1427
2007,5,28,17,1525
2007,5,28,18,1682
2007,5,28,19,1864
2007,5,28,20,2029
2007,5,28,21,2142
2007,5,28,22,2178
2007,5,28,23,2123
2007,5,29,0,1990
2007,5,29,1,1812
2007,5,29,2,1633
2007,5,29,3,1536
2007,5,29,4,1481
2007,5,29,5,1499
2007,5,29,6,1558
2007,5,29,7,1644
2007,5,29,8,1746
2007,5,29,9,1837
2007,5,29,10,1882
2007,5,29,11,1861
2007,5,29,12,1774
2007,5,29,13,1638
2007,5,29,14,1492
2007,5,29,15,1396
2007,5,29,16,1386
2007,5,29,17,1470
2007,5,29,18,1625
2007,5,29,19,1827
2007,5,29,20,2025
2007,5,29,21,2182
2007,5,29,22,2266
2007,5,29,23,2257
2007,5,30,0,2156
2007,5,30,1,2001
2007,5,30,2,1757
2007,5,30,3,1563
2007,5,30,4,1464
2007,5,30,5,1426
2007,5,30,6,1466
2007,5,30,7,1549
2007,5,30,8,1638
2007,5,30,9,1764
2007,5,30,10,1853
2007,5,30,11,1880
2007,5,30,12,1832
2007,5,30,13,1715
2007,5,30,14,1558
2007,5,30,15,1412
2007,5,30,16,1338
2007,5,30,17,1391
2007,5,30,18,1512
2007,5,30,19,1702
2007,5,30,20,1923
2007,5,30,21,2127
2007,5,30,22,2266
2007,5,30,23,2316
2007,5,31,0,2266
2007,5,31,1,2125
2007,5,31,2,1908
2007,5,31,3,1660
2007,5,31,4,1477
2007,5,31,5,1395
2007,5,31,6,1402
2007,5,31,7,1472
2007,5,31,8,1589
2007,5,31,9,1717
2007,5,31,10,1828
2007,5,31,11,1899
2007,5,31,12,1894
2007,5,31,13,1808
2007,5,31,14,1656
2007,5,31,15,1483
2007,5,31,16,1353
2007,5,31,17,1324
2007,5,31,18,1411
2007,5,31,19,1586
2007,5,31,20,1812
2007,5,31,21,2047
2007,5,31,22,2240
2007,5,31,23,2351
2007,6,1,0,2362
2007,6,1,1,2270
2007,6,1,2,2085
2007,6,1,3,1841
2007,6,1,4,1618
2007,6,1,5,1468
2007,6,1,6,1407
2007,6,1,7,1437
2007,6,1,8,1535
2007,6,1,9,1668
2007,6,1,10,1815
2007,6,1,11,1921
2007,6,1,12,1955
2007,6,1,13,1906
2007,6,1,14,1771
2007,6,1,15,1584
2007,6,1,16,1410
2007,6,1,17,1312
2007,6,1,18,1334
2007,6,1,19,1464
2007,6,1,20,1667
2007,6,1,21,1899
2007,6,1,22,2125
2007,6,1,23,2286
2007,6,2,0,2339
2007,6,2,1,2335
2007,6,2,2,2225
2007,6,2,3,1973
2007,6,2,4,1714
2007,6,2,5,1490
2007,6,2,6,1381
2007,6,2,7,1381
2007,6,2,8,1451
2007,6,2,9,1574
2007,6,2,10,1733
2007,6,2,11,1875
2007,6,2,12,1961
2007,6,2,13,1966
2007,6,2,14,1879
2007,6,2,15,1714
2007,6,2,16,1521
2007,6,2,17,1375
2007,6,2,18,1332
2007,6,2,19,1408
2007,6,2,20,1577
2007,6,2,21,1798
2007,6,2,22,2032
2007,6,2,23,2234
2007,6,3,0,2344
2007,6,3,1,2403
2007,6,3,2,2340
2007,6,3,3,2153
2007,6,3,4,1882
2007,6,3,5,1615
2007,6,3,6,1435
2007,6,3,7,1359
2007,6,3,8,1383
2007,6,3,9,1479
2007,6,3,10,1608
2007,6,3,11,1758
2007,6,3,12,1876
2007,6,3,13,1924
2007,6,3,14,1889
2007,6,3,15,1762
2007,6,3,16,1571
2007,6,3,17,1388
2007,6,3,18,1282
2007,6,3,19,1289
2007,6,3,20,1400
2007,6,3,21,1584
2007,6,3,22,1802
2007,6,3,23,2015
2007,6,4,0,2181
2007,6,4,1,2306
2007,6,4,2,2314
2007,6,4,3,2206
2007,6,4,4,1992
2007,6,4,5,1727
2007,6,4,6,1493
2007,6,4,7,1365
2007,6,4,8,1328
2007,6,4,9,1391
2007,6,4,10,1513
2007,6,4,11,1663
2007,6,4,12,1805
2007,6,4,13,1903
2007,6,4,14,1930
2007,6,4,15,1873
2007,6,4,16,1731
2007,6,4,17,1548
2007,6,4,18,1404
2007,6,4,19,1351
2007,6,4,20,1403
2007,6,4,21,1519
2007,6,4,22,1690
2007,6,4,23,1880
2007,6,5,0,2054
2007,6,5,1,2213
2007,6,5,2,2292
2007,6,5,3,2271
2007,6,5,4,2122
2007,6,5,5,1873
2007,6,5,6,1616
2007,6,5,7,1437
2007,6,5,8,1362
2007,6,5,9,1379
2007,6,5,10,1449
2007,6,5,11,1570
2007,6,5,12,1704
2007,6,5,13,1819
2007,6,5,14,1888
2007,6,5,15,1889
2007,6,5,16,1807
2007,6,5,17,1654
2007,6,5,18,1484
2007,6,5,19,1369
2007,6,5,20,1345
2007,6,5,21,1412
2007,6,5,22,1551
2007,6,5,23,1731
2007,6,6,0,1919
2007,6,6,1,2081
2007,6,6,2,2198
2007,6,6,3,2251
2007,6,6,4,2211
2007,6,6,5,2040
2007,6,6,6,1787
2007,6,6,7,1539
2007,6,6,8,1384
2007,6,6,9,1338
2007,6,6,10,1366
2007,6,6,11,1458
2007,6,6,12,1583
2007,6,6,13,1710
2007,6,6,14,1816
2007,6,6,15,1878
2007,6,6,16,1875
2007,6,6,17,1797
2007,6,6,18,1659
2007,6,6,19,1519
2007,6,6,20,1437
2007,6,6,21,1439
2007,6,6,22,1518
2007,6,6,23,1658
2007,6,7,0,1829
2007,6,7,1,1996
2007,6,7,2,2135
2007,6,7,3,2221
2007,6,7,4,2233
2007,6,7,5,2151
2007,6,7,6,1960
2007,6,7,7,1715
2007,6,7,8,1506
2007,6,7,9,1397
2007,6,7,10,1396
2007,6,7,11,1437
2007,6,7,12,1532
2007,6,7,13,1649
2007,6,7,14,1768
2007,6,7,15,1854
2007,6,7,16,1922
2007,6,7,17,1930
2007,6,7,18,1865
2007,6,7,19,1748
2007,6,7,20,1630
2007,6,7,21,1563
2007,6,7,22,1550
2007,6,7,23,1607
2007,6,8,0,1717
2007,6,8,1,1830
2007,6,8,2,1961
2007,6,8,3,2071
2007,6,8,4,2142
2007,6,8,5,2148
2007,6,8,6,2060
2007,6,8,7,1908
2007,6,8,8,1666
2007,6,8,9,1502
2007,6,8,10,1403
2007,6,8,11,1385
2007,6,8,12,1439
2007,6,8,13,1539
2007,6,8,14,1660
2007,6,8,15,1788
2007,6,8,16,1903
2007,6,8,17,1982
2007,6,8,18,1999
2007,6,8,19,1940
2007,6,8,20,1825
2007,6,8,21,1702
2007,6,8,22,1620
2007,6,8,23,1600
2007,6,9,0,1644
2007,6,9,1,1738
2007,6,9,2,1864
2007,6,9,3,1976
2007,6,9,4,2055
2007,6,9,5,2100
2007,6,9,6,2091
2007,6,9,7,2019
2007,6,9,8,1877
2007,6,9,9,1672
2007,6,9,10,1514
2007,6,9,11,1425
2007,6,9,12,1412
2007,6,9,13,1468
2007,6,9,14,1571
2007,6,9,15,1702
2007,6,9,16,1847
2007,6,9,17,1984
2007,6,9,18,2082
2007,6,9,19,2111
2007,6,9,20,2053
2007,6,9,21,1926
2007,6,9,22,1783
2007,6,9,23,1672
2007,6,10,0,1612
2007,6,10,1,1624
2007,6,10,2,1692
2007,6,10,3,1783
2007,6,10,4,1876
2007,6,10,5,1960
2007,6,10,6,2015
2007,6,10,7,2031
2007,6,10,8,1971
2007,6,10,9,1835
2007,6,10,10,1664
2007,6,10,11,1517
2007,6,10,12,1431
2007,6,10,13,1411
2007,6,10,14,1466
2007,6,10,15,1581
2007,6,10,16,1721
2007,6,10,17,1879
2007,6,10,18,2051
2007,6,10,19,2194
2007,6,10,20,2243
2007,6,10,21,2173
2007,6,10,22,2023
2007,6,10,23,1847
2007,6,11,0,1697
2007,6,11,1,1597
2007,6,11,2,1568
2007,6,11,3,1601
2007,6,11,4,1687
2007,6,11,5,1802
2007,6,11,6,1896
2007,6,11,7,1950
2007,6,11,8,1963
2007,6,11,9,1913
2007,6,11,10,1807
2007,6,11,11,1660
2007,6,11,12,1511
2007,6,11,13,1391
2007,6,11,14,1366
2007,6,11,15,1443
2007,6,11,16,1588
2007,6,11,17,1764
2007,6,11,18,1959
2007,6,11,19,2149
2007,6,11,20,2276
2007,6,11,21,2304
2007,6,11,22,2220
2007,6,11,23,2053
2007,6,12,0,1845
2007,6,12,1,1652
2007,6,12,2,1538
2007,6,12,3,1502
2007,6,12,4,1535
2007,6,12,5,1619
2007,6,12,6,1724
2007,6,12,7,1830
2007,6,12,8,1910
2007,6,12,9,1948
2007,6,12,10,1920
2007,6,12,11,1805
2007,6,12,12,1626
2007,6,12,13,1448
2007,6,12,14,1336
2007,6,12,15,1341
2007,6,12,16,1456
2007,6,12,17,1652
2007,6,12,18,1870
2007,6,12,19,2082
2007,6,12,20,2253
2007,6,12,21,2393
2007,6,12,22,2421
2007,6,12,23,2321
2007,6,13,0,2124
2007,6,13,1,1842
2007,6,13,2,1607
2007,6,13,3,1466
2007,6,13,4,1422
2007,6,13,5,1448
2007,6,13,6,1530
2007,6,13,7,1640
2007,6,13,8,1770
2007,6,13,9,1895
2007,6,13,10,1978
2007,6,13,11,1941
2007,6,13,12,1794
2007,6,13,13,1601
2007,6,13,14,1416
2007,6,13,15,1305
2007,6,13,16,1316
2007,6,13,17,1435
2007,6,13,18,1645
2007,6,13,19,1865
2007,6,13,20,2118
2007,6,13,21,2327
2007,6,13,22,2450
2007,6,13,23,2452
2007,6,14,0,2328
2007,6,14,1,2085
2007,6,14,2,1800
2007,6,14,3,1549
2007,6,14,4,1379
2007,6,14,5,1316
2007,6,14,6,1353
2007,6,14,7,1471
2007,6,14,8,1629
2007,6,14,9,1793
2007,6,14,10,1928
2007,6,14,11,1984
2007,6,14,12,1911
2007,6,14,13,1746
2007,6,14,14,1532
2007,6,14,15,1347
2007,6,14,16,1249
2007,6,14,17,1277
2007,6,14,18,1431
2007,6,14,19,1679
2007,6,14,20,1925
2007,6,14,21,2163
2007,6,14,22,2346
2007,6,14,23,2438
2007,6,15,0,2404
2007,6,15,1,2274
2007,6,15,2,2028
2007,6,15,3,1719
2007,6,15,4,1443
2007,6,15,5,1275
2007,6,15,6,1238
2007,6,15,7,1294
2007,6,15,8,1417
2007,6,15,9,1567
2007,6,15,10,1735
2007,6,15,11,1876
2007,6,15,12,1930
2007,6,15,13,1871
2007,6,15,14,1696
2007,6,15,15,1471
2007,6,15,16,1284
2007,6,15,17,1225
2007,6,15,18,1306
2007,6,15,19,1489
2007,6,15,20,1720
2007,6,15,21,1954
2007,6,15,22,2167
2007,6,15,23,2322
2007,6,16,0,2426
2007,6,16,1,2397
2007,6,16,2,2232
2007,6,16,3,1950
2007,6,16,4,1635
2007,6,16,5,1379
2007,6,16,6,1244
2007,6,16,7,1238
2007,6,16,8,1310
2007,6,16,9,1455
2007,6,16,10,1649
2007,6,16,11,1799
2007,6,16,12,1922
2007,6,16,13,1963
2007,6,16,14,1873
2007,6,16,15,1687
2007,6,16,16,1464
2007,6,16,17,1294
2007,6,16,18,1258
2007,6,16,19,1346
2007,6,16,20,1545
2007,6,16,21,1781
2007,6,16,22,2000
2007,6,16,23,2262
2007,6,17,0,2404
2007,6,17,1,2450
2007,6,17,2,2363
2007,6,17,3,2147
2007,6,17,4,1865
2007,6,17,5,1592
2007,6,17,6,1385
2007,6,17,7,1288
2007,6,17,8,1272
2007,6,17,9,1354
2007,6,17,10,1530
2007,6,17,11,1725
2007,6,17,12,1897
2007,6,17,13,1990
2007,6,17,14,1969
2007,6,17,15,1844
2007,6,17,16,1640
2007,6,17,17,1446
2007,6,17,18,1318
2007,6,17,19,1308
2007,6,17,20,1433
2007,6,17,21,1643
2007,6,17,22,1883
2007,6,17,23,2117
2007,6,18,0,2302
2007,6,18,1,2430
2007,6,18,2,2472
2007,6,18,3,2387
2007,6,18,4,2171
2007,6,18,5,1872
2007,6,18,6,1590
2007,6,18,7,1408
2007,6,18,8,1346
2007,6,18,9,1394
2007,6,18,10,1495
2007,6,18,11,1657
2007,6,18,12,1828
2007,6,18,13,1967
2007,6,18,14,2041
2007,6,18,15,2013
2007,6,18,16,1869
2007,6,18,17,1665
2007,6,18,18,1486
2007,6,18,19,1411
2007,6,18,20,1443
2007,6,18,21,1572
2007,6,18,22,1760
2007,6,18,23,1975
2007,6,19,0,2160
2007,6,19,1,2336
2007,6,19,2,2425
2007,6,19,3,2424
2007,6,19,4,2317
2007,6,19,5,2102
2007,6,19,6,1843
2007,6,19,7,1605
2007,6,19,8,1449
2007,6,19,9,1393
2007,6,19,10,1453
2007,6,19,11,1588
2007,6,19,12,1741
2007,6,19,13,1881
2007,6,19,14,1983
2007,6,19,15,2007
2007,6,19,16,1972
2007,6,19,17,1866
2007,6,19,18,1691
2007,6,19,19,1536
2007,6,19,20,1468
2007,6,19,21,1493
2007,6,19,22,1619
2007,6,19,23,1790
2007,6,20,0,1977
2007,6,20,1,2163
2007,6,20,2,2292
2007,6,20,3,2365
2007,6,20,4,2344
2007,6,20,5,2221
2007,6,20,6,2002
2007,6,20,7,1755
2007,6,20,8,1554
2007,6,20,9,1454
2007,6,20,10,1472
2007,6,20,11,1566
2007,6,20,12,1699
2007,6,20,13,1834
2007,6,20,14,1943
2007,6,20,15,2021
2007,6,20,16,2048
2007,6,20,17,2005
2007,6,20,18,1883
2007,6,20,19,1725
2007,6,20,20,1604
2007,6,20,21,1550
2007,6,20,22,1607
2007,6,20,23,1731
2007,6,21,0,1850
2007,6,21,1,2002
2007,6,21,2,2142
2007,6,21,3,2240
2007,6,21,4,2278
2007,6,21,5,2223
2007,6,21,6,2086
2007,6,21,7,1886
2007,6,21,8,1684
2007,6,21,9,1550
2007,6,21,10,1524
2007,6,21,11,1594
2007,6,21,12,1686
2007,6,21,13,1803
2007,6,21,14,1923
2007,6,21,15,2024
2007,6,21,16,2088
2007,6,21,17,2096
2007,6,21,18,2030
2007,6,21,19,1908
2007,6,21,20,1774
2007,6,21,21,1678
2007,6,21,22,1648
2007,6,21,23,1693
2007,6,22,0,1780
2007,6,22,1,1898
2007,6,22,2,2019
2007,6,22,3,2121
2007,6,22,4,2189
2007,6,22,5,2183
2007,6,22,6,2098
2007,6,22,7,1952
2007,6,22,8,1774
2007,6,22,9,1622
2007,6,22,10,1556
2007,6,22,11,1577
2007,6,22,12,1639
2007,6,22,13,1733
2007,6,22,14,1821
2007,6,22,15,1928
2007,6,22,16,2018
2007,6,22,17,2074
2007,6,22,18,2078
2007,6,22,19,2017
2007,6,22,20,1907
2007,6,22,21,1787
2007,6,22,22,1698
2007,6,22,23,1669
2007,6,23,0,1703
2007,6,23,1,1792
2007,6,23,2,1909
2007,6,23,3,2005
2007,6,23,4,2074
2007,6,23,5,2091
2007,6,23,6,2064
2007,6,23,7,1991
2007,6,23,8,1874
2007,6,23,9,1748
2007,6,23,10,1648
2007,6,23,11,1603
2007,6,23,12,1613
2007,6,23,13,1672
2007,6,23,14,1754
2007,6,23,15,1837
2007,6,23,16,1934
2007,6,23,17,2026
2007,6,23,18,2102
2007,6,23,19,2133
2007,6,23,20,2081
2007,6,23,21,1974
2007,6,23,22,1850
2007,6,23,23,1767
2007,6,24,0,1737
2007,6,24,1,1755
2007,6,24,2,1825
2007,6,24,3,1898
2007,6,24,4,1941
2007,6,24,5,1968
2007,6,24,6,1978
2007,6,24,7,1956
2007,6,24,8,1898
2007,6,24,9,1804
2007,6,24,10,1691
2007,6,24,11,1616
2007,6,24,12,1590
2007,6,24,13,1615
2007,6,24,14,1679
2007,6,24,15,1777
2007,6,24,16,1863
2007,6,24,17,1979
2007,6,24,18,2088
2007,6,24,19,2159
2007,6,24,20,2171
2007,6,24,21,2097
2007,6,24,22,1970
2007,6,24,23,1834
2007,6,25,0,1759
2007,6,25,1,1698
2007,6,25,2,1699
2007,6,25,3,1737
2007,6,25,4,1798
2007,6,25,5,1859
2007,6,25,6,1910
2007,6,25,7,1939
2007,6,25,8,1929
2007,6,25,9,1869
2007,6,25,10,1755
2007,6,25,11,1652
2007,6,25,12,1602
2007,6,25,13,1605
2007,6,25,14,1618
2007,6,25,15,1680
2007,6,25,16,1778
2007,6,25,17,1902
2007,6,25,18,2029
2007,6,25,19,2130
2007,6,25,20,2181
2007,6,25,21,2164
2007,6,25,22,2080
2007,6,25,23,1954
2007,6,26,0,1817
2007,6,26,1,1714
2007,6,26,2,1666
2007,6,26,3,1665
2007,6,26,4,1693
2007,6,26,5,1729
2007,6,26,6,1773
2007,6,26,7,1812
2007,6,26,8,1846
2007,6,26,9,1854
2007,6,26,10,1819
2007,6,26,11,1747
2007,6,26,12,1651
2007,6,26,13,1565
2007,6,26,14,1522
2007,6,26,15,1556
2007,6,26,16,1633
2007,6,26,17,1759
2007,6,26,18,1908
2007,6,26,19,2052
2007,6,26,20,2156
2007,6,26,21,2197
2007,6,26,22,2161
2007,6,26,23,2058
2007,6,27,0,1921
2007,6,27,1,1759
2007,6,27,2,1645
2007,6,27,3,1592
2007,6,27,4,1579
2007,6,27,5,1596
2007,6,27,6,1633
2007,6,27,7,1685
2007,6,27,8,1741
2007,6,27,9,1789
2007,6,27,10,1801
2007,6,27,11,1747
2007,6,27,12,1656
2007,6,27,13,1550
2007,6,27,14,1462
2007,6,27,15,1428
2007,6,27,16,1469
2007,6,27,17,1579
2007,6,27,18,1737
2007,6,27,19,1915
2007,6,27,20,2073
2007,6,27,21,2176
2007,6,27,22,2203
2007,6,27,23,2147
2007,6,28,0,2020
2007,6,28,1,1830
2007,6,28,2,1655
2007,6,28,3,1536
2007,6,28,4,1492
2007,6,28,5,1491
2007,6,28,6,1512
2007,6,28,7,1564
2007,6,28,8,1644
2007,6,28,9,1736
2007,6,28,10,1809
2007,6,28,11,1825
2007,6,28,12,1739
2007,6,28,13,1593
2007,6,28,14,1449
2007,6,28,15,1361
2007,6,28,16,1362
2007,6,28,17,1428
2007,6,28,18,1593
2007,6,28,19,1781
2007,6,28,20,1977
2007,6,28,21,2136
2007,6,28,22,2225
2007,6,28,23,2226
2007,6,29,0,2137
2007,6,29,1,1974
2007,6,29,2,1782
2007,6,29,3,1593
2007,6,29,4,1452
2007,6,29,5,1386
2007,6,29,6,1402
2007,6,29,7,1470
2007,6,29,8,1577
2007,6,29,9,1691
2007,6,29,10,1789
2007,6,29,11,1824
2007,6,29,12,1786
2007,6,29,13,1677
2007,6,29,14,1527
2007,6,29,15,1382
2007,6,29,16,1297
2007,6,29,17,1310
2007,6,29,18,1420
2007,6,29,19,1597
2007,6,29,20,1808
2007,6,29,21,2012
2007,6,29,22,2164
2007,6,29,23,2233
2007,6,30,0,2202
2007,6,30,1,2073
2007,6,30,2,1875
2007,6,30,3,1648
2007,6,30,4,1451
2007,6,30,5,1325
2007,6,30,6,1295
2007,6,30,7,1356
2007,6,30,8,1465
2007,6,30,9,1602
2007,6,30,10,1754
2007,6,30,11,1848
2007,6,30,12,1867
2007,6,30,13,1796
2007,6,30,14,1651
2007,6,30,15,1477
2007,6,30,16,1335
2007,6,30,17,1282
2007,6,30,18,1338
2007,6,30,19,1481
2007,6,30,20,1685
2007,6,30,21,1904
2007,6,30,22,2100
2007,6,30,23,2230
2007,7,1,0,2261
2007,7,1,1,2194
2007,7,1,2,2024
2007,7,1,3,1787
2007,7,1,4,1538
2007,7,1,5,1338
2007,7,1,6,1235
2007,7,1,7,1228
2007,7,1,8,1302
2007,7,1,9,1450
2007,7,1,10,1630
2007,7,1,11,1789
2007,7,1,12,1871
2007,7,1,13,1847
2007,7,1,14,1718
2007,7,1,15,1537
2007,7,1,16,1355
2007,7,1,17,1250
2007,7,1,18,1245
2007,7,1,19,1357
2007,7,1,20,1521
2007,7,1,21,1744
2007,7,1,22,1978
2007,7,1,23,2177
2007,7,2,0,2296
2007,7,2,1,2302
2007,7,2,2,2195
2007,7,2,3,1978
2007,7,2,4,1702
2007,7,2,5,1448
2007,7,2,6,1264
2007,7,2,7,1208
2007,7,2,8,1250
2007,7,2,9,1375
2007,7,2,10,1549
2007,7,2,11,1724
2007,7,2,12,1859
2007,7,2,13,1914
2007,7,2,14,1863
2007,7,2,15,1713
2007,7,2,16,1510
2007,7,2,17,1330
2007,7,2,18,1262
2007,7,2,19,1293
2007,7,2,20,1429
2007,7,2,21,1620
2007,7,2,22,1846
2007,7,2,23,2072
2007,7,3,0,2247
2007,7,3,1,2331
2007,7,3,2,2305
2007,7,3,3,2160
2007,7,3,4,1909
2007,7,3,5,1628
2007,7,3,6,1382
2007,7,3,7,1243
2007,7,3,8,1231
2007,7,3,9,1314
2007,7,3,10,1473
2007,7,3,11,1660
2007,7,3,12,1814
2007,7,3,13,1929
2007,7,3,14,1952
2007,7,3,15,1867
2007,7,3,16,1690
2007,7,3,17,1483
2007,7,3,18,1325
2007,7,3,19,1268
2007,7,3,20,1324
2007,7,3,21,1474
2007,7,3,22,1684
2007,7,3,23,1921
2007,7,4,0,2140
2007,7,4,1,2289
2007,7,4,2,2343
2007,7,4,3,2285
2007,7,4,4,2101
2007,7,4,5,1830
2007,7,4,6,1537
2007,7,4,7,1328
2007,7,4,8,1260
2007,7,4,9,1315
2007,7,4,10,1455
2007,7,4,11,1620
2007,7,4,12,1768
2007,7,4,13,1896
2007,7,4,14,1965
2007,7,4,15,1959
2007,7,4,16,1877
2007,7,4,17,1686
2007,7,4,18,1486
2007,7,4,19,1362
2007,7,4,20,1341
2007,7,4,21,1415
2007,7,4,22,1572
2007,7,4,23,1779
2007,7,5,0,1998
2007,7,5,1,2164
2007,7,5,2,2284
2007,7,5,3,2314
2007,7,5,4,2213
2007,7,5,5,1994
2007,7,5,6,1708
2007,7,5,7,1445
2007,7,5,8,1283
2007,7,5,9,1263
2007,7,5,10,1351
2007,7,5,11,1515
2007,7,5,12,1690
2007,7,5,13,1843
2007,7,5,14,1962
2007,7,5,15,2019
2007,7,5,16,2001
2007,7,5,17,1885
2007,7,5,18,1703
2007,7,5,19,1530
2007,7,5,20,1428
2007,7,5,21,1422
2007,7,5,22,1504
2007,7,5,23,1659
2007,7,6,0,1850
2007,7,6,1,2021
2007,7,6,2,2185
2007,7,6,3,2295
2007,7,6,4,2290
2007,7,6,5,2144
2007,7,6,6,1889
2007,7,6,7,1615
2007,7,6,8,1401
2007,7,6,9,1309
2007,7,6,10,1331
2007,7,6,11,1452
2007,7,6,12,1601
2007,7,6,13,1771
2007,7,6,14,1927
2007,7,6,15,2041
2007,7,6,16,2089
2007,7,6,17,2050
2007,7,6,18,1918
2007,7,6,19,1772
2007,7,6,20,1598
2007,7,6,21,1493
2007,7,6,22,1478
2007,7,6,23,1550
2007,7,7,0,1682
2007,7,7,1,1843
2007,7,7,2,2000
2007,7,7,3,2116
2007,7,7,4,2163
2007,7,7,5,2124
2007,7,7,6,1973
2007,7,7,7,1750
2007,7,7,8,1527
2007,7,7,9,1376
2007,7,7,10,1333
2007,7,7,11,1388
2007,7,7,12,1497
2007,7,7,13,1643
2007,7,7,14,1796
2007,7,7,15,1943
2007,7,7,16,2068
2007,7,7,17,2132
2007,7,7,18,2101
2007,7,7,19,1979
2007,7,7,20,1812
2007,7,7,21,1652
2007,7,7,22,1562
2007,7,7,23,1549
2007,7,8,0,1605
2007,7,8,1,1708
2007,7,8,2,1831
2007,7,8,3,1942
2007,7,8,4,2031
2007,7,8,5,2066
2007,7,8,6,2007
2007,7,8,7,1861
2007,7,8,8,1676
2007,7,8,9,1503
2007,7,8,10,1396
2007,7,8,11,1377
2007,7,8,12,1434
2007,7,8,13,1545
2007,7,8,14,1695
2007,7,8,15,1840
2007,7,8,16,1980
2007,7,8,17,2105
2007,7,8,18,2177
2007,7,8,19,2148
2007,7,8,20,2046
2007,7,8,21,1874
2007,7,8,22,1729
2007,7,8,23,1600
2007,7,9,0,1562
2007,7,9,1,1596
2007,7,9,2,1657
2007,7,9,3,1737
2007,7,9,4,1813
2007,7,9,5,1892
2007,7,9,6,1947
2007,7,9,7,1936
2007,7,9,8,1820
2007,7,9,9,1649
2007,7,9,10,1493
2007,7,9,11,1412
2007,7,9,12,1405
2007,7,9,13,1457
2007,7,9,14,1553
2007,7,9,15,1681
2007,7,9,16,1836
2007,7,9,17,2004
2007,7,9,18,2158
2007,7,9,19,2241
2007,7,9,20,2216
2007,7,9,21,2102
2007,7,9,22,1938
2007,7,9,23,1774
2007,7,10,0,1642
2007,7,10,1,1571
2007,7,10,2,1563
2007,7,10,3,1590
2007,7,10,4,1655
2007,7,10,5,1730
2007,7,10,6,1813
2007,7,10,7,1875
2007,7,10,8,1871
2007,7,10,9,1785
2007,7,10,10,1661
2007,7,10,11,1542
2007,7,10,12,1458
2007,7,10,13,1433
2007,7,10,14,1462
2007,7,10,15,1539
2007,7,10,16,1688
2007,7,10,17,1869
2007,7,10,18,2056
2007,7,10,19,2215
2007,7,10,20,2292
2007,7,10,21,2256
2007,7,10,22,2121
2007,7,10,23,1953
2007,7,11,0,1784
2007,7,11,1,1639
2007,7,11,2,1536
2007,7,11,3,1489
2007,7,11,4,1492
2007,7,11,5,1545
2007,7,11,6,1625
2007,7,11,7,1712
2007,7,11,8,1768
2007,7,11,9,1794
2007,7,11,10,1751
2007,7,11,11,1657
2007,7,11,12,1531
2007,7,11,13,1427
2007,7,11,14,1389
2007,7,11,15,1419
2007,7,11,16,1506
2007,7,11,17,1658
2007,7,11,18,1846
2007,7,11,19,2054
2007,7,11,20,2224
2007,7,11,21,2300
2007,7,11,22,2263
2007,7,11,23,2131
2007,7,12,0,1950
2007,7,12,1,1769
2007,7,12,2,1610
2007,7,12,3,1492
2007,7,12,4,1437
2007,7,12,5,1444
2007,7,12,6,1512
2007,7,12,7,1623
2007,7,12,8,1740
2007,7,12,9,1836
2007,7,12,10,1876
2007,7,12,11,1836
2007,7,12,12,1715
2007,7,12,13,1559
2007,7,12,14,1431
2007,7,12,15,1376
2007,7,12,16,1391
2007,7,12,17,1488
2007,7,12,18,1661
2007,7,12,19,1882
2007,7,12,20,2111
2007,7,12,21,2276
2007,7,12,22,2346
2007,7,12,23,2309
2007,7,13,0,2165
2007,7,13,1,1969
2007,7,13,2,1752
2007,7,13,3,1556
2007,7,13,4,1422
2007,7,13,5,1363
2007,7,13,6,1389
2007,7,13,7,1483
2007,7,13,8,1618
2007,7,13,9,1759
2007,7,13,10,1868
2007,7,13,11,1899
2007,7,13,12,1844
2007,7,13,13,1706
2007,7,13,14,1530
2007,7,13,15,1373
2007,7,13,16,1296
2007,7,13,17,1334
2007,7,13,18,1469
2007,7,13,19,1662
2007,7,13,20,1882
2007,7,13,21,2100
2007,7,13,22,2272
2007,7,13,23,2365
2007,7,14,0,2335
2007,7,14,1,2180
2007,7,14,2,1949
2007,7,14,3,1691
2007,7,14,4,1466
2007,7,14,5,1330
2007,7,14,6,1302
2007,7,14,7,1345
2007,7,14,8,1444
2007,7,14,9,1590
2007,7,14,10,1757
2007,7,14,11,1889
2007,7,14,12,1927
2007,7,14,13,1841
2007,7,14,14,1655
2007,7,14,15,1445
2007,7,14,16,1283
2007,7,14,17,1222
2007,7,14,18,1289
2007,7,14,19,1449
2007,7,14,20,1668
2007,7,14,21,1902
2007,7,14,22,2091
2007,7,14,23,2277
2007,7,15,0,2356
2007,7,15,1,2305
2007,7,15,2,2123
2007,7,15,3,1856
2007,7,15,4,1574
2007,7,15,5,1361
2007,7,15,6,1255
2007,7,15,7,1251
2007,7,15,8,1337
2007,7,15,9,1485
2007,7,15,10,1674
2007,7,15,11,1863
2007,7,15,12,1988
2007,7,15,13,1997
2007,7,15,14,1868
2007,7,15,15,1645
2007,7,15,16,1413
2007,7,15,17,1254
2007,7,15,18,1220
2007,7,15,19,1321
2007,7,15,20,1517
2007,7,15,21,1762
2007,7,15,22,1979
2007,7,15,23,2196
2007,7,16,0,2323
2007,7,16,1,2377
2007,7,16,2,2309
2007,7,16,3,2099
2007,7,16,4,1801
2007,7,16,5,1509
2007,7,16,6,1321
2007,7,16,7,1243
2007,7,16,8,1278
2007,7,16,9,1398
2007,7,16,10,1589
2007,7,16,11,1801
2007,7,16,12,1973
2007,7,16,13,2052
2007,7,16,14,2017
2007,7,16,15,1861
2007,7,16,16,1623
2007,7,16,17,1402
2007,7,16,18,1274
2007,7,16,19,1278
2007,7,16,20,1422
2007,7,16,21,1618
2007,7,16,22,1830
2007,7,16,23,2043
2007,7,17,0,2214
2007,7,17,1,2319
2007,7,17,2,2314
2007,7,17,3,2183
2007,7,17,4,1945
2007,7,17,5,1645
2007,7,17,6,1389
2007,7,17,7,1234
2007,7,17,8,1196
2007,7,17,9,1289
2007,7,17,10,1467
2007,7,17,11,1684
2007,7,17,12,1871
2007,7,17,13,1974
2007,7,17,14,1999
2007,7,17,15,1929
2007,7,17,16,1776
2007,7,17,17,1547
2007,7,17,18,1389
2007,7,17,19,1305
2007,7,17,20,1344
2007,7,17,21,1477
2007,7,17,22,1668
2007,7,17,23,1884
2007,7,18,0,2080
2007,7,18,1,2209
2007,7,18,2,2255
2007,7,18,3,2202
2007,7,18,4,2046
2007,7,18,5,1805
2007,7,18,6,1533
2007,7,18,7,1310
2007,7,18,8,1218
2007,7,18,9,1268
2007,7,18,10,1426
2007,7,18,11,1618
2007,7,18,12,1795
2007,7,18,13,1923
2007,7,18,14,1991
2007,7,18,15,1970
2007,7,18,16,1850
2007,7,18,17,1687
2007,7,18,18,1509
2007,7,18,19,1393
2007,7,18,20,1365
2007,7,18,21,1424
2007,7,18,22,1604
2007,7,18,23,1825
2007,7,19,0,1957
2007,7,19,1,2111
2007,7,19,2,2192
2007,7,19,3,2192
2007,7,19,4,2091
2007,7,19,5,1904
2007,7,19,6,1668
2007,7,19,7,1464
2007,7,19,8,1337
2007,7,19,9,1318
2007,7,19,10,1417
2007,7,19,11,1598
2007,7,19,12,1807
2007,7,19,13,1967
2007,7,19,14,2071
2007,7,19,15,2087
2007,7,19,16,2025
2007,7,19,17,1896
2007,7,19,18,1731
2007,7,19,19,1582
2007,7,19,20,1501
2007,7,19,21,1513
2007,7,19,22,1600
2007,7,19,23,1759
2007,7,20,0,1907
2007,7,20,1,2045
2007,7,20,2,2146
2007,7,20,3,2174
2007,7,20,4,2126
2007,7,20,5,2004
2007,7,20,6,1801
2007,7,20,7,1581
2007,7,20,8,1412
2007,7,20,9,1353
2007,7,20,10,1412
2007,7,20,11,1538
2007,7,20,12,1700
2007,7,20,13,1858
2007,7,20,14,1966
2007,7,20,15,2026
2007,7,20,16,2035
2007,7,20,17,1986
2007,7,20,18,1869
2007,7,20,19,1703
2007,7,20,20,1556
2007,7,20,21,1500
2007,7,20,22,1541
2007,7,20,23,1672
2007,7,21,0,1801
2007,7,21,1,1932
2007,7,21,2,2034
2007,7,21,3,2090
2007,7,21,4,2091
2007,7,21,5,2013
2007,7,21,6,1854
2007,7,21,7,1665
2007,7,21,8,1504
2007,7,21,9,1422
2007,7,21,10,1433
2007,7,21,11,1513
2007,7,21,12,1646
2007,7,21,13,1797
2007,7,21,14,1929
2007,7,21,15,2037
2007,7,21,16,2091
2007,7,21,17,2079
2007,7,21,18,2014
2007,7,21,19,1909
2007,7,21,20,1784
2007,7,21,21,1691
2007,7,21,22,1655
2007,7,21,23,1684
2007,7,22,0,1760
2007,7,22,1,1856
2007,7,22,2,1950
2007,7,22,3,2010
2007,7,22,4,2024
2007,7,22,5,1995
2007,7,22,6,1911
2007,7,22,7,1772
2007,7,22,8,1613
2007,7,22,9,1494
2007,7,22,10,1467
2007,7,22,11,1522
2007,7,22,12,1622
2007,7,22,13,1735
2007,7,22,14,1835
2007,7,22,15,1940
2007,7,22,16,2027
2007,7,22,17,2080
2007,7,22,18,2087
2007,7,22,19,2024
2007,7,22,20,1910
2007,7,22,21,1796
2007,7,22,22,1719
2007,7,22,23,1708
2007,7,23,0,1729
2007,7,23,1,1790
2007,7,23,2,1866
2007,7,23,3,1923
2007,7,23,4,1953
2007,7,23,5,1957
2007,7,23,6,1922
2007,7,23,7,1846
2007,7,23,8,1732
2007,7,23,9,1609
2007,7,23,10,1540
2007,7,23,11,1528
2007,7,23,12,1571
2007,7,23,13,1654
2007,7,23,14,1747
2007,7,23,15,1841
2007,7,23,16,1936
2007,7,23,17,2030
2007,7,23,18,2088
2007,7,23,19,2100
2007,7,23,20,2055
2007,7,23,21,1971
2007,7,23,22,1882
2007,7,23,23,1820
2007,7,24,0,1791
2007,7,24,1,1793
2007,7,24,2,1821
2007,7,24,3,1856
2007,7,24,4,1888
2007,7,24,5,1905
2007,7,24,6,1898
2007,7,24,7,1864
2007,7,24,8,1792
2007,7,24,9,1712
2007,7,24,10,1650
2007,7,24,11,1615
2007,7,24,12,1598
2007,7,24,13,1618
2007,7,24,14,1686
2007,7,24,15,1781
2007,7,24,16,1903
2007,7,24,17,2024
2007,7,24,18,2108
2007,7,24,19,2158
2007,7,24,20,2158
2007,7,24,21,2102
2007,7,24,22,2011
2007,7,24,23,1916
2007,7,25,0,1843
2007,7,25,1,1786
2007,7,25,2,1764
2007,7,25,3,1778
2007,7,25,4,1807
2007,7,25,5,1835
2007,7,25,6,1859
2007,7,25,7,1874
2007,7,25,8,1860
2007,7,25,9,1815
2007,7,25,10,1757
2007,7,25,11,1706
2007,7,25,12,1663
2007,7,25,13,1640
2007,7,25,14,1656
2007,7,25,15,1706
2007,7,25,16,1800
2007,7,25,17,1923
2007,7,25,18,2054
2007,7,25,19,2163
2007,7,25,20,2224
2007,7,25,21,2221
2007,7,25,22,2159
2007,7,25,23,2060
2007,7,26,0,1950
2007,7,26,1,1844
2007,7,26,2,1775
2007,7,26,3,1735
2007,7,26,4,1733
2007,7,26,5,1755
2007,7,26,6,1792
2007,7,26,7,1822
2007,7,26,8,1838
2007,7,26,9,1844
2007,7,26,10,1830
2007,7,26,11,1786
2007,7,26,12,1716
2007,7,26,13,1635
2007,7,26,14,1576
2007,7,26,15,1591
2007,7,26,16,1654
2007,7,26,17,1767
2007,7,26,18,1912
2007,7,26,19,2063
2007,7,26,20,2181
2007,7,26,21,2223
2007,7,26,22,2213
2007,7,26,23,2136
2007,7,27,0,2013
2007,7,27,1,1887
2007,7,27,2,1760
2007,7,27,3,1665
2007,7,27,4,1623
2007,7,27,5,1624
2007,7,27,6,1648
2007,7,27,7,1700
2007,7,27,8,1769
2007,7,27,9,1845
2007,7,27,10,1885
2007,7,27,11,1862
2007,7,27,12,1781
2007,7,27,13,1666
2007,7,27,14,1565
2007,7,27,15,1518
2007,7,27,16,1529
2007,7,27,17,1605
2007,7,27,18,1749
2007,7,27,19,1933
2007,7,27,20,2113
2007,7,27,21,2260
2007,7,27,22,2321
2007,7,27,23,2283
2007,7,28,0,2152
2007,7,28,1,1981
2007,7,28,2,1818
2007,7,28,3,1675
2007,7,28,4,1572
2007,7,28,5,1532
2007,7,28,6,1542
2007,7,28,7,1608
2007,7,28,8,1724
2007,7,28,9,1845
2007,7,28,10,1926
2007,7,28,11,1938
2007,7,28,12,1874
2007,7,28,13,1749
2007,7,28,14,1597
2007,7,28,15,1471
2007,7,28,16,1410
2007,7,28,17,1432
2007,7,28,18,1554
2007,7,28,19,1748
2007,7,28,20,1971
2007,7,28,21,2178
2007,7,28,22,2317
2007,7,28,23,2359
2007,7,29,0,2298
2007,7,29,1,2137
2007,7,29,2,1919
2007,7,29,3,1688
2007,7,29,4,1504
2007,7,29,5,1405
2007,7,29,6,1398
2007,7,29,7,1469
2007,7,29,8,1594
2007,7,29,9,1733
2007,7,29,10,1877
2007,7,29,11,1965
2007,7,29,12,1967
2007,7,29,13,1864
2007,7,29,14,1692
2007,7,29,15,1524
2007,7,29,16,1392
2007,7,29,17,1356
2007,7,29,18,1427
2007,7,29,19,1587
2007,7,29,20,1816
2007,7,29,21,2065
2007,7,29,22,2277
2007,7,29,23,2412
2007,7,30,0,2426
2007,7,30,1,2325
2007,7,30,2,2117
2007,7,30,3,1858
2007,7,30,4,1610
2007,7,30,5,1448
2007,7,30,6,1388
2007,7,30,7,1429
2007,7,30,8,1546
2007,7,30,9,1708
2007,7,30,10,1892
2007,7,30,11,2042
2007,7,30,12,2119
2007,7,30,13,2089
2007,7,30,14,1927
2007,7,30,15,1710
2007,7,30,16,1497
2007,7,30,17,1363
2007,7,30,18,1368
2007,7,30,19,1490
2007,7,30,20,1690
2007,7,30,21,1937
2007,7,30,22,2176
2007,7,30,23,2367
2007,7,31,0,2469
2007,7,31,1,2457
2007,7,31,2,2296
2007,7,31,3,2025
2007,7,31,4,1728
2007,7,31,5,1482
2007,7,31,6,1354
2007,7,31,7,1338
2007,7,31,8,1416
2007,7,31,9,1568
2007,7,31,10,1783
2007,7,31,11,2002
2007,7,31,12,2155
2007,7,31,13,2190
2007,7,31,14,2078
2007,7,31,15,1866
2007,7,31,16,1618
2007,7,31,17,1423
2007,7,31,18,1338
2007,7,31,19,1375
2007,7,31,20,1518
2007,7,31,21,1726
2007,7,31,22,1975
2007,7,31,23,2220
2007,8,1,0,2405
2007,8,1,1,2485
2007,8,1,2,2417
2007,8,1,3,2184
2007,8,1,4,1864
2007,8,1,5,1556
2007,8,1,6,1344
2007,8,1,7,1272
2007,8,1,8,1322
2007,8,1,9,1455
2007,8,1,10,1657
2007,8,1,11,1887
2007,8,1,12,2085
2007,8,1,13,2204
2007,8,1,14,2197
2007,8,1,15,2056
2007,8,1,16,1807
2007,8,1,17,1555
2007,8,1,18,1369
2007,8,1,19,1306
2007,8,1,20,1383
2007,8,1,21,1547
2007,8,1,22,1775
2007,8,1,23,2027
2007,8,2,0,2246
2007,8,2,1,2394
2007,8,2,2,2427
2007,8,2,3,2293
2007,8,2,4,2014
2007,8,2,5,1687
2007,8,2,6,1405
2007,8,2,7,1251
2007,8,2,8,1236
2007,8,2,9,1331
2007,8,2,10,1524
2007,8,2,11,1776
2007,8,2,12,2025
2007,8,2,13,2213
2007,8,2,14,2303
2007,8,2,15,2262
2007,8,2,16,2081
2007,8,2,17,1816
2007,8,2,18,1565
2007,8,2,19,1406
2007,8,2,20,1397
2007,8,2,21,1501
2007,8,2,22,1686
2007,8,2,23,1911
2007,8,3,0,2119
2007,8,3,1,2298
2007,8,3,2,2406
2007,8,3,3,2392
2007,8,3,4,2230
2007,8,3,5,1939
2007,8,3,6,1612
2007,8,3,7,1351
2007,8,3,8,1248
2007,8,3,9,1299
2007,8,3,10,1462
2007,8,3,11,1690
2007,8,3,12,1934
2007,8,3,13,2161
2007,8,3,14,2322
2007,8,3,15,2380
2007,8,3,16,2310
2007,8,3,17,2109
2007,8,3,18,1836
2007,8,3,19,1587
2007,8,3,20,1447
2007,8,3,21,1434
2007,8,3,22,1527
2007,8,3,23,1701
2007,8,4,0,1895
2007,8,4,1,2079
2007,8,4,2,2209
2007,8,4,3,2253
2007,8,4,4,2189
2007,8,4,5,2005
2007,8,4,6,1735
2007,8,4,7,1457
2007,8,4,8,1285
2007,8,4,9,1250
2007,8,4,10,1356
2007,8,4,11,1553
2007,8,4,12,1777
2007,8,4,13,1993
2007,8,4,14,2157
2007,8,4,15,2271
2007,8,4,16,2292
2007,8,4,17,2197
2007,8,4,18,2003
2007,8,4,19,1756
2007,8,4,20,1561
2007,8,4,21,1485
2007,8,4,22,1503
2007,8,4,23,1595
2007,8,5,0,1707
2007,8,5,1,1850
2007,8,5,2,1976
2007,8,5,3,2070
2007,8,5,4,2101
2007,8,5,5,2012
2007,8,5,6,1809
2007,8,5,7,1559
2007,8,5,8,1353
2007,8,5,9,1264
2007,8,5,10,1312
2007,8,5,11,1453
2007,8,5,12,1633
2007,8,5,13,1818
2007,8,5,14,1982
2007,8,5,15,2126
2007,8,5,16,2222
2007,8,5,17,2223
2007,8,5,18,2128
2007,8,5,19,1944
2007,8,5,20,1729
2007,8,5,21,1561
2007,8,5,22,1484
2007,8,5,23,1512
2007,8,6,0,1597
2007,8,6,1,1705
2007,8,6,2,1810
2007,8,6,3,1893
2007,8,6,4,1951
2007,8,6,5,1954
2007,8,6,6,1864
2007,8,6,7,1695
2007,8,6,8,1495
2007,8,6,9,1334
2007,8,6,10,1290
2007,8,6,11,1361
2007,8,6,12,1507
2007,8,6,13,1676
2007,8,6,14,1845
2007,8,6,15,2003
2007,8,6,16,2126
2007,8,6,17,2207
2007,8,6,18,2218
2007,8,6,19,2136
2007,8,6,20,1974
2007,8,6,21,1802
2007,8,6,22,1650
2007,8,6,23,1565
2007,8,7,0,1557
2007,8,7,1,1621
2007,8,7,2,1707
2007,8,7,3,1782
2007,8,7,4,1838
2007,8,7,5,1880
2007,8,7,6,1881
2007,8,7,7,1831
2007,8,7,8,1719
2007,8,7,9,1575
2007,8,7,10,1476
2007,8,7,11,1451
2007,8,7,12,1501
2007,8,7,13,1615
2007,8,7,14,1756
2007,8,7,15,1874
2007,8,7,16,1985
2007,8,7,17,2090
2007,8,7,18,2181
2007,8,7,19,2213
2007,8,7,20,2153
2007,8,7,21,2027
2007,8,7,22,1866
2007,8,7,23,1724
2007,8,8,0,1619
2007,8,8,1,1573
2007,8,8,2,1575
2007,8,8,3,1593
2007,8,8,4,1627
2007,8,8,5,1683
2007,8,8,6,1731
2007,8,8,7,1765
2007,8,8,8,1746
2007,8,8,9,1670
2007,8,8,10,1569
2007,8,8,11,1483
2007,8,8,12,1443
2007,8,8,13,1470
2007,8,8,14,1546
2007,8,8,15,1642
2007,8,8,16,1743
2007,8,8,17,1848
2007,8,8,18,1968
2007,8,8,19,2080
2007,8,8,20,2147
2007,8,8,21,2139
2007,8,8,22,2045
2007,8,8,23,1879
2007,8,9,0,1719
2007,8,9,1,1630
2007,8,9,2,1584
2007,8,9,3,1555
2007,8,9,4,1534
2007,8,9,5,1538
2007,8,9,6,1595
2007,8,9,7,1695
2007,8,9,8,1786
2007,8,9,9,1807
2007,8,9,10,1754
2007,8,9,11,1661
2007,8,9,12,1572
2007,8,9,13,1515
2007,8,9,14,1511
2007,8,9,15,1549
2007,8,9,16,1607
2007,8,9,17,1707
2007,8,9,18,1846
2007,8,9,19,2013
2007,8,9,20,2161
2007,8,9,21,2248
2007,8,9,22,2244
2007,8,9,23,2132
2007,8,10,0,1951
2007,8,10,1,1774
2007,8,10,2,1632
2007,8,10,3,1534
2007,8,10,4,1486
2007,8,10,5,1484
2007,8,10,6,1532
2007,8,10,7,1625
2007,8,10,8,1746
2007,8,10,9,1836
2007,8,10,10,1862
2007,8,10,11,1829
2007,8,10,12,1745
2007,8,10,13,1634
2007,8,10,14,1523
2007,8,10,15,1465
2007,8,10,16,1470
2007,8,10,17,1549
2007,8,10,18,1695
2007,8,10,19,1876
2007,8,10,20,2064
2007,8,10,21,2216
2007,8,10,22,2308
2007,8,10,23,2297
2007,8,11,0,2175
2007,8,11,1,1982
2007,8,11,2,1763
2007,8,11,3,1566
2007,8,11,4,1448
2007,8,11,5,1412
2007,8,11,6,1442
2007,8,11,7,1532
2007,8,11,8,1661
2007,8,11,9,1802
2007,8,11,10,1923
2007,8,11,11,1972
2007,8,11,12,1922
2007,8,11,13,1780
2007,8,11,14,1593
2007,8,11,15,1435
2007,8,11,16,1355
2007,8,11,17,1391
2007,8,11,18,1531
2007,8,11,19,1726
2007,8,11,20,1947
2007,8,11,21,2145
2007,8,11,22,2300
2007,8,11,23,2375
2007,8,12,0,2343
2007,8,12,1,2200
2007,8,12,2,1963
2007,8,12,3,1694
2007,8,12,4,1490
2007,8,12,5,1389
2007,8,12,6,1383
2007,8,12,7,1458
2007,8,12,8,1589
2007,8,12,9,1766
2007,8,12,10,1950
2007,8,12,11,2089
2007,8,12,12,2114
2007,8,12,13,2004
2007,8,12,14,1796
2007,8,12,15,1578
2007,8,12,16,1427
2007,8,12,17,1368
2007,8,12,18,1426
2007,8,12,19,1582
2007,8,12,20,1779
2007,8,12,21,2002
2007,8,12,22,2208
2007,8,12,23,2359
2007,8,13,0,2400
2007,8,13,1,2331
2007,8,13,2,2142
2007,8,13,3,1866
2007,8,13,4,1598
2007,8,13,5,1403
2007,8,13,6,1315
2007,8,13,7,1327
2007,8,13,8,1430
2007,8,13,9,1605
2007,8,13,10,1804
2007,8,13,11,1990
2007,8,13,12,2102
2007,8,13,13,2084
2007,8,13,14,1937
2007,8,13,15,1711
2007,8,13,16,1475
2007,8,13,17,1325
2007,8,13,18,1299
2007,8,13,19,1387
2007,8,13,20,1562
2007,8,13,21,1782
2007,8,13,22,1991
2007,8,13,23,2161
2007,8,14,0,2270
2007,8,14,1,2301
2007,8,14,2,2198
2007,8,14,3,1953
2007,8,14,4,1651
2007,8,14,5,1388
2007,8,14,6,1239
2007,8,14,7,1230
2007,8,14,8,1305
2007,8,14,9,1464
2007,8,14,10,1674
2007,8,14,11,1890
2007,8,14,12,2056
2007,8,14,13,2098
2007,8,14,14,2019
2007,8,14,15,1830
2007,8,14,16,1580
2007,8,14,17,1377
2007,8,14,18,1278
2007,8,14,19,1308
2007,8,14,20,1443
2007,8,14,21,1642
2007,8,14,22,1871
2007,8,14,23,2076
2007,8,15,0,2206
2007,8,15,1,2248
2007,8,15,2,2174
2007,8,15,3,1994
2007,8,15,4,1742
2007,8,15,5,1468
2007,8,15,6,1265
2007,8,15,7,1178
2007,8,15,8,1222
2007,8,15,9,1380
2007,8,15,10,1600
2007,8,15,11,1831
2007,8,15,12,2010
2007,8,15,13,2103
2007,8,15,14,2084
2007,8,15,15,1948
2007,8,15,16,1728
2007,8,15,17,1494
2007,8,15,18,1334
2007,8,15,19,1283
2007,8,15,20,1357
2007,8,15,21,1528
2007,8,15,22,1758
2007,8,15,23,1971
2007,8,16,0,2137
2007,8,16,1,2226
2007,8,16,2,2215
2007,8,16,3,2088
2007,8,16,4,1858
2007,8,16,5,1593
2007,8,16,6,1368
2007,8,16,7,1242
2007,8,16,8,1236
2007,8,16,9,1336
2007,8,16,10,1525
2007,8,16,11,1780
2007,8,16,12,1999
2007,8,16,13,2127
2007,8,16,14,2147
2007,8,16,15,2066
2007,8,16,16,1894
2007,8,16,17,1670
2007,8,16,18,1472
2007,8,16,19,1352
2007,8,16,20,1354
2007,8,16,21,1461
2007,8,16,22,1648
2007,8,16,23,1867
2007,8,17,0,2048
2007,8,17,1,2162
2007,8,17,2,2202
2007,8,17,3,2141
2007,8,17,4,1978
2007,8,17,5,1737
2007,8,17,6,1485
2007,8,17,7,1312
2007,8,17,8,1275
2007,8,17,9,1350
2007,8,17,10,1518
2007,8,17,11,1738
2007,8,17,12,1956
2007,8,17,13,2105
2007,8,17,14,2165
2007,8,17,15,2142
2007,8,17,16,2021
2007,8,17,17,1834
2007,8,17,18,1631
2007,8,17,19,1468
2007,8,17,20,1396
2007,8,17,21,1442
2007,8,17,22,1574
2007,8,17,23,1747
2007,8,18,0,1918
2007,8,18,1,2064
2007,8,18,2,2123
2007,8,18,3,2092
2007,8,18,4,1994
2007,8,18,5,1819
2007,8,18,6,1599
2007,8,18,7,1401
2007,8,18,8,1307
2007,8,18,9,1330
2007,8,18,10,1453
2007,8,18,11,1644
2007,8,18,12,1844
2007,8,18,13,2000
2007,8,18,14,2099
2007,8,18,15,2120
2007,8,18,16,2058
2007,8,18,17,1925
2007,8,18,18,1739
2007,8,18,19,1555
2007,8,18,20,1438
2007,8,18,21,1425
2007,8,18,22,1486
2007,8,18,23,1618
2007,8,19,0,1771
2007,8,19,1,1901
2007,8,19,2,1970
2007,8,19,3,1971
2007,8,19,4,1922
2007,8,19,5,1806
2007,8,19,6,1639
2007,8,19,7,1469
2007,8,19,8,1342
2007,8,19,9,1323
2007,8,19,10,1402
2007,8,19,11,1549
2007,8,19,12,1736
2007,8,19,13,1905
2007,8,19,14,2029
2007,8,19,15,2080
2007,8,19,16,2046
2007,8,19,17,1957
2007,8,19,18,1826
2007,8,19,19,1675
2007,8,19,20,1558
2007,8,19,21,1506
2007,8,19,22,1532
2007,8,19,23,1602
2007,8,20,0,1702
2007,8,20,1,1807
2007,8,20,2,1872
2007,8,20,3,1885
2007,8,20,4,1863
2007,8,20,5,1793
2007,8,20,6,1668
2007,8,20,7,1530
2007,8,20,8,1407
2007,8,20,9,1344
2007,8,20,10,1389
2007,8,20,11,1515
2007,8,20,12,1677
2007,8,20,13,1837
2007,8,20,14,1957
2007,8,20,15,2026
2007,8,20,16,2041
2007,8,20,17,2011
2007,8,20,18,1938
2007,8,20,19,1826
2007,8,20,20,1695
2007,8,20,21,1589
2007,8,20,22,1542
2007,8,20,23,1564
2007,8,21,0,1629
2007,8,21,1,1710
2007,8,21,2,1774
2007,8,21,3,1793
2007,8,21,4,1782
2007,8,21,5,1758
2007,8,21,6,1714
2007,8,21,7,1634
2007,8,21,8,1526
2007,8,21,9,1438
2007,8,21,10,1417
2007,8,21,11,1477
2007,8,21,12,1590
2007,8,21,13,1713
2007,8,21,14,1822
2007,8,21,15,1908
2007,8,21,16,1961
2007,8,21,17,1981
2007,8,21,18,1968
2007,8,21,19,1906
2007,8,21,20,1803
2007,8,21,21,1705
2007,8,21,22,1635
2007,8,21,23,1609
2007,8,22,0,1620
2007,8,22,1,1654
2007,8,22,2,1693
2007,8,22,3,1720
2007,8,22,4,1739
2007,8,22,5,1745
2007,8,22,6,1727
2007,8,22,7,1679
2007,8,22,8,1600
2007,8,22,9,1526
2007,8,22,10,1484
2007,8,22,11,1493
2007,8,22,12,1547
2007,8,22,13,1624
2007,8,22,14,1712
2007,8,22,15,1802
2007,8,22,16,1886
2007,8,22,17,1946
2007,8,22,18,1985
2007,8,22,19,1979
2007,8,22,20,1925
2007,8,22,21,1846
2007,8,22,22,1755
2007,8,22,23,1680
2007,8,23,0,1630
2007,8,23,1,1615
2007,8,23,2,1620
2007,8,23,3,1627
2007,8,23,4,1634
2007,8,23,5,1649
2007,8,23,6,1668
2007,8,23,7,1673
2007,8,23,8,1648
2007,8,23,9,1594
2007,8,23,10,1537
2007,8,23,11,1506
2007,8,23,12,1496
2007,8,23,13,1528
2007,8,23,14,1587
2007,8,23,15,1656
2007,8,23,16,1728
2007,8,23,17,1804
2007,8,23,18,1877
2007,8,23,19,1935
2007,8,23,20,1965
2007,8,23,21,1950
2007,8,23,22,1877
2007,8,23,23,1752
2007,8,24,0,1643
2007,8,24,1,1577
2007,8,24,2,1545
2007,8,24,3,1527
2007,8,24,4,1520
2007,8,24,5,1533
2007,8,24,6,1570
2007,8,24,7,1624
2007,8,24,8,1673
2007,8,24,9,1674
2007,8,24,10,1639
2007,8,24,11,1589
2007,8,24,12,1543
2007,8,24,13,1508
2007,8,24,14,1494
2007,8,24,15,1526
2007,8,24,16,1597
2007,8,24,17,1702
2007,8,24,18,1827
2007,8,24,19,1945
2007,8,24,20,2033
2007,8,24,21,2067
2007,8,24,22,2035
2007,8,24,23,1934
2007,8,25,0,1787
2007,8,25,1,1637
2007,8,25,2,1513
2007,8,25,3,1441
2007,8,25,4,1421
2007,8,25,5,1440
2007,8,25,6,1488
2007,8,25,7,1557
2007,8,25,8,1638
2007,8,25,9,1710
2007,8,25,10,1738
2007,8,25,11,1689
2007,8,25,12,1592
2007,8,25,13,1484
2007,8,25,14,1406
2007,8,25,15,1394
2007,8,25,16,1431
2007,8,25,17,1520
2007,8,25,18,1658
2007,8,25,19,1840
2007,8,25,20,2016
2007,8,25,21,2136
2007,8,25,22,2172
2007,8,25,23,2103
2007,8,26,0,1946
2007,8,26,1,1756
2007,8,26,2,1583
2007,8,26,3,1443
2007,8,26,4,1359
2007,8,26,5,1339
2007,8,26,6,1394
2007,8,26,7,1506
2007,8,26,8,1653
2007,8,26,9,1794
2007,8,26,10,1877
2007,8,26,11,1878
2007,8,26,12,1789
2007,8,26,13,1650
2007,8,26,14,1510
2007,8,26,15,1409
2007,8,26,16,1370
2007,8,26,17,1417
2007,8,26,18,1551
2007,8,26,19,1753
2007,8,26,20,1977
2007,8,26,21,2179
2007,8,26,22,2310
2007,8,26,23,2315
2007,8,27,0,2191
2007,8,27,1,1983
2007,8,27,2,1738
2007,8,27,3,1512
2007,8,27,4,1360
2007,8,27,5,1309
2007,8,27,6,1346
2007,8,27,7,1447
2007,8,27,8,1614
2007,8,27,9,1788
2007,8,27,10,1936
2007,8,27,11,2011
2007,8,27,12,1975
2007,8,27,13,1829
2007,8,27,14,1627
2007,8,27,15,1431
2007,8,27,16,1305
2007,8,27,17,1302
2007,8,27,18,1410
2007,8,27,19,1603
2007,8,27,20,1847
2007,8,27,21,2098
2007,8,27,22,2290
2007,8,27,23,2388
2007,8,28,0,2349
2007,8,28,1,2174
2007,8,28,2,1896
2007,8,28,3,1599
2007,8,28,4,1367
2007,8,28,5,1248
2007,8,28,6,1247
2007,8,28,7,1353
2007,8,28,8,1529
2007,8,28,9,1746
2007,8,28,10,1955
2007,8,28,11,2093
2007,8,28,12,2121
2007,8,28,13,2020
2007,8,28,14,1812
2007,8,28,15,1554
2007,8,28,16,1335
2007,8,28,17,1222
2007,8,28,18,1249
2007,8,28,19,1398
2007,8,28,20,1626
2007,8,28,21,1895
2007,8,28,22,2152
2007,8,28,23,2342
2007,8,29,0,2402
2007,8,29,1,2310
2007,8,29,2,2079
2007,8,29,3,1765
2007,8,29,4,1464
2007,8,29,5,1249
2007,8,29,6,1162
2007,8,29,7,1218
2007,8,29,8,1380
2007,8,29,9,1616
2007,8,29,10,1880
2007,8,29,11,2114
2007,8,29,12,2249
2007,8,29,13,2218
2007,8,29,14,2044
2007,8,29,15,1769
2007,8,29,16,1489
2007,8,29,17,1280
2007,8,29,18,1203
2007,8,29,19,1280
2007,8,29,20,1440
2007,8,29,21,1687
2007,8,29,22,1969
2007,8,29,23,2211
2007,8,30,0,2366
2007,8,30,1,2382
2007,8,30,2,2233
2007,8,30,3,1962
2007,8,30,4,1640
2007,8,30,5,1358
2007,8,30,6,1182
2007,8,30,7,1167
2007,8,30,8,1290
2007,8,30,9,1511
2007,8,30,10,1799
2007,8,30,11,2084
2007,8,30,12,2292
2007,8,30,13,2366
2007,8,30,14,2284
2007,8,30,15,2072
2007,8,30,16,1775
2007,8,30,17,1489
2007,8,30,18,1300
2007,8,30,19,1251
2007,8,30,20,1348
2007,8,30,21,1556
2007,8,30,22,1825
2007,8,30,23,2079
2007,8,31,0,2272
2007,8,31,1,2355
2007,8,31,2,2301
2007,8,31,3,2104
2007,8,31,4,1812
2007,8,31,5,1499
2007,8,31,6,1240
2007,8,31,7,1122
2007,8,31,8,1168
2007,8,31,9,1357
2007,8,31,10,1650
2007,8,31,11,1958
2007,8,31,12,2207
2007,8,31,13,2352
2007,8,31,14,2365
2007,8,31,15,2239
2007,8,31,16,1985
2007,8,31,17,1682
2007,8,31,18,1405
2007,8,31,19,1233
2007,8,31,20,1217
2007,8,31,21,1335
2007,8,31,22,1554
2007,8,31,23,1804
2007,9,1,0,2021
2007,9,1,1,2163
2007,9,1,2,2198
2007,9,1,3,2117
2007,9,1,4,1914
2007,9,1,5,1630
2007,9,1,6,1341
2007,9,1,7,1152
2007,9,1,8,1133
2007,9,1,9,1264
2007,9,1,10,1504
2007,9,1,11,1803
2007,9,1,12,2075
2007,9,1,13,2262
2007,9,1,14,2342
2007,9,1,15,2304
2007,9,1,16,2141
2007,9,1,17,1878
2007,9,1,18,1594
2007,9,1,19,1355
2007,9,1,20,1237
2007,9,1,21,1259
2007,9,1,22,1397
2007,9,1,23,1587
2007,9,2,0,1797
2007,9,2,1,1958
2007,9,2,2,2041
2007,9,2,3,2044
2007,9,2,4,1939
2007,9,2,5,1735
2007,9,2,6,1466
2007,9,2,7,1245
2007,9,2,8,1141
2007,9,2,9,1192
2007,9,2,10,1382
2007,9,2,11,1637
2007,9,2,12,1893
2007,9,2,13,2095
2007,9,2,14,2228
2007,9,2,15,2288
2007,9,2,16,2235
2007,9,2,17,2056
2007,9,2,18,1797
2007,9,2,19,1529
2007,9,2,20,1333
2007,9,2,21,1268
2007,9,2,22,1323
2007,9,2,23,1454
2007,9,3,0,1612
2007,9,3,1,1743
2007,9,3,2,1819
2007,9,3,3,1859
2007,9,3,4,1838
2007,9,3,5,1737
2007,9,3,6,1547
2007,9,3,7,1317
2007,9,3,8,1144
2007,9,3,9,1109
2007,9,3,10,1213
2007,9,3,11,1409
2007,9,3,12,1644
2007,9,3,13,1847
2007,9,3,14,1994
2007,9,3,15,2085
2007,9,3,16,2126
2007,9,3,17,2086
2007,9,3,18,1930
2007,9,3,19,1703
2007,9,3,20,1482
2007,9,3,21,1343
2007,9,3,22,1318
2007,9,3,23,1378
2007,9,4,0,1482
2007,9,4,1,1589
2007,9,4,2,1669
2007,9,4,3,1719
2007,9,4,4,1754
2007,9,4,5,1739
2007,9,4,6,1640
2007,9,4,7,1485
2007,9,4,8,1315
2007,9,4,9,1224
2007,9,4,10,1254
2007,9,4,11,1388
2007,9,4,12,1560
2007,9,4,13,1712
2007,9,4,14,1844
2007,9,4,15,1957
2007,9,4,16,2046
2007,9,4,17,2096
2007,9,4,18,2059
2007,9,4,19,1930
2007,9,4,20,1762
2007,9,4,21,1606
2007,9,4,22,1505
2007,9,4,23,1476
2007,9,5,0,1501
2007,9,5,1,1549
2007,9,5,2,1590
2007,9,5,3,1619
2007,9,5,4,1654
2007,9,5,5,1689
2007,9,5,6,1686
2007,9,5,7,1624
2007,9,5,8,1514
2007,9,5,9,1411
2007,9,5,10,1367
2007,9,5,11,1398
2007,9,5,12,1476
2007,9,5,13,1563
2007,9,5,14,1661
2007,9,5,15,1761
2007,9,5,16,1866
2007,9,5,17,1967
2007,9,5,18,2034
2007,9,5,19,2028
2007,9,5,20,1941
2007,9,5,21,1828
2007,9,5,22,1725
2007,9,5,23,1641
2007,9,6,0,1581
2007,9,6,1,1535
2007,9,6,2,1499
2007,9,6,3,1494
2007,9,6,4,1531
2007,9,6,5,1606
2007,9,6,6,1687
2007,9,6,7,1722
2007,9,6,8,1699
2007,9,6,9,1615
2007,9,6,10,1531
2007,9,6,11,1484
2007,9,6,12,1487
2007,9,6,13,1526
2007,9,6,14,1575
2007,9,6,15,1650
2007,9,6,16,1747
2007,9,6,17,1863
2007,9,6,18,1990
2007,9,6,19,2087
2007,9,6,20,2115
2007,9,6,21,2083
2007,9,6,22,1993
2007,9,6,23,1865
2007,9,7,0,1727
2007,9,7,1,1614
2007,9,7,2,1528
2007,9,7,3,1486
2007,9,7,4,1500
2007,9,7,5,1548
2007,9,7,6,1624
2007,9,7,7,1708
2007,9,7,8,1776
2007,9,7,9,1783
2007,9,7,10,1737
2007,9,7,11,1651
2007,9,7,12,1552
2007,9,7,13,1485
2007,9,7,14,1475
2007,9,7,15,1505
2007,9,7,16,1568
2007,9,7,17,1663
2007,9,7,18,1792
2007,9,7,19,1951
2007,9,7,20,2083
2007,9,7,21,2147
2007,9,7,22,2109
2007,9,7,23,1988
2007,9,8,0,1819
2007,9,8,1,1684
2007,9,8,2,1530
2007,9,8,3,1424
2007,9,8,4,1376
2007,9,8,5,1398
2007,9,8,6,1486
2007,9,8,7,1615
2007,9,8,8,1750
2007,9,8,9,1845
2007,9,8,10,1869
2007,9,8,11,1831
2007,9,8,12,1739
2007,9,8,13,1613
2007,9,8,14,1508
2007,9,8,15,1449
2007,9,8,16,1462
2007,9,8,17,1549
2007,9,8,18,1682
2007,9,8,19,1842
2007,9,8,20,2005
2007,9,8,21,2140
2007,9,8,22,2214
2007,9,8,23,2175
2007,9,9,0,2043
2007,9,9,1,1845
2007,9,9,2,1637
2007,9,9,3,1471
2007,9,9,4,1382
2007,9,9,5,1370
2007,9,9,6,1431
2007,9,9,7,1554
2007,9,9,8,1714
2007,9,9,9,1875
2007,9,9,10,1998
2007,9,9,11,2028
2007,9,9,12,1955
2007,9,9,13,1802
2007,9,9,14,1622
2007,9,9,15,1474
2007,9,9,16,1404
2007,9,9,17,1438
2007,9,9,18,1541
2007,9,9,19,1701
2007,9,9,20,1897
2007,9,9,21,2076
2007,9,9,22,2203
2007,9,9,23,2253
2007,9,10,0,2185
2007,9,10,1,2007
2007,9,10,2,1750
2007,9,10,3,1508
2007,9,10,4,1338
2007,9,10,5,1282
2007,9,10,6,1322
2007,9,10,7,1437
2007,9,10,8,1610
2007,9,10,9,1806
2007,9,10,10,1977
2007,9,10,11,2063
2007,9,10,12,2035
2007,9,10,13,1891
2007,9,10,14,1678
2007,9,10,15,1474
2007,9,10,16,1338
2007,9,10,17,1296
2007,9,10,18,1356
2007,9,10,19,1495
2007,9,10,20,1701
2007,9,10,21,1932
2007,9,10,22,2130
2007,9,10,23,2236
2007,9,11,0,2229
2007,9,11,1,2105
2007,9,11,2,1868
2007,9,11,3,1589
2007,9,11,4,1364
2007,9,11,5,1246
2007,9,11,6,1246
2007,9,11,7,1349
2007,9,11,8,1515
2007,9,11,9,1719
2007,9,11,10,1926
2007,9,11,11,2089
2007,9,11,12,2139
2007,9,11,13,2042
2007,9,11,14,1832
2007,9,11,15,1581
2007,9,11,16,1375
2007,9,11,17,1270
2007,9,11,18,1280
2007,9,11,19,1384
2007,9,11,20,1557
2007,9,11,21,1779
2007,9,11,22,1999
2007,9,11,23,2150
2007,9,12,0,2219
2007,9,12,1,2152
2007,9,12,2,1963
2007,9,12,3,1690
2007,9,12,4,1429
2007,9,12,5,1253
2007,9,12,6,1202
2007,9,12,7,1264
2007,9,12,8,1408
2007,9,12,9,1627
2007,9,12,10,1870
2007,9,12,11,2067
2007,9,12,12,2178
2007,9,12,13,2202
2007,9,12,14,2029
2007,9,12,15,1784
2007,9,12,16,1500
2007,9,12,17,1302
2007,9,12,18,1247
2007,9,12,19,1316
2007,9,12,20,1479
2007,9,12,21,1670
2007,9,12,22,1892
2007,9,12,23,2087
2007,9,13,0,2223
2007,9,13,1,2218
2007,9,13,2,2091
2007,9,13,3,1855
2007,9,13,4,1572
2007,9,13,5,1342
2007,9,13,6,1229
2007,9,13,7,1250
2007,9,13,8,1373
2007,9,13,9,1580
2007,9,13,10,1845
2007,9,13,11,2073
2007,9,13,12,2220
2007,9,13,13,2259
2007,9,13,14,2162
2007,9,13,15,1951
2007,9,13,16,1672
2007,9,13,17,1407
2007,9,13,18,1250
2007,9,13,19,1239
2007,9,13,20,1360
2007,9,13,21,1552
2007,9,13,22,1782
2007,9,13,23,1964
2007,9,14,0,2077
2007,9,14,1,2130
2007,9,14,2,2063
2007,9,14,3,1904
2007,9,14,4,1644
2007,9,14,5,1401
2007,9,14,6,1232
2007,9,14,7,1191
2007,9,14,8,1295
2007,9,14,9,1492
2007,9,14,10,1742
2007,9,14,11,1984
2007,9,14,12,2159
2007,9,14,13,2240
2007,9,14,14,2200
2007,9,14,15,2051
2007,9,14,16,1807
2007,9,14,17,1537
2007,9,14,18,1327
2007,9,14,19,1242
2007,9,14,20,1290
2007,9,14,21,1439
2007,9,14,22,1625
2007,9,14,23,1826
2007,9,15,0,1965
2007,9,15,1,2034
2007,9,15,2,2032
2007,9,15,3,1933
2007,9,15,4,1740
2007,9,15,5,1491
2007,9,15,6,1285
2007,9,15,7,1202
2007,9,15,8,1253
2007,9,15,9,1413
2007,9,15,10,1647
2007,9,15,11,1896
2007,9,15,12,2096
2007,9,15,13,2212
2007,9,15,14,2218
2007,9,15,15,2116
2007,9,15,16,1912
2007,9,15,17,1657
2007,9,15,18,1437
2007,9,15,19,1309
2007,9,15,20,1293
2007,9,15,21,1379
2007,9,15,22,1535
2007,9,15,23,1723
2007,9,16,0,1882
2007,9,16,1,1970
2007,9,16,2,1981
2007,9,16,3,1903
2007,9,16,4,1740
2007,9,16,5,1525
2007,9,16,6,1335
2007,9,16,7,1223
2007,9,16,8,1222
2007,9,16,9,1325
2007,9,16,10,1527
2007,9,16,11,1776
2007,9,16,12,1990
2007,9,16,13,2123
2007,9,16,14,2165
2007,9,16,15,2112
2007,9,16,16,1964
2007,9,16,17,1756
2007,9,16,18,1539
2007,9,16,19,1359
2007,9,16,20,1291
2007,9,16,21,1322
2007,9,16,22,1430
2007,9,16,23,1580
2007,9,17,0,1724
2007,9,17,1,1836
2007,9,17,2,1883
2007,9,17,3,1846
2007,9,17,4,1744
2007,9,17,5,1583
2007,9,17,6,1408
2007,9,17,7,1267
2007,9,17,8,1228
2007,9,17,9,1294
2007,9,17,10,1450
2007,9,17,11,1673
2007,9,17,12,1881
2007,9,17,13,2024
2007,9,17,14,2094
2007,9,17,15,2085
2007,9,17,16,2016
2007,9,17,17,1877
2007,9,17,18,1689
2007,9,17,19,1502
2007,9,17,20,1372
2007,9,17,21,1356
2007,9,17,22,1415
2007,9,17,23,1535
2007,9,18,0,1674
2007,9,18,1,1781
2007,9,18,2,1830
2007,9,18,3,1830
2007,9,18,4,1787
2007,9,18,5,1680
2007,9,18,6,1543
2007,9,18,7,1415
2007,9,18,8,1342
2007,9,18,9,1381
2007,9,18,10,1499
2007,9,18,11,1660
2007,9,18,12,1831
2007,9,18,13,1975
2007,9,18,14,2066
2007,9,18,15,2099
2007,9,18,16,2088
2007,9,18,17,2011
2007,9,18,18,1882
2007,9,18,19,1703
2007,9,18,20,1576
2007,9,18,21,1519
2007,9,18,22,1532
2007,9,18,23,1599
2007,9,19,0,1693
2007,9,19,1,1773
2007,9,19,2,1826
2007,9,19,3,1832
2007,9,19,4,1805
2007,9,19,5,1739
2007,9,19,6,1642
2007,9,19,7,1544
2007,9,19,8,1468
2007,9,19,9,1448
2007,9,19,10,1490
2007,9,19,11,1587
2007,9,19,12,1726
2007,9,19,13,1865
2007,9,19,14,1971
2007,9,19,15,2037
2007,9,19,16,2054
2007,9,19,17,2033
2007,9,19,18,1958
2007,9,19,19,1826
2007,9,19,20,1692
2007,9,19,21,1592
2007,9,19,22,1546
2007,9,19,23,1555
2007,9,20,0,1593
2007,9,20,1,1636
2007,9,20,2,1675
2007,9,20,3,1711
2007,9,20,4,1733
2007,9,20,5,1725
2007,9,20,6,1677
2007,9,20,7,1595
2007,9,20,8,1520
2007,9,20,9,1480
2007,9,20,10,1496
2007,9,20,11,1546
2007,9,20,12,1651
2007,9,20,13,1770
2007,9,20,14,1850
2007,9,20,15,1926
2007,9,20,16,1986
2007,9,20,17,2026
2007,9,20,18,2028
2007,9,20,19,1968
2007,9,20,20,1863
2007,9,20,21,1790
2007,9,20,22,1719
2007,9,20,23,1667
2007,9,21,0,1635
2007,9,21,1,1618
2007,9,21,2,1633
2007,9,21,3,1657
2007,9,21,4,1688
2007,9,21,5,1735
2007,9,21,6,1749
2007,9,21,7,1721
2007,9,21,8,1673
2007,9,21,9,1638
2007,9,21,10,1621
2007,9,21,11,1623
2007,9,21,12,1639
2007,9,21,13,1667
2007,9,21,14,1719
2007,9,21,15,1794
2007,9,21,16,1883
2007,9,21,17,1966
2007,9,21,18,2023
2007,9,21,19,2036
2007,9,21,20,1991
2007,9,21,21,1923
2007,9,21,22,1850
2007,9,21,23,1765
2007,9,22,0,1680
2007,9,22,1,1622
2007,9,22,2,1593
2007,9,22,3,1593
2007,9,22,4,1612
2007,9,22,5,1651
2007,9,22,6,1716
2007,9,22,7,1778
2007,9,22,8,1799
2007,9,22,9,1780
2007,9,22,10,1726
2007,9,22,11,1681
2007,9,22,12,1649
2007,9,22,13,1640
2007,9,22,14,1656
2007,9,22,15,1695
2007,9,22,16,1770
2007,9,22,17,1873
2007,9,22,18,1976
2007,9,22,19,2068
2007,9,22,20,2103
2007,9,22,21,2087
2007,9,22,22,2016
2007,9,22,23,1918
2007,9,23,0,1806
2007,9,23,1,1676
2007,9,23,2,1577
2007,9,23,3,1524
2007,9,23,4,1519
2007,9,23,5,1570
2007,9,23,6,1669
2007,9,23,7,1777
2007,9,23,8,1869
2007,9,23,9,1910
2007,9,23,10,1887
2007,9,23,11,1820
2007,9,23,12,1724
2007,9,23,13,1640
2007,9,23,14,1580
2007,9,23,15,1564
2007,9,23,16,1610
2007,9,23,17,1713
2007,9,23,18,1851
2007,9,23,19,2021
2007,9,23,20,2149
2007,9,23,21,2213
2007,9,23,22,2189
2007,9,23,23,2082
2007,9,24,0,1946
2007,9,24,1,1755
2007,9,24,2,1587
2007,9,24,3,1471
2007,9,24,4,1428
2007,9,24,5,1474
2007,9,24,6,1593
2007,9,24,7,1752
2007,9,24,8,1908
2007,9,24,9,2015
2007,9,24,10,2046
2007,9,24,11,2001
2007,9,24,12,1891
2007,9,24,13,1748
2007,9,24,14,1607
2007,9,24,15,1505
2007,9,24,16,1483
2007,9,24,17,1543
2007,9,24,18,1695
2007,9,24,19,1906
2007,9,24,20,2101
2007,9,24,21,2247
2007,9,24,22,2308
2007,9,24,23,2250
2007,9,25,0,2095
2007,9,25,1,1874
2007,9,25,2,1636
2007,9,25,3,1445
2007,9,25,4,1341
2007,9,25,5,1343
2007,9,25,6,1452
2007,9,25,7,1641
2007,9,25,8,1859
2007,9,25,9,2056
2007,9,25,10,2175
2007,9,25,11,2192
2007,9,25,12,2096
2007,9,25,13,1912
2007,9,25,14,1693
2007,9,25,15,1500
2007,9,25,16,1386
2007,9,25,17,1377
2007,9,25,18,1491
2007,9,25,19,1700
2007,9,25,20,1947
2007,9,25,21,2182
2007,9,25,22,2335
2007,9,25,23,2359
2007,9,26,0,2244
2007,9,26,1,2021
2007,9,26,2,1728
2007,9,26,3,1448
2007,9,26,4,1268
2007,9,26,5,1226
2007,9,26,6,1312
2007,9,26,7,1494
2007,9,26,8,1756
2007,9,26,9,1999
2007,9,26,10,2265
2007,9,26,11,2366
2007,9,26,12,2341
2007,9,26,13,2166
2007,9,26,14,1896
2007,9,26,15,1610
2007,9,26,16,1395
2007,9,26,17,1310
2007,9,26,18,1358
2007,9,26,19,1523
2007,9,26,20,1748
2007,9,26,21,1997
2007,9,26,22,2216
2007,9,26,23,2341
2007,9,27,0,2326
2007,9,27,1,2175
2007,9,27,2,1902
2007,9,27,3,1596
2007,9,27,4,1338
2007,9,27,5,1203
2007,9,27,6,1227
2007,9,27,7,1375
2007,9,27,8,1621
2007,9,27,9,1916
2007,9,27,10,2188
2007,9,27,11,2386
2007,9,27,12,2442
2007,9,27,13,2340
2007,9,27,14,2096
2007,9,27,15,1768
2007,9,27,16,1445
2007,9,27,17,1237
2007,9,27,18,1200
2007,9,27,19,1303
2007,9,27,20,1495
2007,9,27,21,1751
2007,9,27,22,2018
2007,9,27,23,2194
2007,9,28,0,2317
2007,9,28,1,2257
2007,9,28,2,2041
2007,9,28,3,1713
2007,9,28,4,1392
2007,9,28,5,1178
2007,9,28,6,1128
2007,9,28,7,1239
2007,9,28,8,1455
2007,9,28,9,1737
2007,9,28,10,2054
2007,9,28,11,2335
2007,9,28,12,2513
2007,9,28,13,2526
2007,9,28,14,2359
2007,9,28,15,2052
2007,9,28,16,1699
2007,9,28,17,1396
2007,9,28,18,1226
2007,9,28,19,1210
2007,9,28,20,1323
2007,9,28,21,1523
2007,9,28,22,1763
2007,9,28,23,2025
2007,9,29,0,2199
2007,9,29,1,2256
2007,9,29,2,2154
2007,9,29,3,1902
2007,9,29,4,1584
2007,9,29,5,1301
2007,9,29,6,1140
2007,9,29,7,1151
2007,9,29,8,1300
2007,9,29,9,1555
2007,9,29,10,1877
2007,9,29,11,2176
2007,9,29,12,2415
2007,9,29,13,2519
2007,9,29,14,2458
2007,9,29,15,2243
2007,9,29,16,1918
2007,9,29,17,1577
2007,9,29,18,1300
2007,9,29,19,1166
2007,9,29,20,1196
2007,9,29,21,1339
2007,9,29,22,1549
2007,9,29,23,1778
2007,9,30,0,1978
2007,9,30,1,2096
2007,9,30,2,2105
2007,9,30,3,1975
2007,9,30,4,1726
2007,9,30,5,1437
2007,9,30,6,1214
2007,9,30,7,1135
2007,9,30,8,1214
2007,9,30,9,1418
2007,9,30,10,1696
2007,9,30,11,1992
2007,9,30,12,2242
2007,9,30,13,2417
2007,9,30,14,2473
2007,9,30,15,2388
2007,9,30,16,2163
2007,9,30,17,1847
2007,9,30,18,1528
2007,9,30,19,1297
2007,9,30,20,1217
2007,9,30,21,1252
2007,9,30,22,1383
2007,9,30,23,1567
2007,10,1,0,1742
2007,10,1,1,1892
2007,10,1,2,1998
2007,10,1,3,1980
2007,10,1,4,1827
2007,10,1,5,1594
2007,10,1,6,1365
2007,10,1,7,1223
2007,10,1,8,1212
2007,10,1,9,1338
2007,10,1,10,1551
2007,10,1,11,1806
2007,10,1,12,2042
2007,10,1,13,2224
2007,10,1,14,2334
2007,10,1,15,2345
2007,10,1,16,2241
2007,10,1,17,2019
2007,10,1,18,1748
2007,10,1,19,1503
2007,10,1,20,1363
2007,10,1,21,1332
2007,10,1,22,1385
2007,10,1,23,1496
2007,10,2,0,1620
2007,10,2,1,1750
2007,10,2,2,1850
2007,10,2,3,1894
2007,10,2,4,1850
2007,10,2,5,1715
2007,10,2,6,1526
2007,10,2,7,1358
2007,10,2,8,1285
2007,10,2,9,1321
2007,10,2,10,1449
2007,10,2,11,1645
2007,10,2,12,1859
2007,10,2,13,2036
2007,10,2,14,2161
2007,10,2,15,2223
2007,10,2,16,2215
2007,10,2,17,2123
2007,10,2,18,1952
2007,10,2,19,1731
2007,10,2,20,1541
2007,10,2,21,1440
2007,10,2,22,1418
2007,10,2,23,1462
2007,10,3,0,1531
2007,10,3,1,1608
2007,10,3,2,1682
2007,10,3,3,1750
2007,10,3,4,1791
2007,10,3,5,1770
2007,10,3,6,1673
2007,10,3,7,1531
2007,10,3,8,1413
2007,10,3,9,1372
2007,10,3,10,1427
2007,10,3,11,1543
2007,10,3,12,1695
2007,10,3,13,1845
2007,10,3,14,1957
2007,10,3,15,2040
2007,10,3,16,2101
2007,10,3,17,2112
2007,10,3,18,2049
2007,10,3,19,1923
2007,10,3,20,1774
2007,10,3,21,1647
2007,10,3,22,1567
2007,10,3,23,1527
2007,10,4,0,1526
2007,10,4,1,1549
2007,10,4,2,1599
2007,10,4,3,1661
2007,10,4,4,1708
2007,10,4,5,1739
2007,10,4,6,1738
2007,10,4,7,1690
2007,10,4,8,1613
2007,10,4,9,1545
2007,10,4,10,1518
2007,10,4,11,1548
2007,10,4,12,1632
2007,10,4,13,1725
2007,10,4,14,1793
2007,10,4,15,1860
2007,10,4,16,1920
2007,10,4,17,1992
2007,10,4,18,2032
2007,10,4,19,2005
2007,10,4,20,1919
2007,10,4,21,1795
2007,10,4,22,1680
2007,10,4,23,1594
2007,10,5,0,1542
2007,10,5,1,1518
2007,10,5,2,1504
2007,10,5,3,1520
2007,10,5,4,1566
2007,10,5,5,1631
2007,10,5,6,1699
2007,10,5,7,1730
2007,10,5,8,1718
2007,10,5,9,1667
2007,10,5,10,1613
2007,10,5,11,1573
2007,10,5,12,1560
2007,10,5,13,1581
2007,10,5,14,1623
2007,10,5,15,1671
2007,10,5,16,1737
2007,10,5,17,1829
2007,10,5,18,1927
2007,10,5,19,1995
2007,10,5,20,1999
2007,10,5,21,1935
2007,10,5,22,1830
2007,10,5,23,1709
2007,10,6,0,1595
2007,10,6,1,1512
2007,10,6,2,1460
2007,10,6,3,1453
2007,10,6,4,1482
2007,10,6,5,1562
2007,10,6,6,1679
2007,10,6,7,1787
2007,10,6,8,1857
2007,10,6,9,1857
2007,10,6,10,1805
2007,10,6,11,1725
2007,10,6,12,1643
2007,10,6,13,1580
2007,10,6,14,1547
2007,10,6,15,1555
2007,10,6,16,1615
2007,10,6,17,1704
2007,10,6,18,1825
2007,10,6,19,1942
2007,10,6,20,2029
2007,10,6,21,2062
2007,10,6,22,2020
2007,10,6,23,1905
2007,10,7,0,1745
2007,10,7,1,1583
2007,10,7,2,1436
2007,10,7,3,1369
2007,10,7,4,1385
2007,10,7,5,1458
2007,10,7,6,1577
2007,10,7,7,1713
2007,10,7,8,1846
2007,10,7,9,1936
2007,10,7,10,1956
2007,10,7,11,1885
2007,10,7,12,1747
2007,10,7,13,1604
2007,10,7,14,1490
2007,10,7,15,1450
2007,10,7,16,1470
2007,10,7,17,1540
2007,10,7,18,1651
2007,10,7,19,1800
2007,10,7,20,1942
2007,10,7,21,2043
2007,10,7,22,2064
2007,10,7,23,1991
2007,10,8,0,1843
2007,10,8,1,1675
2007,10,8,2,1481
2007,10,8,3,1351
2007,10,8,4,1309
2007,10,8,5,1363
2007,10,8,6,1480
2007,10,8,7,1645
2007,10,8,8,1826
2007,10,8,9,1975
2007,10,8,10,2059
2007,10,8,11,2044
2007,10,8,12,1935
2007,10,8,13,1755
2007,10,8,14,1566
2007,10,8,15,1429
2007,10,8,16,1373
2007,10,8,17,1409
2007,10,8,18,1514
2007,10,8,19,1684
2007,10,8,20,1845
2007,10,8,21,2004
2007,10,8,22,2103
2007,10,8,23,2106
2007,10,9,0,2004
2007,10,9,1,1815
2007,10,9,2,1584
2007,10,9,3,1390
2007,10,9,4,1291
2007,10,9,5,1323
2007,10,9,6,1437
2007,10,9,7,1610
2007,10,9,8,1818
2007,10,9,9,2010
2007,10,9,10,2153
2007,10,9,11,2190
2007,10,9,12,2105
2007,10,9,13,1912
2007,10,9,14,1683
2007,10,9,15,1479
2007,10,9,16,1356
2007,10,9,17,1335
2007,10,9,18,1407
2007,10,9,19,1535
2007,10,9,20,1733
2007,10,9,21,1921
2007,10,9,22,2060
2007,10,9,23,2119
2007,10,10,0,2069
2007,10,10,1,1899
2007,10,10,2,1670
2007,10,10,3,1445
2007,10,10,4,1292
2007,10,10,5,1248
2007,10,10,6,1326
2007,10,10,7,1494
2007,10,10,8,1725
2007,10,10,9,1959
2007,10,10,10,2144
2007,10,10,11,2245
2007,10,10,12,2228
2007,10,10,13,2088
2007,10,10,14,1852
2007,10,10,15,1591
2007,10,10,16,1389
2007,10,10,17,1301
2007,10,10,18,1334
2007,10,10,19,1445
2007,10,10,20,1642
2007,10,10,21,1814
2007,10,10,22,1992
2007,10,10,23,2106
2007,10,11,0,2119
2007,10,11,1,2017
2007,10,11,2,1815
2007,10,11,3,1579
2007,10,11,4,1381
2007,10,11,5,1289
2007,10,11,6,1330
2007,10,11,7,1468
2007,10,11,8,1673
2007,10,11,9,1921
2007,10,11,10,2150
2007,10,11,11,2300
2007,10,11,12,2321
2007,10,11,13,2216
2007,10,11,14,1998
2007,10,11,15,1717
2007,10,11,16,1461
2007,10,11,17,1300
2007,10,11,18,1271
2007,10,11,19,1357
2007,10,11,20,1523
2007,10,11,21,1718
2007,10,11,22,1905
2007,10,11,23,2042
2007,10,12,0,2105
2007,10,12,1,2056
2007,10,12,2,1888
2007,10,12,3,1653
2007,10,12,4,1427
2007,10,12,5,1291
2007,10,12,6,1293
2007,10,12,7,1413
2007,10,12,8,1613
2007,10,12,9,1860
2007,10,12,10,2094
2007,10,12,11,2266
2007,10,12,12,2341
2007,10,12,13,2303
2007,10,12,14,2139
2007,10,12,15,1881
2007,10,12,16,1607
2007,10,12,17,1381
2007,10,12,18,1280
2007,10,12,19,1317
2007,10,12,20,1452
2007,10,12,21,1636
2007,10,12,22,1825
2007,10,12,23,1986
2007,10,13,0,2067
2007,10,13,1,2048
2007,10,13,2,1933
2007,10,13,3,1740
2007,10,13,4,1519
2007,10,13,5,1353
2007,10,13,6,1296
2007,10,13,7,1371
2007,10,13,8,1544
2007,10,13,9,1778
2007,10,13,10,2030
2007,10,13,11,2236
2007,10,13,12,2350
2007,10,13,13,2350
2007,10,13,14,2224
2007,10,13,15,1999
2007,10,13,16,1721
2007,10,13,17,1463
2007,10,13,18,1313
2007,10,13,19,1293
2007,10,13,20,1387
2007,10,13,21,1539
2007,10,13,22,1714
2007,10,13,23,1874
2007,10,14,0,1977
2007,10,14,1,2004
2007,10,14,2,1943
2007,10,14,3,1789
2007,10,14,4,1583
2007,10,14,5,1399
2007,10,14,6,1303
2007,10,14,7,1330
2007,10,14,8,1455
2007,10,14,9,1646
2007,10,14,10,1893
2007,10,14,11,2121
2007,10,14,12,2275
2007,10,14,13,2325
2007,10,14,14,2261
2007,10,14,15,2100
2007,10,14,16,1860
2007,10,14,17,1597
2007,10,14,18,1390
2007,10,14,19,1303
2007,10,14,20,1343
2007,10,14,21,1472
2007,10,14,22,1639
2007,10,14,23,1794
2007,10,15,0,1902
2007,10,15,1,1947
2007,10,15,2,1933
2007,10,15,3,1849
2007,10,15,4,1690
2007,10,15,5,1504
2007,10,15,6,1364
2007,10,15,7,1325
2007,10,15,8,1417
2007,10,15,9,1602
2007,10,15,10,1827
2007,10,15,11,2041
2007,10,15,12,2207
2007,10,15,13,2299
2007,10,15,14,2292
2007,10,15,15,2188
2007,10,15,16,1996
2007,10,15,17,1750
2007,10,15,18,1526
2007,10,15,19,1386
2007,10,15,20,1361
2007,10,15,21,1419
2007,10,15,22,1541
2007,10,15,23,1689
2007,10,16,0,1827
2007,10,16,1,1912
2007,10,16,2,1936
2007,10,16,3,1885
2007,10,16,4,1754
2007,10,16,5,1592
2007,10,16,6,1449
2007,10,16,7,1375
2007,10,16,8,1401
2007,10,16,9,1519
2007,10,16,10,1710
2007,10,16,11,1914
2007,10,16,12,2098
2007,10,16,13,2225
2007,10,16,14,2271
2007,10,16,15,2234
2007,10,16,16,2099
2007,10,16,17,1893
2007,10,16,18,1682
2007,10,16,19,1522
2007,10,16,20,1453
2007,10,16,21,1470
2007,10,16,22,1542
2007,10,16,23,1657
2007,10,17,0,1783
2007,10,17,1,1888
2007,10,17,2,1933
2007,10,17,3,1915
2007,10,17,4,1833
2007,10,17,5,1718
2007,10,17,6,1583
2007,10,17,7,1477
2007,10,17,8,1452
2007,10,17,9,1527
2007,10,17,10,1678
2007,10,17,11,1854
2007,10,17,12,2017
2007,10,17,13,2147
2007,10,17,14,2229
2007,10,17,15,2244
2007,10,17,16,2189
2007,10,17,17,2054
2007,10,17,18,1864
2007,10,17,19,1691
2007,10,17,20,1576
2007,10,17,21,1552
2007,10,17,22,1594
2007,10,17,23,1683
2007,10,18,0,1773
2007,10,18,1,1839
2007,10,18,2,1879
2007,10,18,3,1896
2007,10,18,4,1871
2007,10,18,5,1802
2007,10,18,6,1700
2007,10,18,7,1601
2007,10,18,8,1560
2007,10,18,9,1593
2007,10,18,10,1675
2007,10,18,11,1792
2007,10,18,12,1932
2007,10,18,13,2065
2007,10,18,14,2168
2007,10,18,15,2219
2007,10,18,16,2216
2007,10,18,17,2147
2007,10,18,18,2021
2007,10,18,19,1874
2007,10,18,20,1759
2007,10,18,21,1693
2007,10,18,22,1670
2007,10,18,23,1676
2007,10,19,0,1703
2007,10,19,1,1747
2007,10,19,2,1801
2007,10,19,3,1848
2007,10,19,4,1866
2007,10,19,5,1852
2007,10,19,6,1812
2007,10,19,7,1745
2007,10,19,8,1686
2007,10,19,9,1654
2007,10,19,10,1674
2007,10,19,11,1733
2007,10,19,12,1824
2007,10,19,13,1924
2007,10,19,14,2008
2007,10,19,15,2062
2007,10,19,16,2109
2007,10,19,17,2134
2007,10,19,18,2106
2007,10,19,19,2014
2007,10,19,20,1886
2007,10,19,21,1770
2007,10,19,22,1698
2007,10,19,23,1678
2007,10,20,0,1682
2007,10,20,1,1690
2007,10,20,2,1714
2007,10,20,3,1764
2007,10,20,4,1820
2007,10,20,5,1864
2007,10,20,6,1875
2007,10,20,7,1843
2007,10,20,8,1782
2007,10,20,9,1730
2007,10,20,10,1710
2007,10,20,11,1718
2007,10,20,12,1752
2007,10,20,13,1802
2007,10,20,14,1871
2007,10,20,15,1944
2007,10,20,16,2027
2007,10,20,17,2101
2007,10,20,18,2136
2007,10,20,19,2116
2007,10,20,20,2063
2007,10,20,21,1968
2007,10,20,22,1847
2007,10,20,23,1749
2007,10,21,0,1688
2007,10,21,1,1665
2007,10,21,2,1673
2007,10,21,3,1709
2007,10,21,4,1764
2007,10,21,5,1844
2007,10,21,6,1931
2007,10,21,7,1984
2007,10,21,8,1987
2007,10,21,9,1936
2007,10,21,10,1873
2007,10,21,11,1815
2007,10,21,12,1778
2007,10,21,13,1772
2007,10,21,14,1791
2007,10,21,15,1833
2007,10,21,16,1911
2007,10,21,17,2008
2007,10,21,18,2109
2007,10,21,19,2182
2007,10,21,20,2187
2007,10,21,21,2126
2007,10,21,22,2000
2007,10,21,23,1860
2007,10,22,0,1730
2007,10,22,1,1633
2007,10,22,2,1576
2007,10,22,3,1581
2007,10,22,4,1645
2007,10,22,5,1768
2007,10,22,6,1905
2007,10,22,7,2025
2007,10,22,8,2096
2007,10,22,9,2105
2007,10,22,10,2051
2007,10,22,11,1948
2007,10,22,12,1827
2007,10,22,13,1718
2007,10,22,14,1664
2007,10,22,15,1670
2007,10,22,16,1734
2007,10,22,17,1847
2007,10,22,18,1984
2007,10,22,19,2127
2007,10,22,20,2222
2007,10,22,21,2232
2007,10,22,22,2154
2007,10,22,23,2012
2007,10,23,0,1833
2007,10,23,1,1665
2007,10,23,2,1547
2007,10,23,3,1501
2007,10,23,4,1551
2007,10,23,5,1686
2007,10,23,6,1867
2007,10,23,7,2054
2007,10,23,8,2198
2007,10,23,9,2279
2007,10,23,10,2271
2007,10,23,11,2171
2007,10,23,12,2001
2007,10,23,13,1809
2007,10,23,14,1647
2007,10,23,15,1561
2007,10,23,16,1574
2007,10,23,17,1670
2007,10,23,18,1825
2007,10,23,19,2002
2007,10,23,20,2169
2007,10,23,21,2274
2007,10,23,22,2281
2007,10,23,23,2179
2007,10,24,0,1987
2007,10,24,1,1758
2007,10,24,2,1561
2007,10,24,3,1453
2007,10,24,4,1454
2007,10,24,5,1564
2007,10,24,6,1754
2007,10,24,7,1984
2007,10,24,8,2217
2007,10,24,9,2399
2007,10,24,10,2481
2007,10,24,11,2434
2007,10,24,12,2257
2007,10,24,13,2013
2007,10,24,14,1763
2007,10,24,15,1576
2007,10,24,16,1497
2007,10,24,17,1525
2007,10,24,18,1641
2007,10,24,19,1820
2007,10,24,20,2035
2007,10,24,21,2229
2007,10,24,22,2338
2007,10,24,23,2327
2007,10,25,0,2184
2007,10,25,1,1937
2007,10,25,2,1656
2007,10,25,3,1436
2007,10,25,4,1357
2007,10,25,5,1423
2007,10,25,6,1597
2007,10,25,7,1835
2007,10,25,8,2099
2007,10,25,9,2353
2007,10,25,10,2546
2007,10,25,11,2615
2007,10,25,12,2515
2007,10,25,13,2264
2007,10,25,14,1935
2007,10,25,15,1630
2007,10,25,16,1430
2007,10,25,17,1369
2007,10,25,18,1418
2007,10,25,19,1572
2007,10,25,20,1801
2007,10,25,21,2038
2007,10,25,22,2240
2007,10,25,23,2340
2007,10,26,0,2282
2007,10,26,1,2076
2007,10,26,2,1791
2007,10,26,3,1522
2007,10,26,4,1356
2007,10,26,5,1339
2007,10,26,6,1454
2007,10,26,7,1669
2007,10,26,8,1949
2007,10,26,9,2272
2007,10,26,10,2562
2007,10,26,11,2741
2007,10,26,12,2744
2007,10,26,13,2557
2007,10,26,14,2238
2007,10,26,15,1874
2007,10,26,16,1577
2007,10,26,17,1410
2007,10,26,18,1378
2007,10,26,19,1455
2007,10,26,20,1636
2007,10,26,21,1879
2007,10,26,22,2127
2007,10,26,23,2310
2007,10,27,0,2375
2007,10,27,1,2277
2007,10,27,2,2024
2007,10,27,3,1713
2007,10,27,4,1455
2007,10,27,5,1341
2007,10,27,6,1376
2007,10,27,7,1543
2007,10,27,8,1808
2007,10,27,9,2134
2007,10,27,10,2460
2007,10,27,11,2709
2007,10,27,12,2822
2007,10,27,13,2770
2007,10,27,14,2528
2007,10,27,15,2158
2007,10,27,16,1777
2007,10,27,17,1499
2007,10,27,18,1366
2007,10,27,19,1371
2007,10,27,20,1484
2007,10,27,21,1669
2007,10,27,22,1896
2007,10,27,23,2121
2007,10,28,0,2273
2007,10,28,1,2301
2007,10,28,2,2158
2007,10,28,3,1881
2007,10,28,4,1579
2007,10,28,5,1368
2007,10,28,6,1319
2007,10,28,7,1420
2007,10,28,8,1629
2007,10,28,9,1912
2007,10,28,10,2208
2007,10,28,11,2483
2007,10,28,12,2680
2007,10,28,13,2756
2007,10,28,14,2669
2007,10,28,15,2393
2007,10,28,16,2018
2007,10,28,17,1668
2007,10,28,18,1430
2007,10,28,19,1347
2007,10,28,20,1389
2007,10,28,21,1515
2007,10,28,22,1698
2007,10,28,23,1902
2007,10,29,0,2091
2007,10,29,1,2212
2007,10,29,2,2195
2007,10,29,3,2028
2007,10,29,4,1762
2007,10,29,5,1506
2007,10,29,6,1353
2007,10,29,7,1343
2007,10,29,8,1475
2007,10,29,9,1701
2007,10,29,10,1977
2007,10,29,11,2248
2007,10,29,12,2483
2007,10,29,13,2633
2007,10,29,14,2662
2007,10,29,15,2527
2007,10,29,16,2243
2007,10,29,17,1910
2007,10,29,18,1632
2007,10,29,19,1464
2007,10,29,20,1433
2007,10,29,21,1502
2007,10,29,22,1638
2007,10,29,23,1787
2007,10,30,0,1925
2007,10,30,1,2059
2007,10,30,2,2135
2007,10,30,3,2086
2007,10,30,4,1922
2007,10,30,5,1697
2007,10,30,6,1497
2007,10,30,7,1392
2007,10,30,8,1429
2007,10,30,9,1595
2007,10,30,10,1827
2007,10,30,11,2062
2007,10,30,12,2270
2007,10,30,13,2434
2007,10,30,14,2543
2007,10,30,15,2550
2007,10,30,16,2424
2007,10,30,17,2182
2007,10,30,18,1896
2007,10,30,19,1670
2007,10,30,20,1551
2007,10,30,21,1541
2007,10,30,22,1618
2007,10,30,23,1732
2007,10,31,0,1848
2007,10,31,1,1958
2007,10,31,2,2040
2007,10,31,3,2085
2007,10,31,4,2031
2007,10,31,5,1885
2007,10,31,6,1705
2007,10,31,7,1560
2007,10,31,8,1513
2007,10,31,9,1585
2007,10,31,10,1735
2007,10,31,11,1915
2007,10,31,12,2089
2007,10,31,13,2244
2007,10,31,14,2375
2007,10,31,15,2459
2007,10,31,16,2454
2007,10,31,17,2346
2007,10,31,18,2147
2007,10,31,19,1922
2007,10,31,20,1761
2007,10,31,21,1685
2007,10,31,22,1697
2007,10,31,23,1745
2007,11,1,0,1809
2007,11,1,1,1884
2007,11,1,2,1951
2007,11,1,3,2028
2007,11,1,4,2071
2007,11,1,5,2038
2007,11,1,6,1929
2007,11,1,7,1781
2007,11,1,8,1672
2007,11,1,9,1656
2007,11,1,10,1711
2007,11,1,11,1812
2007,11,1,12,1928
2007,11,1,13,2050
2007,11,1,14,2170
2007,11,1,15,2271
2007,11,1,16,2336
2007,11,1,17,2336
2007,11,1,18,2239
2007,11,1,19,2092
2007,11,1,20,1943
2007,11,1,21,1820
2007,11,1,22,1773
2007,11,1,23,1764
2007,11,2,0,1778
2007,11,2,1,1814
2007,11,2,2,1854
2007,11,2,3,1917
2007,11,2,4,1996
2007,11,2,5,2049
2007,11,2,6,2041
2007,11,2,7,1964
2007,11,2,8,1865
2007,11,2,9,1801
2007,11,2,10,1796
2007,11,2,11,1841
2007,11,2,12,1904
2007,11,2,13,1956
2007,11,2,14,2024
2007,11,2,15,2118
2007,11,2,16,2220
2007,11,2,17,2297
2007,11,2,18,2309
2007,11,2,19,2247
2007,11,2,20,2133
2007,11,2,21,2016
2007,11,2,22,1933
2007,11,2,23,1879
2007,11,3,0,1845
2007,11,3,1,1830
2007,11,3,2,1834
2007,11,3,3,1871
2007,11,3,4,1951
2007,11,3,5,2032
2007,11,3,6,2097
2007,11,3,7,2111
2007,11,3,8,2067
2007,11,3,9,2002
2007,11,3,10,1951
2007,11,3,11,1919
2007,11,3,12,1904
2007,11,3,13,1909
2007,11,3,14,1942
2007,11,3,15,1998
2007,11,3,16,2073
2007,11,3,17,2162
2007,11,3,18,2234
2007,11,3,19,2261
2007,11,3,20,2233
2007,11,3,21,2161
2007,11,3,22,2066
2007,11,3,23,1959
2007,11,4,0,1864
2007,11,4,1,1789
2007,11,4,2,1755
2007,11,4,3,1773
2007,11,4,4,1846
2007,11,4,5,1955
2007,11,4,6,2069
2007,11,4,7,2152
2007,11,4,8,2185
2007,11,4,9,2169
2007,11,4,10,2111
2007,11,4,11,2019
2007,11,4,12,1923
2007,11,4,13,1853
2007,11,4,14,1829
2007,11,4,15,1853
2007,11,4,16,1927
2007,11,4,17,2027
2007,11,4,18,2124
2007,11,4,19,2207
2007,11,4,20,2259
2007,11,4,21,2238
2007,11,4,22,2159
2007,11,4,23,2041
2007,11,5,0,1915
2007,11,5,1,1809
2007,11,5,2,1731
2007,11,5,3,1715
2007,11,5,4,1760
2007,11,5,5,1867
2007,11,5,6,2015
2007,11,5,7,2163
2007,11,5,8,2269
2007,11,5,9,2310
2007,11,5,10,2267
2007,11,5,11,2153
2007,11,5,12,2013
2007,11,5,13,1887
2007,11,5,14,1802
2007,11,5,15,1764
2007,11,5,16,1799
2007,11,5,17,1886
2007,11,5,18,1990
2007,11,5,19,2114
2007,11,5,20,2214
2007,11,5,21,2267
2007,11,5,22,2237
2007,11,5,23,2143
2007,11,6,0,2002
2007,11,6,1,1839
2007,11,6,2,1707
2007,11,6,3,1637
2007,11,6,4,1660
2007,11,6,5,1770
2007,11,6,6,1943
2007,11,6,7,2126
2007,11,6,8,2282
2007,11,6,9,2388
2007,11,6,10,2403
2007,11,6,11,2328
2007,11,6,12,2178
2007,11,6,13,1992
2007,11,6,14,1821
2007,11,6,15,1726
2007,11,6,16,1721
2007,11,6,17,1780
2007,11,6,18,1881
2007,11,6,19,2004
2007,11,6,20,2131
2007,11,6,21,2237
2007,11,6,22,2290
2007,11,6,23,2244
2007,11,7,0,2119
2007,11,7,1,1941
2007,11,7,2,1772
2007,11,7,3,1664
2007,11,7,4,1647
2007,11,7,5,1731
2007,11,7,6,1887
2007,11,7,7,2078
2007,11,7,8,2265
2007,11,7,9,2418
2007,11,7,10,2492
2007,11,7,11,2475
2007,11,7,12,2354
2007,11,7,13,2148
2007,11,7,14,1925
2007,11,7,15,1747
2007,11,7,16,1668
2007,11,7,17,1679
2007,11,7,18,1757
2007,11,7,19,1886
2007,11,7,20,2037
2007,11,7,21,2171
2007,11,7,22,2264
2007,11,7,23,2279
2007,11,8,0,2196
2007,11,8,1,2037
2007,11,8,2,1847
2007,11,8,3,1686
2007,11,8,4,1616
2007,11,8,5,1660
2007,11,8,6,1786
2007,11,8,7,1972
2007,11,8,8,2187
2007,11,8,9,2380
2007,11,8,10,2510
2007,11,8,11,2543
2007,11,8,12,2460
2007,11,8,13,2277
2007,11,8,14,2046
2007,11,8,15,1828
2007,11,8,16,1688
2007,11,8,17,1641
2007,11,8,18,1676
2007,11,8,19,1776
2007,11,8,20,1925
2007,11,8,21,2083
2007,11,8,22,2213
2007,11,8,23,2275
2007,11,9,0,2253
2007,11,9,1,2136
2007,11,9,2,1943
2007,11,9,3,1751
2007,11,9,4,1627
2007,11,9,5,1626
2007,11,9,6,1737
2007,11,9,7,1916
2007,11,9,8,2131
2007,11,9,9,2351
2007,11,9,10,2526
2007,11,9,11,2617
2007,11,9,12,2599
2007,11,9,13,2466
2007,11,9,14,2242
2007,11,9,15,1987
2007,11,9,16,1767
2007,11,9,17,1641
2007,11,9,18,1629
2007,11,9,19,1717
2007,11,9,20,1852
2007,11,9,21,2002
2007,11,9,22,2150
2007,11,9,23,2251
2007,11,10,0,2280
2007,11,10,1,2213
2007,11,10,2,2041
2007,11,10,3,1814
2007,11,10,4,1638
2007,11,10,5,1590
2007,11,10,6,1668
2007,11,10,7,1836
2007,11,10,8,2053
2007,11,10,9,2283
2007,11,10,10,2475
2007,11,10,11,2607
2007,11,10,12,2656
2007,11,10,13,2581
2007,11,10,14,2389
2007,11,10,15,2119
2007,11,10,16,1856
2007,11,10,17,1678
2007,11,10,18,1619
2007,11,10,19,1652
2007,11,10,20,1759
2007,11,10,21,1900
2007,11,10,22,2054
2007,11,10,23,2181
2007,11,11,0,2250
2007,11,11,1,2231
2007,11,11,2,2106
2007,11,11,3,1904
2007,11,11,4,1698
2007,11,11,5,1571
2007,11,11,6,1582
2007,11,11,7,1722
2007,11,11,8,1933
2007,11,11,9,2171
2007,11,11,10,2389
2007,11,11,11,2557
2007,11,11,12,2644
2007,11,11,13,2627
2007,11,11,14,2493
2007,11,11,15,2245
2007,11,11,16,1974
2007,11,11,17,1761
2007,11,11,18,1641
2007,11,11,19,1629
2007,11,11,20,1699
2007,11,11,21,1818
2007,11,11,22,1967
2007,11,11,23,2122
2007,11,12,0,2228
2007,11,12,1,2246
2007,11,12,2,2161
2007,11,12,3,1984
2007,11,12,4,1783
2007,11,12,5,1645
2007,11,12,6,1622
2007,11,12,7,1711
2007,11,12,8,1867
2007,11,12,9,2074
2007,11,12,10,2304
2007,11,12,11,2503
2007,11,12,12,2649
2007,11,12,13,2707
2007,11,12,14,2644
2007,11,12,15,2460
2007,11,12,16,2200
2007,11,12,17,1940
2007,11,12,18,1761
2007,11,12,19,1691
2007,11,12,20,1731
2007,11,12,21,1834
2007,11,12,22,1970
2007,11,12,23,2118
2007,11,13,0,2237
2007,11,13,1,2303
2007,11,13,2,2266
2007,11,13,3,2134
2007,11,13,4,1948
2007,11,13,5,1764
2007,11,13,6,1665
2007,11,13,7,1697
2007,11,13,8,1830
2007,11,13,9,2021
2007,11,13,10,2223
2007,11,13,11,2413
2007,11,13,12,2585
2007,11,13,13,2692
2007,11,13,14,2692
2007,11,13,15,2566
2007,11,13,16,2344
2007,11,13,17,2083
2007,11,13,18,1866
2007,11,13,19,1739
2007,11,13,20,1714
2007,11,13,21,1755
2007,11,13,22,1853
2007,11,13,23,1990
2007,11,14,0,2113
2007,11,14,1,2209
2007,11,14,2,2222
2007,11,14,3,2146
2007,11,14,4,2006
2007,11,14,5,1846
2007,11,14,6,1727
2007,11,14,7,1694
2007,11,14,8,1753
2007,11,14,9,1910
2007,11,14,10,2109
2007,11,14,11,2314
2007,11,14,12,2488
2007,11,14,13,2596
2007,11,14,14,2647
2007,11,14,15,2598
2007,11,14,16,2450
2007,11,14,17,2232
2007,11,14,18,2000
2007,11,14,19,1822
2007,11,14,20,1743
2007,11,14,21,1743
2007,11,14,22,1808
2007,11,14,23,1919
2007,11,15,0,2035
2007,11,15,1,2117
2007,11,15,2,2163
2007,11,15,3,2153
2007,11,15,4,2077
2007,11,15,5,1943
2007,11,15,6,1814
2007,11,15,7,1742
2007,11,15,8,1749
2007,11,15,9,1848
2007,11,15,10,2004
2007,11,15,11,2182
2007,11,15,12,2359
2007,11,15,13,2511
2007,11,15,14,2609
2007,11,15,15,2621
2007,11,15,16,2533
2007,11,15,17,2364
2007,11,15,18,2146
2007,11,15,19,1947
2007,11,15,20,1818
2007,11,15,21,1763
2007,11,15,22,1779
2007,11,15,23,1842
2007,11,16,0,1944
2007,11,16,1,2042
2007,11,16,2,2118
2007,11,16,3,2143
2007,11,16,4,2106
2007,11,16,5,2025
2007,11,16,6,1919
2007,11,16,7,1830
2007,11,16,8,1789
2007,11,16,9,1815
2007,11,16,10,1904
2007,11,16,11,2044
2007,11,16,12,2216
2007,11,16,13,2377
2007,11,16,14,2487
2007,11,16,15,2536
2007,11,16,16,2511
2007,11,16,17,2414
2007,11,16,18,2245
2007,11,16,19,2056
2007,11,16,20,1906
2007,11,16,21,1805
2007,11,16,22,1759
2007,11,16,23,1779
2007,11,17,0,1844
2007,11,17,1,1922
2007,11,17,2,2003
2007,11,17,3,2062
2007,11,17,4,2093
2007,11,17,5,2082
2007,11,17,6,2026
2007,11,17,7,1946
2007,11,17,8,1872
2007,11,17,9,1839
2007,11,17,10,1860
2007,11,17,11,1947
2007,11,17,12,2080
2007,11,17,13,2215
2007,11,17,14,2321
2007,11,17,15,2391
2007,11,17,16,2413
2007,11,17,17,2394
2007,11,17,18,2316
2007,11,17,19,2188
2007,11,17,20,2039
2007,11,17,21,1895
2007,11,17,22,1796
2007,11,17,23,1754
2007,11,18,0,1783
2007,11,18,1,1848
2007,11,18,2,1924
2007,11,18,3,2000
2007,11,18,4,2083
2007,11,18,5,2140
2007,11,18,6,2151
2007,11,18,7,2108
2007,11,18,8,2018
2007,11,18,9,1938
2007,11,18,10,1902
2007,11,18,11,1925
2007,11,18,12,1993
2007,11,18,13,2081
2007,11,18,14,2160
2007,11,18,15,2228
2007,11,18,16,2304
2007,11,18,17,2359
2007,11,18,18,2364
2007,11,18,19,2297
2007,11,18,20,2166
2007,11,18,21,2007
2007,11,18,22,1870
2007,11,18,23,1778
2007,11,19,0,1740
2007,11,19,1,1749
2007,11,19,2,1802
2007,11,19,3,1890
2007,11,19,4,2005
2007,11,19,5,2120
2007,11,19,6,2210
2007,11,19,7,2240
2007,11,19,8,2194
2007,11,19,9,2106
2007,11,19,10,1995
2007,11,19,11,1912
2007,11,19,12,1887
2007,11,19,13,1908
2007,11,19,14,1959
2007,11,19,15,2030
2007,11,19,16,2127
2007,11,19,17,2231
2007,11,19,18,2301
2007,11,19,19,2301
2007,11,19,20,2233
2007,11,19,21,2114
2007,11,19,22,1964
2007,11,19,23,1811
2007,11,20,0,1698
2007,11,20,1,1653
2007,11,20,2,1678
2007,11,20,3,1766
2007,11,20,4,1897
2007,11,20,5,2045
2007,11,20,6,2181
2007,11,20,7,2287
2007,11,20,8,2316
2007,11,20,9,2262
2007,11,20,10,2145
2007,11,20,11,2006
2007,11,20,12,1883
2007,11,20,13,1803
2007,11,20,14,1781
2007,11,20,15,1807
2007,11,20,16,1890
2007,11,20,17,2011
2007,11,20,18,2134
2007,11,20,19,2221
2007,11,20,20,2234
2007,11,20,21,2162
2007,11,20,22,2027
2007,11,20,23,1858
2007,11,21,0,1706
2007,11,21,1,1609
2007,11,21,2,1570
2007,11,21,3,1602
2007,11,21,4,1722
2007,11,21,5,1907
2007,11,21,6,2130
2007,11,21,7,2314
2007,11,21,8,2422
2007,11,21,9,2439
2007,11,21,10,2350
2007,11,21,11,2193
2007,11,21,12,2004
2007,11,21,13,1823
2007,11,21,14,1702
2007,11,21,15,1657
2007,11,21,16,1687
2007,11,21,17,1780
2007,11,21,18,1916
2007,11,21,19,2048
2007,11,21,20,2157
2007,11,21,21,2198
2007,11,21,22,2145
2007,11,21,23,1993
2007,11,22,0,1791
2007,11,22,1,1613
2007,11,22,2,1484
2007,11,22,3,1461
2007,11,22,4,1549
2007,11,22,5,1723
2007,11,22,6,1962
2007,11,22,7,2204
2007,11,22,8,2406
2007,11,22,9,2529
2007,11,22,10,2519
2007,11,22,11,2401
2007,11,22,12,2193
2007,11,22,13,1949
2007,11,22,14,1737
2007,11,22,15,1591
2007,11,22,16,1526
2007,11,22,17,1549
2007,11,22,18,1661
2007,11,22,19,1826
2007,11,22,20,1998
2007,11,22,21,2125
2007,11,22,22,2161
2007,11,22,23,2082
2007,11,23,0,1911
2007,11,23,1,1709
2007,11,23,2,1513
2007,11,23,3,1393
2007,11,23,4,1402
2007,11,23,5,1539
2007,11,23,6,1778
2007,11,23,7,2063
2007,11,23,8,2334
2007,11,23,9,2534
2007,11,23,10,2626
2007,11,23,11,2592
2007,11,23,12,2423
2007,11,23,13,2157
2007,11,23,14,1866
2007,11,23,15,1612
2007,11,23,16,1450
2007,11,23,17,1407
2007,11,23,18,1460
2007,11,23,19,1588
2007,11,23,20,1770
2007,11,23,21,1965
2007,11,23,22,2119
2007,11,23,23,2153
2007,11,24,0,2049
2007,11,24,1,1833
2007,11,24,2,1577
2007,11,24,3,1380
2007,11,24,4,1304
2007,11,24,5,1363
2007,11,24,6,1536
2007,11,24,7,1799
2007,11,24,8,2098
2007,11,24,9,2387
2007,11,24,10,2599
2007,11,24,11,2681
2007,11,24,12,2599
2007,11,24,13,2376
2007,11,24,14,2063
2007,11,24,15,1745
2007,11,24,16,1482
2007,11,24,17,1335
2007,11,24,18,1294
2007,11,24,19,1370
2007,11,24,20,1540
2007,11,24,21,1759
2007,11,24,22,1976
2007,11,24,23,2122
2007,11,25,0,2138
2007,11,25,1,2006
2007,11,25,2,1771
2007,11,25,3,1520
2007,11,25,4,1333
2007,11,25,5,1284
2007,11,25,6,1382
2007,11,25,7,1583
2007,11,25,8,1862
2007,11,25,9,2181
2007,11,25,10,2467
2007,11,25,11,2659
2007,11,25,12,2707
2007,11,25,13,2596
2007,11,25,14,2351
2007,11,25,15,2026
2007,11,25,16,1696
2007,11,25,17,1453
2007,11,25,18,1321
2007,11,25,19,1318
2007,11,25,20,1408
2007,11,25,21,1583
2007,11,25,22,1809
2007,11,25,23,2011
2007,11,26,0,2138
2007,11,26,1,2132
2007,11,26,2,1974
2007,11,26,3,1719
2007,11,26,4,1472
2007,11,26,5,1322
2007,11,26,6,1318
2007,11,26,7,1441
2007,11,26,8,1651
2007,11,26,9,1920
2007,11,26,10,2205
2007,11,26,11,2463
2007,11,26,12,2626
2007,11,26,13,2657
2007,11,26,14,2530
2007,11,26,15,2261
2007,11,26,16,1926
2007,11,26,17,1613
2007,11,26,18,1396
2007,11,26,19,1317
2007,11,26,20,1360
2007,11,26,21,1496
2007,11,26,22,1674
2007,11,26,23,1852
2007,11,27,0,2016
2007,11,27,1,2120
2007,11,27,2,2103
2007,11,27,3,1940
2007,11,27,4,1690
2007,11,27,5,1473
2007,11,27,6,1370
2007,11,27,7,1406
2007,11,27,8,1545
2007,11,27,9,1745
2007,11,27,10,1983
2007,11,27,11,2245
2007,11,27,12,2469
2007,11,27,13,2605
2007,11,27,14,2604
2007,11,27,15,2453
2007,11,27,16,2195
2007,11,27,17,1886
2007,11,27,18,1620
2007,11,27,19,1464
2007,11,27,20,1431
2007,11,27,21,1483
2007,11,27,22,1594
2007,11,27,23,1743
2007,11,28,0,1902
2007,11,28,1,2039
2007,11,28,2,2108
2007,11,28,3,2050
2007,11,28,4,1868
2007,11,28,5,1649
2007,11,28,6,1485
2007,11,28,7,1422
2007,11,28,8,1454
2007,11,28,9,1571
2007,11,28,10,1758
2007,11,28,11,1987
2007,11,28,12,2225
2007,11,28,13,2414
2007,11,28,14,2498
2007,11,28,15,2455
2007,11,28,16,2292
2007,11,28,17,2051
2007,11,28,18,1798
2007,11,28,19,1599
2007,11,28,20,1504
2007,11,28,21,1495
2007,11,28,22,1551
2007,11,28,23,1655
2007,11,29,0,1789
2007,11,29,1,1923
2007,11,29,2,2042
2007,11,29,3,2101
2007,11,29,4,2051
2007,11,29,5,1895
2007,11,29,6,1709
2007,11,29,7,1569
2007,11,29,8,1533
2007,11,29,9,1578
2007,11,29,10,1682
2007,11,29,11,1842
2007,11,29,12,2032
2007,11,29,13,2222
2007,11,29,14,2365
2007,11,29,15,2427
2007,11,29,16,2387
2007,11,29,17,2242
2007,11,29,18,2025
2007,11,29,19,1805
2007,11,29,20,1654
2007,11,29,21,1592
2007,11,29,22,1601
2007,11,29,23,1653
2007,11,30,0,1748
2007,11,30,1,1855
2007,11,30,2,1965
2007,11,30,3,2066
2007,11,30,4,2106
2007,11,30,5,2050
2007,11,30,6,1914
2007,11,30,7,1767
2007,11,30,8,1661
2007,11,30,9,1614
2007,11,30,10,1645
2007,11,30,11,1754
2007,11,30,12,1902
2007,11,30,13,2067
2007,11,30,14,2196
2007,11,30,15,2265
2007,11,30,16,2291
2007,11,30,17,2254
2007,11,30,18,2139
2007,11,30,19,1964
2007,11,30,20,1777
2007,11,30,21,1660
2007,11,30,22,1623
2007,11,30,23,1644
2007,12,1,0,1708
2007,12,1,1,1787
2007,12,1,2,1882
2007,12,1,3,1995
2007,12,1,4,2095
2007,12,1,5,2135
2007,12,1,6,2086
2007,12,1,7,1970
2007,12,1,8,1842
2007,12,1,9,1738
2007,12,1,10,1691
2007,12,1,11,1718
2007,12,1,12,1802
2007,12,1,13,1919
2007,12,1,14,2027
2007,12,1,15,2097
2007,12,1,16,2151
2007,12,1,17,2182
2007,12,1,18,2155
2007,12,1,19,2043
2007,12,1,20,1878
2007,12,1,21,1728
2007,12,1,22,1656
2007,12,1,23,1650
2007,12,2,0,1681
2007,12,2,1,1724
2007,12,2,2,1781
2007,12,2,3,1859
2007,12,2,4,1973
2007,12,2,5,2101
2007,12,2,6,2172
2007,12,2,7,2147
2007,12,2,8,2035
2007,12,2,9,1906
2007,12,2,10,1793
2007,12,2,11,1744
2007,12,2,12,1758
2007,12,2,13,1813
2007,12,2,14,1881
2007,12,2,15,1942
2007,12,2,16,1999
2007,12,2,17,2044
2007,12,2,18,2068
2007,12,2,19,2044
2007,12,2,20,1956
2007,12,2,21,1826
2007,12,2,22,1706
2007,12,2,23,1638
2007,12,3,0,1612
2007,12,3,1,1641
2007,12,3,2,1700
2007,12,3,3,1779
2007,12,3,4,1891
2007,12,3,5,2019
2007,12,3,6,2141
2007,12,3,7,2196
2007,12,3,8,2171
2007,12,3,9,2082
2007,12,3,10,1954
2007,12,3,11,1849
2007,12,3,12,1784
2007,12,3,13,1760
2007,12,3,14,1775
2007,12,3,15,1810
2007,12,3,16,1861
2007,12,3,17,1926
2007,12,3,18,1981
2007,12,3,19,2017
2007,12,3,20,2011
2007,12,3,21,1945
2007,12,3,22,1849
2007,12,3,23,1740
2007,12,4,0,1661
2007,12,4,1,1631
2007,12,4,2,1646
2007,12,4,3,1711
2007,12,4,4,1806
2007,12,4,5,1931
2007,12,4,6,2078
2007,12,4,7,2199
2007,12,4,8,2262
2007,12,4,9,2227
2007,12,4,10,2114
2007,12,4,11,1975
2007,12,4,12,1855
2007,12,4,13,1774
2007,12,4,14,1728
2007,12,4,15,1715
2007,12,4,16,1727
2007,12,4,17,1771
2007,12,4,18,1844
2007,12,4,19,1925
2007,12,4,20,1977
2007,12,4,21,1969
2007,12,4,22,1901
2007,12,4,23,1791
2007,12,5,0,1684
2007,12,5,1,1613
2007,12,5,2,1583
2007,12,5,3,1602
2007,12,5,4,1682
2007,12,5,5,1807
2007,12,5,6,1966
2007,12,5,7,2121
2007,12,5,8,2231
2007,12,5,9,2288
2007,12,5,10,2244
2007,12,5,11,2124
2007,12,5,12,1960
2007,12,5,13,1804
2007,12,5,14,1693
2007,12,5,15,1639
2007,12,5,16,1635
2007,12,5,17,1666
2007,12,5,18,1725
2007,12,5,19,1810
2007,12,5,20,1894
2007,12,5,21,1952
2007,12,5,22,1963
2007,12,5,23,1895
2007,12,6,0,1780
2007,12,6,1,1669
2007,12,6,2,1594
2007,12,6,3,1574
2007,12,6,4,1624
2007,12,6,5,1735
2007,12,6,6,1889
2007,12,6,7,2066
2007,12,6,8,2233
2007,12,6,9,2334
2007,12,6,10,2332
2007,12,6,11,2243
2007,12,6,12,2085
2007,12,6,13,1904
2007,12,6,14,1745
2007,12,6,15,1636
2007,12,6,16,1581
2007,12,6,17,1581
2007,12,6,18,1641
2007,12,6,19,1733
2007,12,6,20,1834
2007,12,6,21,1926
2007,12,6,22,1979
2007,12,6,23,1961
2007,12,7,0,1871
2007,12,7,1,1741
2007,12,7,2,1611
2007,12,7,3,1539
2007,12,7,4,1564
2007,12,7,5,1670
2007,12,7,6,1828
2007,12,7,7,2011
2007,12,7,8,2208
2007,12,7,9,2371
2007,12,7,10,2451
2007,12,7,11,2423
2007,12,7,12,2293
2007,12,7,13,2100
2007,12,7,14,1896
2007,12,7,15,1715
2007,12,7,16,1589
2007,12,7,17,1546
2007,12,7,18,1572
2007,12,7,19,1654
2007,12,7,20,1765
2007,12,7,21,1886
2007,12,7,22,1978
2007,12,7,23,2015
2007,12,8,0,1963
2007,12,8,1,1836
2007,12,8,2,1675
2007,12,8,3,1542
2007,12,8,4,1498
2007,12,8,5,1557
2007,12,8,6,1698
2007,12,8,7,1898
2007,12,8,8,2113
2007,12,8,9,2291
2007,12,8,10,2407
2007,12,8,11,2443
2007,12,8,12,2389
2007,12,8,13,2220
2007,12,8,14,1991
2007,12,8,15,1762
2007,12,8,16,1575
2007,12,8,17,1474
2007,12,8,18,1461
2007,12,8,19,1530
2007,12,8,20,1644
2007,12,8,21,1776
2007,12,8,22,1895
2007,12,8,23,1964
2007,12,9,0,1966
2007,12,9,1,1888
2007,12,9,2,1742
2007,12,9,3,1574
2007,12,9,4,1462
2007,12,9,5,1463
2007,12,9,6,1576
2007,12,9,7,1772
2007,12,9,8,1996
2007,12,9,9,2203
2007,12,9,10,2356
2007,12,9,11,2428
2007,12,9,12,2408
2007,12,9,13,2303
2007,12,9,14,2121
2007,12,9,15,1886
2007,12,9,16,1651
2007,12,9,17,1501
2007,12,9,18,1457
2007,12,9,19,1496
2007,12,9,20,1586
2007,12,9,21,1711
2007,12,9,22,1839
2007,12,9,23,1934
2007,12,10,0,1971
2007,12,10,1,1938
2007,12,10,2,1815
2007,12,10,3,1637
2007,12,10,4,1489
2007,12,10,5,1437
2007,12,10,6,1499
2007,12,10,7,1652
2007,12,10,8,1862
2007,12,10,9,2081
2007,12,10,10,2276
2007,12,10,11,2416
2007,12,10,12,2459
2007,12,10,13,2401
2007,12,10,14,2254
2007,12,10,15,2028
2007,12,10,16,1764
2007,12,10,17,1555
2007,12,10,18,1449
2007,12,10,19,1444
2007,12,10,20,1516
2007,12,10,21,1645
2007,12,10,22,1793
2007,12,10,23,1928
2007,12,11,0,2008
2007,12,11,1,2004
2007,12,11,2,1898
2007,12,11,3,1720
2007,12,11,4,1543
2007,12,11,5,1442
2007,12,11,6,1441
2007,12,11,7,1535
2007,12,11,8,1699
2007,12,11,9,1918
2007,12,11,10,2146
2007,12,11,11,2357
2007,12,11,12,2479
2007,12,11,13,2469
2007,12,11,14,2350
2007,12,11,15,2142
2007,12,11,16,1904
2007,12,11,17,1681
2007,12,11,18,1514
2007,12,11,19,1439
2007,12,11,20,1462
2007,12,11,21,1574
2007,12,11,22,1738
2007,12,11,23,1890
2007,12,12,0,2009
2007,12,12,1,2051
2007,12,12,2,1993
2007,12,12,3,1843
2007,12,12,4,1666
2007,12,12,5,1519
2007,12,12,6,1457
2007,12,12,7,1490
2007,12,12,8,1601
2007,12,12,9,1785
2007,12,12,10,2011
2007,12,12,11,2246
2007,12,12,12,2417
2007,12,12,13,2476
2007,12,12,14,2418
2007,12,12,15,2249
2007,12,12,16,2005
2007,12,12,17,1759
2007,12,12,18,1557
2007,12,12,19,1439
2007,12,12,20,1426
2007,12,12,21,1509
2007,12,12,22,1659
2007,12,12,23,1828
2007,12,13,0,1963
2007,12,13,1,2049
2007,12,13,2,2045
2007,12,13,3,1942
2007,12,13,4,1770
2007,12,13,5,1596
2007,12,13,6,1494
2007,12,13,7,1486
2007,12,13,8,1570
2007,12,13,9,1724
2007,12,13,10,1914
2007,12,13,11,2119
2007,12,13,12,2296
2007,12,13,13,2417
2007,12,13,14,2449
2007,12,13,15,2354
2007,12,13,16,2136
2007,12,13,17,1869
2007,12,13,18,1639
2007,12,13,19,1503
2007,12,13,20,1460
2007,12,13,21,1504
2007,12,13,22,1608
2007,12,13,23,1756
2007,12,14,0,1916
2007,12,14,1,2044
2007,12,14,2,2088
2007,12,14,3,2040
2007,12,14,4,1922
2007,12,14,5,1774
2007,12,14,6,1627
2007,12,14,7,1544
2007,12,14,8,1562
2007,12,14,9,1660
2007,12,14,10,1817
2007,12,14,11,2003
2007,12,14,12,2184
2007,12,14,13,2330
2007,12,14,14,2412
2007,12,14,15,2404
2007,12,14,16,2285
2007,12,14,17,2074
2007,12,14,18,1830
2007,12,14,19,1624
2007,12,14,20,1520
2007,12,14,21,1510
2007,12,14,22,1576
2007,12,14,23,1688
2007,12,15,0,1836
2007,12,15,1,1991
2007,12,15,2,2101
2007,12,15,3,2147
2007,12,15,4,2116
2007,12,15,5,1993
2007,12,15,6,1837
2007,12,15,7,1707
2007,12,15,8,1648
2007,12,15,9,1673
2007,12,15,10,1755
2007,12,15,11,1894
2007,12,15,12,2066
2007,12,15,13,2228
2007,12,15,14,2349
2007,12,15,15,2411
2007,12,15,16,2372
2007,12,15,17,2234
2007,12,15,18,2027
2007,12,15,19,1815
2007,12,15,20,1650
2007,12,15,21,1580
2007,12,15,22,1600
2007,12,15,23,1681
2007,12,16,0,1808
2007,12,16,1,1956
2007,12,16,2,2084
2007,12,16,3,2178
2007,12,16,4,2217
2007,12,16,5,2164
2007,12,16,6,2039
2007,12,16,7,1883
2007,12,16,8,1767
2007,12,16,9,1724
2007,12,16,10,1751
2007,12,16,11,1830
2007,12,16,12,1957
2007,12,16,13,2108
2007,12,16,14,2246
2007,12,16,15,2328
2007,12,16,16,2339
2007,12,16,17,2273
2007,12,16,18,2138
2007,12,16,19,1962
2007,12,16,20,1795
2007,12,16,21,1676
2007,12,16,22,1627
2007,12,16,23,1653
2007,12,17,0,1753
2007,12,17,1,1894
2007,12,17,2,2023
2007,12,17,3,2136
2007,12,17,4,2218
2007,12,17,5,2253
2007,12,17,6,2225
2007,12,17,7,2119
2007,12,17,8,1986
2007,12,17,9,1876
2007,12,17,10,1821
2007,12,17,11,1829
2007,12,17,12,1898
2007,12,17,13,2000
2007,12,17,14,2116
2007,12,17,15,2222
2007,12,17,16,2284
2007,12,17,17,2287
2007,12,17,18,2224
2007,12,17,19,2103
2007,12,17,20,1954
2007,12,17,21,1803
2007,12,17,22,1697
2007,12,17,23,1664
2007,12,18,0,1710
2007,12,18,1,1818
2007,12,18,2,1950
2007,12,18,3,2085
2007,12,18,4,2218
2007,12,18,5,2322
2007,12,18,6,2362
2007,12,18,7,2314
2007,12,18,8,2207
2007,12,18,9,2082
2007,12,18,10,1962
2007,12,18,11,1884
2007,12,18,12,1861
2007,12,18,13,1897
2007,12,18,14,1982
2007,12,18,15,2083
2007,12,18,16,2173
2007,12,18,17,2230
2007,12,18,18,2244
2007,12,18,19,2204
2007,12,18,20,2099
2007,12,18,21,1952
2007,12,18,22,1792
2007,12,18,23,1681
2007,12,19,0,1652
2007,12,19,1,1706
2007,12,19,2,1806
2007,12,19,3,1926
2007,12,19,4,2070
2007,12,19,5,2226
2007,12,19,6,2376
2007,12,19,7,2462
2007,12,19,8,2441
2007,12,19,9,2316
2007,12,19,10,2142
2007,12,19,11,1990
2007,12,19,12,1889
2007,12,19,13,1843
2007,12,19,14,1847
2007,12,19,15,1871
2007,12,19,16,1930
2007,12,19,17,2022
2007,12,19,18,2122
2007,12,19,19,2178
2007,12,19,20,2144
2007,12,19,21,2040
2007,12,19,22,1880
2007,12,19,23,1715
2007,12,20,0,1595
2007,12,20,1,1557
2007,12,20,2,1594
2007,12,20,3,1692
2007,12,20,4,1855
2007,12,20,5,2050
2007,12,20,6,2243
2007,12,20,7,2396
2007,12,20,8,2468
2007,12,20,9,2430
2007,12,20,10,2300
2007,12,20,11,2127
2007,12,20,12,1947
2007,12,20,13,1808
2007,12,20,14,1728
2007,12,20,15,1700
2007,12,20,16,1725
2007,12,20,17,1801
2007,12,20,18,1910
2007,12,20,19,2018
2007,12,20,20,2087
2007,12,20,21,2087
2007,12,20,22,1994
2007,12,20,23,1836
2007,12,21,0,1669
2007,12,21,1,1543
2007,12,21,2,1499
2007,12,21,3,1544
2007,12,21,4,1669
2007,12,21,5,1857
2007,12,21,6,2087
2007,12,21,7,2321
2007,12,21,8,2488
2007,12,21,9,2550
2007,12,21,10,2496
2007,12,21,11,2343
2007,12,21,12,2133
2007,12,21,13,1911
2007,12,21,14,1731
2007,12,21,15,1617
2007,12,21,16,1570
2007,12,21,17,1603
2007,12,21,18,1697
2007,12,21,19,1827
2007,12,21,20,1957
2007,12,21,21,2046
2007,12,21,22,2042
2007,12,21,23,1949
2007,12,22,0,1790
2007,12,22,1,1623
2007,12,22,2,1498
2007,12,22,3,1461
2007,12,22,4,1515
2007,12,22,5,1653
2007,12,22,6,1858
2007,12,22,7,2102
2007,12,22,8,2332
2007,12,22,9,2505
2007,12,22,10,2571
2007,12,22,11,2507
2007,12,22,12,2332
2007,12,22,13,2092
2007,12,22,14,1852
2007,12,22,15,1647
2007,12,22,16,1508
2007,12,22,17,1458
2007,12,22,18,1500
2007,12,22,19,1606
2007,12,22,20,1760
2007,12,22,21,1933
2007,12,22,22,2051
2007,12,22,23,2065
2007,12,23,0,1949
2007,12,23,1,1757
2007,12,23,2,1556
2007,12,23,3,1414
2007,12,23,4,1391
2007,12,23,5,1473
2007,12,23,6,1650
2007,12,23,7,1885
2007,12,23,8,2152
2007,12,23,9,2403
2007,12,23,10,2571
2007,12,23,11,2626
2007,12,23,12,2544
2007,12,23,13,2345
2007,12,23,14,2073
2007,12,23,15,1803
2007,12,23,16,1592
2007,12,23,17,1475
2007,12,23,18,1451
2007,12,23,19,1502
2007,12,23,20,1621
2007,12,23,21,1801
2007,12,23,22,1991
2007,12,23,23,2112
2007,12,24,0,2127
2007,12,24,1,2010
2007,12,24,2,1793
2007,12,24,3,1561
2007,12,24,4,1412
2007,12,24,5,1389
2007,12,24,6,1489
2007,12,24,7,1683
2007,12,24,8,1937
2007,12,24,9,2211
2007,12,24,10,2451
2007,12,24,11,2618
2007,12,24,12,2656
2007,12,24,13,2558
2007,12,24,14,2336
2007,12,24,15,2039
2007,12,24,16,1757
2007,12,24,17,1555
2007,12,24,18,1447
2007,12,24,19,1446
2007,12,24,20,1546
2007,12,24,21,1703
2007,12,24,22,1900
2007,12,24,23,2094
2007,12,25,0,2219
2007,12,25,1,2201
2007,12,25,2,2026
2007,12,25,3,1769
2007,12,25,4,1534
2007,12,25,5,1401
2007,12,25,6,1385
2007,12,25,7,1487
2007,12,25,8,1687
2007,12,25,9,1953
2007,12,25,10,2233
2007,12,25,11,2483
2007,12,25,12,2642
2007,12,25,13,2662
2007,12,25,14,2544
2007,12,25,15,2295
2007,12,25,16,1996
2007,12,25,17,1724
2007,12,25,18,1534
2007,12,25,19,1460
2007,12,25,20,1483
2007,12,25,21,1588
2007,12,25,22,1770
2007,12,25,23,1992
2007,12,26,0,2176
2007,12,26,1,2266
2007,12,26,2,2202
2007,12,26,3,1997
2007,12,26,4,1743
2007,12,26,5,1527
2007,12,26,6,1406
2007,12,26,7,1418
2007,12,26,8,1555
2007,12,26,9,1783
2007,12,26,10,2044
2007,12,26,11,2299
2007,12,26,12,2499
2007,12,26,13,2609
2007,12,26,14,2635
2007,12,26,15,2521
2007,12,26,16,2268
2007,12,26,17,1964
2007,12,26,18,1703
2007,12,26,19,1551
2007,12,26,20,1506
2007,12,26,21,1559
2007,12,26,22,1700
2007,12,26,23,1888
2007,12,27,0,2080
2007,12,27,1,2236
2007,12,27,2,2296
2007,12,27,3,2221
2007,12,27,4,2036
2007,12,27,5,1796
2007,12,27,6,1593
2007,12,27,7,1501
2007,12,27,8,1543
2007,12,27,9,1699
2007,12,27,10,1921
2007,12,27,11,2174
2007,12,27,12,2425
2007,12,27,13,2618
2007,12,27,14,2719
2007,12,27,15,2672
2007,12,27,16,2483
2007,12,27,17,2204
2007,12,27,18,1908
2007,12,27,19,1675
2007,12,27,20,1547
2007,12,27,21,1540
2007,12,27,22,1654
2007,12,27,23,1853
2007,12,28,0,2061
2007,12,28,1,2230
2007,12,28,2,2337
2007,12,28,3,2342
2007,12,28,4,2235
2007,12,28,5,2033
2007,12,28,6,1804
2007,12,28,7,1636
2007,12,28,8,1589
2007,12,28,9,1659
2007,12,28,10,1823
2007,12,28,11,2052
2007,12,28,12,2298
2007,12,28,13,2504
2007,12,28,14,2639
2007,12,28,15,2689
2007,12,28,16,2616
2007,12,28,17,2400
2007,12,28,18,2109
2007,12,28,19,1838
2007,12,28,20,1649
2007,12,28,21,1594
2007,12,28,22,1651
2007,12,28,23,1768
2007,12,29,0,1910
2007,12,29,1,2082
2007,12,29,2,2244
2007,12,29,3,2340
2007,12,29,4,2326
2007,12,29,5,2193
2007,12,29,6,2002
2007,12,29,7,1818
2007,12,29,8,1692
2007,12,29,9,1670
2007,12,29,10,1749
2007,12,29,11,1927
2007,12,29,12,2145
2007,12,29,13,2345
2007,12,29,14,2479
2007,12,29,15,2537
2007,12,29,16,2523
2007,12,29,17,2418
2007,12,29,18,2220
2007,12,29,19,1968
2007,12,29,20,1739
2007,12,29,21,1613
2007,12,29,22,1610
2007,12,29,23,1698
2007,12,30,0,1835
2007,12,30,1,2001
2007,12,30,2,2159
2007,12,30,3,2281
2007,12,30,4,2366
2007,12,30,5,2375
2007,12,30,6,2272
2007,12,30,7,2090
2007,12,30,8,1908
2007,12,30,9,1806
2007,12,30,10,1816
2007,12,30,11,1917
2007,12,30,12,2062
2007,12,30,13,2197
2007,12,30,14,2307
2007,12,30,15,2386
2007,12,30,16,2409
2007,12,30,17,2366
2007,12,30,18,2242
2007,12,30,19,2046
2007,12,30,20,1838
2007,12,30,21,1684
2007,12,30,22,1628
2007,12,30,23,1665
2007,12,31,0,1773
2007,12,31,1,1908
2007,12,31,2,2043
2007,12,31,3,2170
2007,12,31,4,2284
2007,12,31,5,2353
2007,12,31,6,2338
2007,12,31,7,2243
2007,12,31,8,2099
2007,12,31,9,1977
2007,12,31,10,1915
2007,12,31,11,1914
2007,12,31,12,1970
2007,12,31,13,2066
2007,12,31,14,2174
2007,12,31,15,2254
2007,12,31,16,2310
2007,12,31,17,2306
2007,12,31,18,2262
2007,12,31,19,2150
2007,12,31,20,1984
2007,12,31,21,1823
2007,12,31,22,1713
2007,12,31,23,1677
2008,1,1,0,1730
2008,1,1,1,1847
2008,1,1,2,1980
2008,1,1,3,2105
2008,1,1,4,2230
2008,1,1,5,2334
2008,1,1,6,2392
2008,1,1,7,2385
2008,1,1,8,2299
2008,1,1,9,2163
2008,1,1,10,2030
2008,1,1,11,1956
2008,1,1,12,1961
2008,1,1,13,2005
2008,1,1,14,2063
2008,1,1,15,2106
2008,1,1,16,2133
2008,1,1,17,2146
2008,1,1,18,2136
2008,1,1,19,2081
2008,1,1,20,1979
2008,1,1,21,1860
2008,1,1,22,1739
2008,1,1,23,1695
2008,1,2,0,1694
2008,1,2,1,1759
2008,1,2,2,1863
2008,1,2,3,1985
2008,1,2,4,2123
2008,1,2,5,2270
2008,1,2,6,2390
2008,1,2,7,2442
2008,1,2,8,2428
2008,1,2,9,2327
2008,1,2,10,2184
2008,1,2,11,2068
2008,1,2,12,2000
2008,1,2,13,1978
2008,1,2,14,1996
2008,1,2,15,2033
2008,1,2,16,2060
2008,1,2,17,2073
2008,1,2,18,2073
2008,1,2,19,2049
2008,1,2,20,1994
2008,1,2,21,1923
2008,1,2,22,1832
2008,1,2,23,1747
2008,1,3,0,1700
2008,1,3,1,1715
2008,1,3,2,1780
2008,1,3,3,1884
2008,1,3,4,2015
2008,1,3,5,2163
2008,1,3,6,2298
2008,1,3,7,2392
2008,1,3,8,2426
2008,1,3,9,2388
2008,1,3,10,2271
2008,1,3,11,2138
2008,1,3,12,2024
2008,1,3,13,1936
2008,1,3,14,1881
2008,1,3,15,1853
2008,1,3,16,1850
2008,1,3,17,1864
2008,1,3,18,1904
2008,1,3,19,1939
2008,1,3,20,1937
2008,1,3,21,1905
2008,1,3,22,1854
2008,1,3,23,1804
2008,1,4,0,1749
2008,1,4,1,1710
2008,1,4,2,1704
2008,1,4,3,1745
2008,1,4,4,1854
2008,1,4,5,2015
2008,1,4,6,2183
2008,1,4,7,2326
2008,1,4,8,2418
2008,1,4,9,2447
2008,1,4,10,2401
2008,1,4,11,2283
2008,1,4,12,2145
2008,1,4,13,2007
2008,1,4,14,1890
2008,1,4,15,1801
2008,1,4,16,1748
2008,1,4,17,1740
2008,1,4,18,1780
2008,1,4,19,1851
2008,1,4,20,1908
2008,1,4,21,1935
2008,1,4,22,1916
2008,1,4,23,1864
2008,1,5,0,1790
2008,1,5,1,1721
2008,1,5,2,1656
2008,1,5,3,1640
2008,1,5,4,1701
2008,1,5,5,1828
2008,1,5,6,2006
2008,1,5,7,2191
2008,1,5,8,2348
2008,1,5,9,2436
2008,1,5,10,2427
2008,1,5,11,2349
2008,1,5,12,2208
2008,1,5,13,2050
2008,1,5,14,1866
2008,1,5,15,1718
2008,1,5,16,1597
2008,1,5,17,1571
2008,1,5,18,1608
2008,1,5,19,1690
2008,1,5,20,1776
2008,1,5,21,1861
2008,1,5,22,1892
2008,1,5,23,1880
2008,1,6,0,1816
2008,1,6,1,1718
2008,1,6,2,1612
2008,1,6,3,1541
2008,1,6,4,1549
2008,1,6,5,1655
2008,1,6,6,1830
2008,1,6,7,2035
2008,1,6,8,2254
2008,1,6,9,2398
2008,1,6,10,2468
2008,1,6,11,2466
2008,1,6,12,2369
2008,1,6,13,2188
2008,1,6,14,1980
2008,1,6,15,1777
2008,1,6,16,1621
2008,1,6,17,1536
2008,1,6,18,1539
2008,1,6,19,1608
2008,1,6,20,1720
2008,1,6,21,1840
2008,1,6,22,1939
2008,1,6,23,1977
2008,1,7,0,1947
2008,1,7,1,1850
2008,1,7,2,1702
2008,1,7,3,1564
2008,1,7,4,1507
2008,1,7,5,1562
2008,1,7,6,1701
2008,1,7,7,1895
2008,1,7,8,2106
2008,1,7,9,2313
2008,1,7,10,2464
2008,1,7,11,2535
2008,1,7,12,2491
2008,1,7,13,2335
2008,1,7,14,2116
2008,1,7,15,1871
2008,1,7,16,1671
2008,1,7,17,1554
2008,1,7,18,1499
2008,1,7,19,1533
2008,1,7,20,1604
2008,1,7,21,1775
2008,1,7,22,1915
2008,1,7,23,1994
2008,1,8,0,1996
2008,1,8,1,1900
2008,1,8,2,1742
2008,1,8,3,1564
2008,1,8,4,1464
2008,1,8,5,1443
2008,1,8,6,1511
2008,1,8,7,1677
2008,1,8,8,1906
2008,1,8,9,2161
2008,1,8,10,2379
2008,1,8,11,2514
2008,1,8,12,2536
2008,1,8,13,2441
2008,1,8,14,2243
2008,1,8,15,1982
2008,1,8,16,1734
2008,1,8,17,1545
2008,1,8,18,1454
2008,1,8,19,1451
2008,1,8,20,1500
2008,1,8,21,1660
2008,1,8,22,1811
2008,1,8,23,1946
2008,1,9,0,2011
2008,1,9,1,1979
2008,1,9,2,1844
2008,1,9,3,1672
2008,1,9,4,1502
2008,1,9,5,1381
2008,1,9,6,1406
2008,1,9,7,1526
2008,1,9,8,1741
2008,1,9,9,1999
2008,1,9,10,2240
2008,1,9,11,2422
2008,1,9,12,2519
2008,1,9,13,2506
2008,1,9,14,2374
2008,1,9,15,2131
2008,1,9,16,1841
2008,1,9,17,1583
2008,1,9,18,1417
2008,1,9,19,1368
2008,1,9,20,1417
2008,1,9,21,1545
2008,1,9,22,1722
2008,1,9,23,1897
2008,1,10,0,2024
2008,1,10,1,2054
2008,1,10,2,1973
2008,1,10,3,1805
2008,1,10,4,1607
2008,1,10,5,1444
2008,1,10,6,1372
2008,1,10,7,1427
2008,1,10,8,1589
2008,1,10,9,1830
2008,1,10,10,2099
2008,1,10,11,2336
2008,1,10,12,2502
2008,1,10,13,2554
2008,1,10,14,2480
2008,1,10,15,2285
2008,1,10,16,2008
2008,1,10,17,1734
2008,1,10,18,1514
2008,1,10,19,1392
2008,1,10,20,1386
2008,1,10,21,1487
2008,1,10,22,1656
2008,1,10,23,1850
2008,1,11,0,2032
2008,1,11,1,2133
2008,1,11,2,2116
2008,1,11,3,1979
2008,1,11,4,1768
2008,1,11,5,1558
2008,1,11,6,1413
2008,1,11,7,1385
2008,1,11,8,1479
2008,1,11,9,1665
2008,1,11,10,1914
2008,1,11,11,2173
2008,1,11,12,2393
2008,1,11,13,2521
2008,1,11,14,2524
2008,1,11,15,2382
2008,1,11,16,2137
2008,1,11,17,1842
2008,1,11,18,1570
2008,1,11,19,1395
2008,1,11,20,1336
2008,1,11,21,1388
2008,1,11,22,1510
2008,1,11,23,1693
2008,1,12,0,1898
2008,1,12,1,2071
2008,1,12,2,2150
2008,1,12,3,2083
2008,1,12,4,1906
2008,1,12,5,1722
2008,1,12,6,1508
2008,1,12,7,1422
2008,1,12,8,1434
2008,1,12,9,1545
2008,1,12,10,1735
2008,1,12,11,1984
2008,1,12,12,2236
2008,1,12,13,2428
2008,1,12,14,2517
2008,1,12,15,2438
2008,1,12,16,2270
2008,1,12,17,2010
2008,1,12,18,1719
2008,1,12,19,1491
2008,1,12,20,1365
2008,1,12,21,1355
2008,1,12,22,1466
2008,1,12,23,1658
2008,1,13,0,1876
2008,1,13,1,2065
2008,1,13,2,2180
2008,1,13,3,2189
2008,1,13,4,2103
2008,1,13,5,1937
2008,1,13,6,1737
2008,1,13,7,1568
2008,1,13,8,1493
2008,1,13,9,1524
2008,1,13,10,1638
2008,1,13,11,1820
2008,1,13,12,2042
2008,1,13,13,2249
2008,1,13,14,2390
2008,1,13,15,2420
2008,1,13,16,2327
2008,1,13,17,2118
2008,1,13,18,1852
2008,1,13,19,1599
2008,1,13,20,1431
2008,1,13,21,1358
2008,1,13,22,1402
2008,1,13,23,1533
2008,1,14,0,1737
2008,1,14,1,1958
2008,1,14,2,2121
2008,1,14,3,2195
2008,1,14,4,2175
2008,1,14,5,2075
2008,1,14,6,1902
2008,1,14,7,1705
2008,1,14,8,1548
2008,1,14,9,1485
2008,1,14,10,1522
2008,1,14,11,1657
2008,1,14,12,1842
2008,1,14,13,2019
2008,1,14,14,2150
2008,1,14,15,2217
2008,1,14,16,2201
2008,1,14,17,2096
2008,1,14,18,1902
2008,1,14,19,1667
2008,1,14,20,1462
2008,1,14,21,1345
2008,1,14,22,1335
2008,1,14,23,1426
2008,1,15,0,1604
2008,1,15,1,1818
2008,1,15,2,1999
2008,1,15,3,2115
2008,1,15,4,2174
2008,1,15,5,2162
2008,1,15,6,2070
2008,1,15,7,1912
2008,1,15,8,1733
2008,1,15,9,1591
2008,1,15,10,1529
2008,1,15,11,1559
2008,1,15,12,1668
2008,1,15,13,1822
2008,1,15,14,1962
2008,1,15,15,2049
2008,1,15,16,2079
2008,1,15,17,2054
2008,1,15,18,1944
2008,1,15,19,1765
2008,1,15,20,1573
2008,1,15,21,1434
2008,1,15,22,1407
2008,1,15,23,1443
2008,1,16,0,1537
2008,1,16,1,1700
2008,1,16,2,1886
2008,1,16,3,2049
2008,1,16,4,2169
2008,1,16,5,2237
2008,1,16,6,2225
2008,1,16,7,2135
2008,1,16,8,1982
2008,1,16,9,1819
2008,1,16,10,1693
2008,1,16,11,1634
2008,1,16,12,1650
2008,1,16,13,1720
2008,1,16,14,1807
2008,1,16,15,1882
2008,1,16,16,1934
2008,1,16,17,1959
2008,1,16,18,1927
2008,1,16,19,1830
2008,1,16,20,1692
2008,1,16,21,1543
2008,1,16,22,1437
2008,1,16,23,1403
2008,1,17,0,1447
2008,1,17,1,1567
2008,1,17,2,1727
2008,1,17,3,1887
2008,1,17,4,2036
2008,1,17,5,2161
2008,1,17,6,2232
2008,1,17,7,2234
2008,1,17,8,2144
2008,1,17,9,1997
2008,1,17,10,1836
2008,1,17,11,1706
2008,1,17,12,1656
2008,1,17,13,1658
2008,1,17,14,1688
2008,1,17,15,1736
2008,1,17,16,1775
2008,1,17,17,1816
2008,1,17,18,1857
2008,1,17,19,1847
2008,1,17,20,1762
2008,1,17,21,1622
2008,1,17,22,1495
2008,1,17,23,1422
2008,1,18,0,1422
2008,1,18,1,1484
2008,1,18,2,1576
2008,1,18,3,1678
2008,1,18,4,1825
2008,1,18,5,1999
2008,1,18,6,2161
2008,1,18,7,2259
2008,1,18,8,2262
2008,1,18,9,2171
2008,1,18,10,2006
2008,1,18,11,1842
2008,1,18,12,1709
2008,1,18,13,1613
2008,1,18,14,1579
2008,1,18,15,1564
2008,1,18,16,1572
2008,1,18,17,1607
2008,1,18,18,1675
2008,1,18,19,1762
2008,1,18,20,1801
2008,1,18,21,1779
2008,1,18,22,1638
2008,1,18,23,1524
2008,1,19,0,1448
2008,1,19,1,1443
2008,1,19,2,1482
2008,1,19,3,1549
2008,1,19,4,1659
2008,1,19,5,1821
2008,1,19,6,2017
2008,1,19,7,2205
2008,1,19,8,2331
2008,1,19,9,2338
2008,1,19,10,2245
2008,1,19,11,2089
2008,1,19,12,1917
2008,1,19,13,1758
2008,1,19,14,1631
2008,1,19,15,1532
2008,1,19,16,1481
2008,1,19,17,1485
2008,1,19,18,1543
2008,1,19,19,1648
2008,1,19,20,1761
2008,1,19,21,1833
2008,1,19,22,1809
2008,1,19,23,1719
2008,1,20,0,1606
2008,1,20,1,1516
2008,1,20,2,1464
2008,1,20,3,1460
2008,1,20,4,1519
2008,1,20,5,1640
2008,1,20,6,1828
2008,1,20,7,2058
2008,1,20,8,2281
2008,1,20,9,2429
2008,1,20,10,2451
2008,1,20,11,2365
2008,1,20,12,2199
2008,1,20,13,1994
2008,1,20,14,1781
2008,1,20,15,1595
2008,1,20,16,1456
2008,1,20,17,1409
2008,1,20,18,1457
2008,1,20,19,1568
2008,1,20,20,1703
2008,1,20,21,1831
2008,1,20,22,1911
2008,1,20,23,1910
2008,1,21,0,1824
2008,1,21,1,1685
2008,1,21,2,1528
2008,1,21,3,1403
2008,1,21,4,1378
2008,1,21,5,1466
2008,1,21,6,1633
2008,1,21,7,1848
2008,1,21,8,2091
2008,1,21,9,2305
2008,1,21,10,2452
2008,1,21,11,2485
2008,1,21,12,2423
2008,1,21,13,2219
2008,1,21,14,1974
2008,1,21,15,1730
2008,1,21,16,1511
2008,1,21,17,1387
2008,1,21,18,1367
2008,1,21,19,1444
2008,1,21,20,1575
2008,1,21,21,1774
2008,1,21,22,1932
2008,1,21,23,2037
2008,1,22,0,2024
2008,1,22,1,1924
2008,1,22,2,1702
2008,1,22,3,1515
2008,1,22,4,1369
2008,1,22,5,1350
2008,1,22,6,1447
2008,1,22,7,1636
2008,1,22,8,1883
2008,1,22,9,2142
2008,1,22,10,2363
2008,1,22,11,2520
2008,1,22,12,2551
2008,1,22,13,2439
2008,1,22,14,2201
2008,1,22,15,1910
2008,1,22,16,1641
2008,1,22,17,1435
2008,1,22,18,1351
2008,1,22,19,1365
2008,1,22,20,1484
2008,1,22,21,1664
2008,1,22,22,1851
2008,1,22,23,2018
2008,1,23,0,2110
2008,1,23,1,2084
2008,1,23,2,1925
2008,1,23,3,1680
2008,1,23,4,1464
2008,1,23,5,1348
2008,1,23,6,1352
2008,1,23,7,1461
2008,1,23,8,1641
2008,1,23,9,1894
2008,1,23,10,2156
2008,1,23,11,2380
2008,1,23,12,2520
2008,1,23,13,2520
2008,1,23,14,2363
2008,1,23,15,2103
2008,1,23,16,1782
2008,1,23,17,1507
2008,1,23,18,1329
2008,1,23,19,1280
2008,1,23,20,1356
2008,1,23,21,1526
2008,1,23,22,1730
2008,1,23,23,1931
2008,1,24,0,2089
2008,1,24,1,2157
2008,1,24,2,2100
2008,1,24,3,1900
2008,1,24,4,1644
2008,1,24,5,1426
2008,1,24,6,1332
2008,1,24,7,1375
2008,1,24,8,1508
2008,1,24,9,1704
2008,1,24,10,1946
2008,1,24,11,2192
2008,1,24,12,2391
2008,1,24,13,2494
2008,1,24,14,2454
2008,1,24,15,2251
2008,1,24,16,1944
2008,1,24,17,1633
2008,1,24,18,1383
2008,1,24,19,1255
2008,1,24,20,1252
2008,1,24,21,1372
2008,1,24,22,1575
2008,1,24,23,1803
2008,1,25,0,2011
2008,1,25,1,2147
2008,1,25,2,2165
2008,1,25,3,2079
2008,1,25,4,1823
2008,1,25,5,1601
2008,1,25,6,1395
2008,1,25,7,1333
2008,1,25,8,1407
2008,1,25,9,1568
2008,1,25,10,1763
2008,1,25,11,1980
2008,1,25,12,2195
2008,1,25,13,2362
2008,1,25,14,2419
2008,1,25,15,2314
2008,1,25,16,2048
2008,1,25,17,1727
2008,1,25,18,1455
2008,1,25,19,1281
2008,1,25,20,1234
2008,1,25,21,1311
2008,1,25,22,1453
2008,1,25,23,1675
2008,1,26,0,1908
2008,1,26,1,2102
2008,1,26,2,2188
2008,1,26,3,2142
2008,1,26,4,1977
2008,1,26,5,1769
2008,1,26,6,1566
2008,1,26,7,1420
2008,1,26,8,1394
2008,1,26,9,1486
2008,1,26,10,1657
2008,1,26,11,1857
2008,1,26,12,2048
2008,1,26,13,2203
2008,1,26,14,2286
2008,1,26,15,2262
2008,1,26,16,2115
2008,1,26,17,1842
2008,1,26,18,1556
2008,1,26,19,1335
2008,1,26,20,1230
2008,1,26,21,1258
2008,1,26,22,1378
2008,1,26,23,1567
2008,1,27,0,1776
2008,1,27,1,1969
2008,1,27,2,2135
2008,1,27,3,2154
2008,1,27,4,2073
2008,1,27,5,1901
2008,1,27,6,1692
2008,1,27,7,1513
2008,1,27,8,1423
2008,1,27,9,1450
2008,1,27,10,1564
2008,1,27,11,1737
2008,1,27,12,1926
2008,1,27,13,2068
2008,1,27,14,2135
2008,1,27,15,2136
2008,1,27,16,2083
2008,1,27,17,1891
2008,1,27,18,1666
2008,1,27,19,1411
2008,1,27,20,1249
2008,1,27,21,1240
2008,1,27,22,1353
2008,1,27,23,1526
2008,1,28,0,1716
2008,1,28,1,1874
2008,1,28,2,1999
2008,1,28,3,2083
2008,1,28,4,2086
2008,1,28,5,2015
2008,1,28,6,1848
2008,1,28,7,1654
2008,1,28,8,1498
2008,1,28,9,1451
2008,1,28,10,1506
2008,1,28,11,1610
2008,1,28,12,1797
2008,1,28,13,1960
2008,1,28,14,2048
2008,1,28,15,2066
2008,1,28,16,2009
2008,1,28,17,1890
2008,1,28,18,1719
2008,1,28,19,1526
2008,1,28,20,1375
2008,1,28,21,1284
2008,1,28,22,1321
2008,1,28,23,1431
2008,1,29,0,1608
2008,1,29,1,1793
2008,1,29,2,1952
2008,1,29,3,2041
2008,1,29,4,2057
2008,1,29,5,2027
2008,1,29,6,1936
2008,1,29,7,1804
2008,1,29,8,1652
2008,1,29,9,1556
2008,1,29,10,1531
2008,1,29,11,1592
2008,1,29,12,1706
2008,1,29,13,1833
2008,1,29,14,1930
2008,1,29,15,1967
2008,1,29,16,1937
2008,1,29,17,1867
2008,1,29,18,1762
2008,1,29,19,1631
2008,1,29,20,1496
2008,1,29,21,1411
2008,1,29,22,1409
2008,1,29,23,1475
2008,1,30,0,1590
2008,1,30,1,1749
2008,1,30,2,1903
2008,1,30,3,1998
2008,1,30,4,2048
2008,1,30,5,2037
2008,1,30,6,1981
2008,1,30,7,1911
2008,1,30,8,1803
2008,1,30,9,1695
2008,1,30,10,1625
2008,1,30,11,1618
2008,1,30,12,1682
2008,1,30,13,1776
2008,1,30,14,1841
2008,1,30,15,1867
2008,1,30,16,1859
2008,1,30,17,1825
2008,1,30,18,1770
2008,1,30,19,1677
2008,1,30,20,1557
2008,1,30,21,1471
2008,1,30,22,1419
2008,1,30,23,1457
2008,1,31,0,1551
2008,1,31,1,1681
2008,1,31,2,1803
2008,1,31,3,1907
2008,1,31,4,1984
2008,1,31,5,2036
2008,1,31,6,2053
2008,1,31,7,2008
2008,1,31,8,1916
2008,1,31,9,1820
2008,1,31,10,1748
2008,1,31,11,1722
2008,1,31,12,1726
2008,1,31,13,1767
2008,1,31,14,1809
2008,1,31,15,1832
2008,1,31,16,1820
2008,1,31,17,1799
2008,1,31,18,1798
2008,1,31,19,1771
2008,1,31,20,1701
2008,1,31,21,1615
2008,1,31,22,1551
2008,1,31,23,1547
2008,2,1,0,1595
2008,2,1,1,1676
2008,2,1,2,1750
2008,2,1,3,1826
2008,2,1,4,1921
2008,2,1,5,2010
2008,2,1,6,2085
2008,2,1,7,2113
2008,2,1,8,2080
2008,2,1,9,2004
2008,2,1,10,1909
2008,2,1,11,1823
2008,2,1,12,1759
2008,2,1,13,1725
2008,2,1,14,1723
2008,2,1,15,1733
2008,2,1,16,1733
2008,2,1,17,1734
2008,2,1,18,1741
2008,2,1,19,1748
2008,2,1,20,1753
2008,2,1,21,1742
2008,2,1,22,1716
2008,2,1,23,1674
2008,2,2,0,1650
2008,2,2,1,1673
2008,2,2,2,1723
2008,2,2,3,1791
2008,2,2,4,1863
2008,2,2,5,1956
2008,2,2,6,2050
2008,2,2,7,2128
2008,2,2,8,2162
2008,2,2,9,2146
2008,2,2,10,2094
2008,2,2,11,2014
2008,2,2,12,1919
2008,2,2,13,1829
2008,2,2,14,1758
2008,2,2,15,1717
2008,2,2,16,1686
2008,2,2,17,1667
2008,2,2,18,1699
2008,2,2,19,1752
2008,2,2,20,1796
2008,2,2,21,1806
2008,2,2,22,1790
2008,2,2,23,1757
2008,2,3,0,1717
2008,2,3,1,1698
2008,2,3,2,1684
2008,2,3,3,1679
2008,2,3,4,1717
2008,2,3,5,1791
2008,2,3,6,1923
2008,2,3,7,2065
2008,2,3,8,2175
2008,2,3,9,2228
2008,2,3,10,2214
2008,2,3,11,2147
2008,2,3,12,2037
2008,2,3,13,1914
2008,2,3,14,1793
2008,2,3,15,1691
2008,2,3,16,1619
2008,2,3,17,1588
2008,2,3,18,1624
2008,2,3,19,1700
2008,2,3,20,1786
2008,2,3,21,1847
2008,2,3,22,1869
2008,2,3,23,1859
2008,2,4,0,1818
2008,2,4,1,1765
2008,2,4,2,1702
2008,2,4,3,1650
2008,2,4,4,1638
2008,2,4,5,1714
2008,2,4,6,1849
2008,2,4,7,2003
2008,2,4,8,2174
2008,2,4,9,2303
2008,2,4,10,2353
2008,2,4,11,2318
2008,2,4,12,2205
2008,2,4,13,2044
2008,2,4,14,1874
2008,2,4,15,1729
2008,2,4,16,1621
2008,2,4,17,1579
2008,2,4,18,1602
2008,2,4,19,1679
2008,2,4,20,1788
2008,2,4,21,1898
2008,2,4,22,1982
2008,2,4,23,1996
2008,2,5,0,1951
2008,2,5,1,1864
2008,2,5,2,1738
2008,2,5,3,1643
2008,2,5,4,1583
2008,2,5,5,1615
2008,2,5,6,1726
2008,2,5,7,1893
2008,2,5,8,2091
2008,2,5,9,2274
2008,2,5,10,2405
2008,2,5,11,2439
2008,2,5,12,2367
2008,2,5,13,2202
2008,2,5,14,1991
2008,2,5,15,1785
2008,2,5,16,1618
2008,2,5,17,1523
2008,2,5,18,1502
2008,2,5,19,1572
2008,2,5,20,1711
2008,2,5,21,1869
2008,2,5,22,2001
2008,2,5,23,2077
2008,2,6,0,2075
2008,2,6,1,1991
2008,2,6,2,1836
2008,2,6,3,1666
2008,2,6,4,1542
2008,2,6,5,1508
2008,2,6,6,1580
2008,2,6,7,1723
2008,2,6,8,1929
2008,2,6,9,2159
2008,2,6,10,2360
2008,2,6,11,2475
2008,2,6,12,2464
2008,2,6,13,2340
2008,2,6,14,2138
2008,2,6,15,1883
2008,2,6,16,1642
2008,2,6,17,1467
2008,2,6,18,1404
2008,2,6,19,1433
2008,2,6,20,1590
2008,2,6,21,1760
2008,2,6,22,1950
2008,2,6,23,2086
2008,2,7,0,2137
2008,2,7,1,2086
2008,2,7,2,1938
2008,2,7,3,1734
2008,2,7,4,1529
2008,2,7,5,1407
2008,2,7,6,1411
2008,2,7,7,1523
2008,2,7,8,1733
2008,2,7,9,1998
2008,2,7,10,2241
2008,2,7,11,2411
2008,2,7,12,2477
2008,2,7,13,2426
2008,2,7,14,2258
2008,2,7,15,2005
2008,2,7,16,1706
2008,2,7,17,1463
2008,2,7,18,1343
2008,2,7,19,1361
2008,2,7,20,1488
2008,2,7,21,1670
2008,2,7,22,1867
2008,2,7,23,2051
2008,2,8,0,2184
2008,2,8,1,2218
2008,2,8,2,2119
2008,2,8,3,1907
2008,2,8,4,1664
2008,2,8,5,1481
2008,2,8,6,1416
2008,2,8,7,1460
2008,2,8,8,1603
2008,2,8,9,1827
2008,2,8,10,2086
2008,2,8,11,2320
2008,2,8,12,2465
2008,2,8,13,2485
2008,2,8,14,2365
2008,2,8,15,2126
2008,2,8,16,1815
2008,2,8,17,1523
2008,2,8,18,1331
2008,2,8,19,1274
2008,2,8,20,1333
2008,2,8,21,1548
2008,2,8,22,1758
2008,2,8,23,1982
2008,2,9,0,2149
2008,2,9,1,2247
2008,2,9,2,2219
2008,2,9,3,2056
2008,2,9,4,1804
2008,2,9,5,1579
2008,2,9,6,1397
2008,2,9,7,1409
2008,2,9,8,1504
2008,2,9,9,1688
2008,2,9,10,1930
2008,2,9,11,2187
2008,2,9,12,2400
2008,2,9,13,2493
2008,2,9,14,2441
2008,2,9,15,2249
2008,2,9,16,1965
2008,2,9,17,1673
2008,2,9,18,1437
2008,2,9,19,1327
2008,2,9,20,1356
2008,2,9,21,1493
2008,2,9,22,1706
2008,2,9,23,1950
2008,2,10,0,2183
2008,2,10,1,2358
2008,2,10,2,2399
2008,2,10,3,2299
2008,2,10,4,2065
2008,2,10,5,1788
2008,2,10,6,1562
2008,2,10,7,1442
2008,2,10,8,1444
2008,2,10,9,1555
2008,2,10,10,1765
2008,2,10,11,2014
2008,2,10,12,2234
2008,2,10,13,2396
2008,2,10,14,2447
2008,2,10,15,2348
2008,2,10,16,2110
2008,2,10,17,1788
2008,2,10,18,1493
2008,2,10,19,1309
2008,2,10,20,1289
2008,2,10,21,1394
2008,2,10,22,1579
2008,2,10,23,1823
2008,2,11,0,2080
2008,2,11,1,2309
2008,2,11,2,2431
2008,2,11,3,2404
2008,2,11,4,2239
2008,2,11,5,1992
2008,2,11,6,1743
2008,2,11,7,1551
2008,2,11,8,1458
2008,2,11,9,1485
2008,2,11,10,1627
2008,2,11,11,1856
2008,2,11,12,2084
2008,2,11,13,2265
2008,2,11,14,2364
2008,2,11,15,2360
2008,2,11,16,2209
2008,2,11,17,1987
2008,2,11,18,1703
2008,2,11,19,1462
2008,2,11,20,1344
2008,2,11,21,1356
2008,2,11,22,1507
2008,2,11,23,1722
2008,2,12,0,1999
2008,2,12,1,2240
2008,2,12,2,2413
2008,2,12,3,2474
2008,2,12,4,2408
2008,2,12,5,2238
2008,2,12,6,2005
2008,2,12,7,1767
2008,2,12,8,1582
2008,2,12,9,1509
2008,2,12,10,1587
2008,2,12,11,1736
2008,2,12,12,1935
2008,2,12,13,2109
2008,2,12,14,2234
2008,2,12,15,2276
2008,2,12,16,2234
2008,2,12,17,2067
2008,2,12,18,1779
2008,2,12,19,1592
2008,2,12,20,1403
2008,2,12,21,1365
2008,2,12,22,1456
2008,2,12,23,1635
2008,2,13,0,1861
2008,2,13,1,2092
2008,2,13,2,2280
2008,2,13,3,2406
2008,2,13,4,2435
2008,2,13,5,2371
2008,2,13,6,2211
2008,2,13,7,1993
2008,2,13,8,1778
2008,2,13,9,1604
2008,2,13,10,1602
2008,2,13,11,1680
2008,2,13,12,1808
2008,2,13,13,1932
2008,2,13,14,2039
2008,2,13,15,2120
2008,2,13,16,2143
2008,2,13,17,2080
2008,2,13,18,1918
2008,2,13,19,1713
2008,2,13,20,1533
2008,2,13,21,1431
2008,2,13,22,1433
2008,2,13,23,1528
2008,2,14,0,1711
2008,2,14,1,1929
2008,2,14,2,2125
2008,2,14,3,2274
2008,2,14,4,2351
2008,2,14,5,2361
2008,2,14,6,2290
2008,2,14,7,2157
2008,2,14,8,1984
2008,2,14,9,1825
2008,2,14,10,1719
2008,2,14,11,1681
2008,2,14,12,1714
2008,2,14,13,1791
2008,2,14,14,1885
2008,2,14,15,1960
2008,2,14,16,1995
2008,2,14,17,1981
2008,2,14,18,1925
2008,2,14,19,1822
2008,2,14,20,1688
2008,2,14,21,1562
2008,2,14,22,1480
2008,2,14,23,1487
2008,2,15,0,1581
2008,2,15,1,1747
2008,2,15,2,1922
2008,2,15,3,2070
2008,2,15,4,2174
2008,2,15,5,2245
2008,2,15,6,2280
2008,2,15,7,2249
2008,2,15,8,2145
2008,2,15,9,2008
2008,2,15,10,1868
2008,2,15,11,1774
2008,2,15,12,1741
2008,2,15,13,1745
2008,2,15,14,1768
2008,2,15,15,1789
2008,2,15,16,1824
2008,2,15,17,1859
2008,2,15,18,1878
2008,2,15,19,1863
2008,2,15,20,1781
2008,2,15,21,1675
2008,2,15,22,1586
2008,2,15,23,1538
2008,2,16,0,1554
2008,2,16,1,1620
2008,2,16,2,1723
2008,2,16,3,1843
2008,2,16,4,1980
2008,2,16,5,2107
2008,2,16,6,2218
2008,2,16,7,2270
2008,2,16,8,2246
2008,2,16,9,2170
2008,2,16,10,2059
2008,2,16,11,1931
2008,2,16,12,1818
2008,2,16,13,1741
2008,2,16,14,1691
2008,2,16,15,1671
2008,2,16,16,1683
2008,2,16,17,1713
2008,2,16,18,1779
2008,2,16,19,1826
2008,2,16,20,1839
2008,2,16,21,1808
2008,2,16,22,1733
2008,2,16,23,1643
2008,2,17,0,1572
2008,2,17,1,1551
2008,2,17,2,1580
2008,2,17,3,1650
2008,2,17,4,1749
2008,2,17,5,1876
2008,2,17,6,2019
2008,2,17,7,2142
2008,2,17,8,2231
2008,2,17,9,2247
2008,2,17,10,2204
2008,2,17,11,2081
2008,2,17,12,1939
2008,2,17,13,1813
2008,2,17,14,1687
2008,2,17,15,1602
2008,2,17,16,1564
2008,2,17,17,1573
2008,2,17,18,1629
2008,2,17,19,1728
2008,2,17,20,1825
2008,2,17,21,1887
2008,2,17,22,1893
2008,2,17,23,1807
2008,2,18,0,1712
2008,2,18,1,1601
2008,2,18,2,1529
2008,2,18,3,1514
2008,2,18,4,1553
2008,2,18,5,1659
2008,2,18,6,1819
2008,2,18,7,2005
2008,2,18,8,2184
2008,2,18,9,2310
2008,2,18,10,2349
2008,2,18,11,2292
2008,2,18,12,2164
2008,2,18,13,1949
2008,2,18,14,1777
2008,2,18,15,1606
2008,2,18,16,1500
2008,2,18,17,1468
2008,2,18,18,1514
2008,2,18,19,1628
2008,2,18,20,1781
2008,2,18,21,1922
2008,2,18,22,2000
2008,2,18,23,1981
2008,2,19,0,1885
2008,2,19,1,1753
2008,2,19,2,1607
2008,2,19,3,1491
2008,2,19,4,1443
2008,2,19,5,1472
2008,2,19,6,1620
2008,2,19,7,1813
2008,2,19,8,2029
2008,2,19,9,2240
2008,2,19,10,2385
2008,2,19,11,2424
2008,2,19,12,2339
2008,2,19,13,2164
2008,2,19,14,1934
2008,2,19,15,1702
2008,2,19,16,1516
2008,2,19,17,1417
2008,2,19,18,1415
2008,2,19,19,1508
2008,2,19,20,1679
2008,2,19,21,1877
2008,2,19,22,2042
2008,2,19,23,2122
2008,2,20,0,2087
2008,2,20,1,1947
2008,2,20,2,1746
2008,2,20,3,1573
2008,2,20,4,1440
2008,2,20,5,1381
2008,2,20,6,1433
2008,2,20,7,1583
2008,2,20,8,1826
2008,2,20,9,2102
2008,2,20,10,2343
2008,2,20,11,2465
2008,2,20,12,2451
2008,2,20,13,2305
2008,2,20,14,2092
2008,2,20,15,1843
2008,2,20,16,1591
2008,2,20,17,1412
2008,2,20,18,1345
2008,2,20,19,1402
2008,2,20,20,1579
2008,2,20,21,1789
2008,2,20,22,2002
2008,2,20,23,2172
2008,2,21,0,2237
2008,2,21,1,2175
2008,2,21,2,1985
2008,2,21,3,1759
2008,2,21,4,1469
2008,2,21,5,1360
2008,2,21,6,1336
2008,2,21,7,1436
2008,2,21,8,1637
2008,2,21,9,1900
2008,2,21,10,2177
2008,2,21,11,2400
2008,2,21,12,2494
2008,2,21,13,2452
2008,2,21,14,2278
2008,2,21,15,1997
2008,2,21,16,1686
2008,2,21,17,1436
2008,2,21,18,1323
2008,2,21,19,1356
2008,2,21,20,1484
2008,2,21,21,1673
2008,2,21,22,1906
2008,2,21,23,2131
2008,2,22,0,2289
2008,2,22,1,2317
2008,2,22,2,2189
2008,2,22,3,1956
2008,2,22,4,1630
2008,2,22,5,1439
2008,2,22,6,1325
2008,2,22,7,1362
2008,2,22,8,1510
2008,2,22,9,1750
2008,2,22,10,1993
2008,2,22,11,2292
2008,2,22,12,2427
2008,2,22,13,2451
2008,2,22,14,2347
2008,2,22,15,2122
2008,2,22,16,1829
2008,2,22,17,1545
2008,2,22,18,1363
2008,2,22,19,1338
2008,2,22,20,1437
2008,2,22,21,1616
2008,2,22,22,1832
2008,2,22,23,2052
2008,2,23,0,2261
2008,2,23,1,2385
2008,2,23,2,2367
2008,2,23,3,2178
2008,2,23,4,1882
2008,2,23,5,1600
2008,2,23,6,1413
2008,2,23,7,1365
2008,2,23,8,1437
2008,2,23,9,1617
2008,2,23,10,1870
2008,2,23,11,2118
2008,2,23,12,2306
2008,2,23,13,2400
2008,2,23,14,2377
2008,2,23,15,2231
2008,2,23,16,1976
2008,2,23,17,1688
2008,2,23,18,1464
2008,2,23,19,1381
2008,2,23,20,1427
2008,2,23,21,1559
2008,2,23,22,1757
2008,2,23,23,1999
2008,2,24,0,2237
2008,2,24,1,2400
2008,2,24,2,2436
2008,2,24,3,2328
2008,2,24,4,2088
2008,2,24,5,1808
2008,2,24,6,1563
2008,2,24,7,1415
2008,2,24,8,1416
2008,2,24,9,1542
2008,2,24,10,1748
2008,2,24,11,1961
2008,2,24,12,2131
2008,2,24,13,2249
2008,2,24,14,2299
2008,2,24,15,2239
2008,2,24,16,2056
2008,2,24,17,1799
2008,2,24,18,1564
2008,2,24,19,1427
2008,2,24,20,1406
2008,2,24,21,1483
2008,2,24,22,1646
2008,2,24,23,1864
2008,2,25,0,2099
2008,2,25,1,2293
2008,2,25,2,2408
2008,2,25,3,2395
2008,2,25,4,2224
2008,2,25,5,1954
2008,2,25,6,1690
2008,2,25,7,1486
2008,2,25,8,1404
2008,2,25,9,1454
2008,2,25,10,1608
2008,2,25,11,1836
2008,2,25,12,1987
2008,2,25,13,2125
2008,2,25,14,2185
2008,2,25,15,2168
2008,2,25,16,2047
2008,2,25,17,1834
2008,2,25,18,1587
2008,2,25,19,1413
2008,2,25,20,1356
2008,2,25,21,1422
2008,2,25,22,1590
2008,2,25,23,1814
2008,2,26,0,2043
2008,2,26,1,2198
2008,2,26,2,2337
2008,2,26,3,2361
2008,2,26,4,2264
2008,2,26,5,2081
2008,2,26,6,1858
2008,2,26,7,1645
2008,2,26,8,1519
2008,2,26,9,1509
2008,2,26,10,1599
2008,2,26,11,1745
2008,2,26,12,1889
2008,2,26,13,2011
2008,2,26,14,2090
2008,2,26,15,2111
2008,2,26,16,2056
2008,2,26,17,1911
2008,2,26,18,1726
2008,2,26,19,1564
2008,2,26,20,1459
2008,2,26,21,1460
2008,2,26,22,1556
2008,2,26,23,1730
2008,2,27,0,1944
2008,2,27,1,2138
2008,2,27,2,2273
2008,2,27,3,2323
2008,2,27,4,2270
2008,2,27,5,2128
2008,2,27,6,1938
2008,2,27,7,1732
2008,2,27,8,1573
2008,2,27,9,1515
2008,2,27,10,1550
2008,2,27,11,1679
2008,2,27,12,1792
2008,2,27,13,1902
2008,2,27,14,1962
2008,2,27,15,1984
2008,2,27,16,1960
2008,2,27,17,1872
2008,2,27,18,1729
2008,2,27,19,1580
2008,2,27,20,1479
2008,2,27,21,1451
2008,2,27,22,1508
2008,2,27,23,1629
2008,2,28,0,1785
2008,2,28,1,1986
2008,2,28,2,2113
2008,2,28,3,2204
2008,2,28,4,2214
2008,2,28,5,2163
2008,2,28,6,2049
2008,2,28,7,1897
2008,2,28,8,1744
2008,2,28,9,1643
2008,2,28,10,1624
2008,2,28,11,1679
2008,2,28,12,1761
2008,2,28,13,1831
2008,2,28,14,1888
2008,2,28,15,1909
2008,2,28,16,1916
2008,2,28,17,1883
2008,2,28,18,1794
2008,2,28,19,1670
2008,2,28,20,1549
2008,2,28,21,1484
2008,2,28,22,1502
2008,2,28,23,1591
2008,2,29,0,1734
2008,2,29,1,1875
2008,2,29,2,1990
2008,2,29,3,2065
2008,2,29,4,2105
2008,2,29,5,2121
2008,2,29,6,2092
2008,2,29,7,2004
2008,2,29,8,1869
2008,2,29,9,1745
2008,2,29,10,1678
2008,2,29,11,1678
2008,2,29,12,1712
2008,2,29,13,1760
2008,2,29,14,1793
2008,2,29,15,1796
2008,2,29,16,1806
2008,2,29,17,1817
2008,2,29,18,1794
2008,2,29,19,1730
2008,2,29,20,1647
2008,2,29,21,1587
2008,2,29,22,1576
2008,2,29,23,1616
2008,3,1,0,1693
2008,3,1,1,1780
2008,3,1,2,1863
2008,3,1,3,1947
2008,3,1,4,2009
2008,3,1,5,2061
2008,3,1,6,2090
2008,3,1,7,2071
2008,3,1,8,2003
2008,3,1,9,1910
2008,3,1,10,1828
2008,3,1,11,1781
2008,3,1,12,1755
2008,3,1,13,1746
2008,3,1,14,1737
2008,3,1,15,1718
2008,3,1,16,1704
2008,3,1,17,1718
2008,3,1,18,1749
2008,3,1,19,1764
2008,3,1,20,1738
2008,3,1,21,1694
2008,3,1,22,1659
2008,3,1,23,1652
2008,3,2,0,1678
2008,3,2,1,1715
2008,3,2,2,1767
2008,3,2,3,1815
2008,3,2,4,1901
2008,3,2,5,1976
2008,3,2,6,2054
2008,3,2,7,2107
2008,3,2,8,2102
2008,3,2,9,2041
2008,3,2,10,1958
2008,3,2,11,1874
2008,3,2,12,1794
2008,3,2,13,1733
2008,3,2,14,1693
2008,3,2,15,1661
2008,3,2,16,1651
2008,3,2,17,1674
2008,3,2,18,1717
2008,3,2,19,1749
2008,3,2,20,1767
2008,3,2,21,1760
2008,3,2,22,1724
2008,3,2,23,1690
2008,3,3,0,1671
2008,3,3,1,1659
2008,3,3,2,1660
2008,3,3,3,1697
2008,3,3,4,1759
2008,3,3,5,1843
2008,3,3,6,1949
2008,3,3,7,2047
2008,3,3,8,2113
2008,3,3,9,2133
2008,3,3,10,2102
2008,3,3,11,2024
2008,3,3,12,1908
2008,3,3,13,1786
2008,3,3,14,1681
2008,3,3,15,1607
2008,3,3,16,1571
2008,3,3,17,1584
2008,3,3,18,1652
2008,3,3,19,1704
2008,3,3,20,1791
2008,3,3,21,1850
2008,3,3,22,1863
2008,3,3,23,1838
2008,3,4,0,1782
2008,3,4,1,1702
2008,3,4,2,1634
2008,3,4,3,1610
2008,3,4,4,1635
2008,3,4,5,1715
2008,3,4,6,1832
2008,3,4,7,1985
2008,3,4,8,2139
2008,3,4,9,2236
2008,3,4,10,2260
2008,3,4,11,2199
2008,3,4,12,2071
2008,3,4,13,1913
2008,3,4,14,1758
2008,3,4,15,1628
2008,3,4,16,1550
2008,3,4,17,1543
2008,3,4,18,1588
2008,3,4,19,1682
2008,3,4,20,1818
2008,3,4,21,1942
2008,3,4,22,2009
2008,3,4,23,2002
2008,3,5,0,1936
2008,3,5,1,1819
2008,3,5,2,1691
2008,3,5,3,1590
2008,3,5,4,1554
2008,3,5,5,1618
2008,3,5,6,1721
2008,3,5,7,1903
2008,3,5,8,2084
2008,3,5,9,2253
2008,3,5,10,2364
2008,3,5,11,2363
2008,3,5,12,2243
2008,3,5,13,2049
2008,3,5,14,1831
2008,3,5,15,1631
2008,3,5,16,1502
2008,3,5,17,1450
2008,3,5,18,1492
2008,3,5,19,1594
2008,3,5,20,1755
2008,3,5,21,1938
2008,3,5,22,2075
2008,3,5,23,2128
2008,3,6,0,2094
2008,3,6,1,1968
2008,3,6,2,1792
2008,3,6,3,1628
2008,3,6,4,1521
2008,3,6,5,1505
2008,3,6,6,1588
2008,3,6,7,1752
2008,3,6,8,1967
2008,3,6,9,2193
2008,3,6,10,2373
2008,3,6,11,2449
2008,3,6,12,2387
2008,3,6,13,2215
2008,3,6,14,1980
2008,3,6,15,1736
2008,3,6,16,1533
2008,3,6,17,1428
2008,3,6,18,1441
2008,3,6,19,1551
2008,3,6,20,1735
2008,3,6,21,1952
2008,3,6,22,2148
2008,3,6,23,2269
2008,3,7,0,2278
2008,3,7,1,2171
2008,3,7,2,1964
2008,3,7,3,1744
2008,3,7,4,1559
2008,3,7,5,1456
2008,3,7,6,1482
2008,3,7,7,1581
2008,3,7,8,1848
2008,3,7,9,2090
2008,3,7,10,2330
2008,3,7,11,2479
2008,3,7,12,2499
2008,3,7,13,2421
2008,3,7,14,2147
2008,3,7,15,1874
2008,3,7,16,1596
2008,3,7,17,1426
2008,3,7,18,1388
2008,3,7,19,1462
2008,3,7,20,1625
2008,3,7,21,1861
2008,3,7,22,2126
2008,3,7,23,2355
2008,3,8,0,2463
2008,3,8,1,2405
2008,3,8,2,2206
2008,3,8,3,1925
2008,3,8,4,1649
2008,3,8,5,1444
2008,3,8,6,1391
2008,3,8,7,1451
2008,3,8,8,1666
2008,3,8,9,1907
2008,3,8,10,2181
2008,3,8,11,2394
2008,3,8,12,2503
2008,3,8,13,2484
2008,3,8,14,2307
2008,3,8,15,2014
2008,3,8,16,1690
2008,3,8,17,1432
2008,3,8,18,1311
2008,3,8,19,1343
2008,3,8,20,1539
2008,3,8,21,1768
2008,3,8,22,2062
2008,3,8,23,2327
2008,3,9,0,2505
2008,3,9,1,2535
2008,3,9,2,2412
2008,3,9,3,2163
2008,3,9,4,1801
2008,3,9,5,1552
2008,3,9,6,1381
2008,3,9,7,1380
2008,3,9,8,1505
2008,3,9,9,1730
2008,3,9,10,2005
2008,3,9,11,2262
2008,3,9,12,2444
2008,3,9,13,2492
2008,3,9,14,2382
2008,3,9,15,2157
2008,3,9,16,1848
2008,3,9,17,1538
2008,3,9,18,1321
2008,3,9,19,1266
2008,3,9,20,1387
2008,3,9,21,1629
2008,3,9,22,1927
2008,3,9,23,2225
2008,3,10,0,2457
2008,3,10,1,2566
2008,3,10,2,2524
2008,3,10,3,2342
2008,3,10,4,2063
2008,3,10,5,1684
2008,3,10,6,1459
2008,3,10,7,1324
2008,3,10,8,1357
2008,3,10,9,1508
2008,3,10,10,1739
2008,3,10,11,1999
2008,3,10,12,2224
2008,3,10,13,2357
2008,3,10,14,2357
2008,3,10,15,2202
2008,3,10,16,1933
2008,3,10,17,1631
2008,3,10,18,1381
2008,3,10,19,1260
2008,3,10,20,1309
2008,3,10,21,1482
2008,3,10,22,1749
2008,3,10,23,2057
2008,3,11,0,2334
2008,3,11,1,2526
2008,3,11,2,2586
2008,3,11,3,2503
2008,3,11,4,2269
2008,3,11,5,1955
2008,3,11,6,1651
2008,3,11,7,1437
2008,3,11,8,1371
2008,3,11,9,1439
2008,3,11,10,1615
2008,3,11,11,1830
2008,3,11,12,2033
2008,3,11,13,2205
2008,3,11,14,2281
2008,3,11,15,2230
2008,3,11,16,2048
2008,3,11,17,1778
2008,3,11,18,1506
2008,3,11,19,1336
2008,3,11,20,1317
2008,3,11,21,1422
2008,3,11,22,1607
2008,3,11,23,1852
2008,3,12,0,2129
2008,3,12,1,2379
2008,3,12,2,2532
2008,3,12,3,2555
2008,3,12,4,2430
2008,3,12,5,2180
2008,3,12,6,1893
2008,3,12,7,1631
2008,3,12,8,1469
2008,3,12,9,1441
2008,3,12,10,1518
2008,3,12,11,1660
2008,3,12,12,1858
2008,3,12,13,2025
2008,3,12,14,2128
2008,3,12,15,2161
2008,3,12,16,2089
2008,3,12,17,1901
2008,3,12,18,1659
2008,3,12,19,1439
2008,3,12,20,1329
2008,3,12,21,1354
2008,3,12,22,1500
2008,3,12,23,1724
2008,3,13,0,1974
2008,3,13,1,2193
2008,3,13,2,2357
2008,3,13,3,2446
2008,3,13,4,2446
2008,3,13,5,2329
2008,3,13,6,2103
2008,3,13,7,1850
2008,3,13,8,1643
2008,3,13,9,1545
2008,3,13,10,1562
2008,3,13,11,1654
2008,3,13,12,1766
2008,3,13,13,1864
2008,3,13,14,1960
2008,3,13,15,2035
2008,3,13,16,2046
2008,3,13,17,1964
2008,3,13,18,1802
2008,3,13,19,1616
2008,3,13,20,1461
2008,3,13,21,1409
2008,3,13,22,1478
2008,3,13,23,1644
2008,3,14,0,1847
2008,3,14,1,2027
2008,3,14,2,2179
2008,3,14,3,2292
2008,3,14,4,2366
2008,3,14,5,2366
2008,3,14,6,2264
2008,3,14,7,2079
2008,3,14,8,1880
2008,3,14,9,1738
2008,3,14,10,1680
2008,3,14,11,1688
2008,3,14,12,1708
2008,3,14,13,1755
2008,3,14,14,1827
2008,3,14,15,1895
2008,3,14,16,1944
2008,3,14,17,1938
2008,3,14,18,1865
2008,3,14,19,1757
2008,3,14,20,1630
2008,3,14,21,1537
2008,3,14,22,1501
2008,3,14,23,1560
2008,3,15,0,1689
2008,3,15,1,1832
2008,3,15,2,1955
2008,3,15,3,2062
2008,3,15,4,2162
2008,3,15,5,2247
2008,3,15,6,2286
2008,3,15,7,2217
2008,3,15,8,2075
2008,3,15,9,1933
2008,3,15,10,1843
2008,3,15,11,1803
2008,3,15,12,1772
2008,3,15,13,1756
2008,3,15,14,1755
2008,3,15,15,1784
2008,3,15,16,1841
2008,3,15,17,1899
2008,3,15,18,1917
2008,3,15,19,1882
2008,3,15,20,1804
2008,3,15,21,1720
2008,3,15,22,1655
2008,3,15,23,1647
2008,3,16,0,1700
2008,3,16,1,1774
2008,3,16,2,1855
2008,3,16,3,1948
2008,3,16,4,2040
2008,3,16,5,2147
2008,3,16,6,2238
2008,3,16,7,2284
2008,3,16,8,2252
2008,3,16,9,2179
2008,3,16,10,2097
2008,3,16,11,1999
2008,3,16,12,1902
2008,3,16,13,1826
2008,3,16,14,1767
2008,3,16,15,1739
2008,3,16,16,1756
2008,3,16,17,1810
2008,3,16,18,1890
2008,3,16,19,1944
2008,3,16,20,1965
2008,3,16,21,1932
2008,3,16,22,1860
2008,3,16,23,1794
2008,3,17,0,1747
2008,3,17,1,1735
2008,3,17,2,1749
2008,3,17,3,1788
2008,3,17,4,1857
2008,3,17,5,1967
2008,3,17,6,2106
2008,3,17,7,2244
2008,3,17,8,2325
2008,3,17,9,2338
2008,3,17,10,2290
2008,3,17,11,2178
2008,3,17,12,2038
2008,3,17,13,1896
2008,3,17,14,1774
2008,3,17,15,1697
2008,3,17,16,1672
2008,3,17,17,1711
2008,3,17,18,1792
2008,3,17,19,1899
2008,3,17,20,1989
2008,3,17,21,2040
2008,3,17,22,2023
2008,3,17,23,1956
2008,3,18,0,1854
2008,3,18,1,1746
2008,3,18,2,1666
2008,3,18,3,1635
2008,3,18,4,1660
2008,3,18,5,1754
2008,3,18,6,1903
2008,3,18,7,2080
2008,3,18,8,2248
2008,3,18,9,2350
2008,3,18,10,2389
2008,3,18,11,2338
2008,3,18,12,2202
2008,3,18,13,2030
2008,3,18,14,1835
2008,3,18,15,1687
2008,3,18,16,1628
2008,3,18,17,1631
2008,3,18,18,1685
2008,3,18,19,1806
2008,3,18,20,1966
2008,3,18,21,2114
2008,3,18,22,2191
2008,3,18,23,2174
2008,3,19,0,2054
2008,3,19,1,1877
2008,3,19,2,1715
2008,3,19,3,1595
2008,3,19,4,1543
2008,3,19,5,1578
2008,3,19,6,1703
2008,3,19,7,1889
2008,3,19,8,2116
2008,3,19,9,2321
2008,3,19,10,2445
2008,3,19,11,2447
2008,3,19,12,2328
2008,3,19,13,2129
2008,3,19,14,1901
2008,3,19,15,1725
2008,3,19,16,1604
2008,3,19,17,1551
2008,3,19,18,1575
2008,3,19,19,1687
2008,3,19,20,1875
2008,3,19,21,2088
2008,3,19,22,2253
2008,3,19,23,2317
2008,3,20,0,2253
2008,3,20,1,2068
2008,3,20,2,1847
2008,3,20,3,1659
2008,3,20,4,1540
2008,3,20,5,1522
2008,3,20,6,1595
2008,3,20,7,1749
2008,3,20,8,1958
2008,3,20,9,2174
2008,3,20,10,2359
2008,3,20,11,2466
2008,3,20,12,2443
2008,3,20,13,2292
2008,3,20,14,2060
2008,3,20,15,1812
2008,3,20,16,1624
2008,3,20,17,1523
2008,3,20,18,1520
2008,3,20,19,1603
2008,3,20,20,1772
2008,3,20,21,1999
2008,3,20,22,2232
2008,3,20,23,2392
2008,3,21,0,2413
2008,3,21,1,2287
2008,3,21,2,2052
2008,3,21,3,1790
2008,3,21,4,1573
2008,3,21,5,1466
2008,3,21,6,1480
2008,3,21,7,1600
2008,3,21,8,1806
2008,3,21,9,2037
2008,3,21,10,2247
2008,3,21,11,2392
2008,3,21,12,2439
2008,3,21,13,2365
2008,3,21,14,2160
2008,3,21,15,1895
2008,3,21,16,1673
2008,3,21,17,1460
2008,3,21,18,1432
2008,3,21,19,1502
2008,3,21,20,1669
2008,3,21,21,1914
2008,3,21,22,2190
2008,3,21,23,2404
2008,3,22,0,2483
2008,3,22,1,2404
2008,3,22,2,2198
2008,3,22,3,1928
2008,3,22,4,1658
2008,3,22,5,1475
2008,3,22,6,1422
2008,3,22,7,1496
2008,3,22,8,1675
2008,3,22,9,1905
2008,3,22,10,2133
2008,3,22,11,2317
2008,3,22,12,2432
2008,3,22,13,2434
2008,3,22,14,2292
2008,3,22,15,2045
2008,3,22,16,1761
2008,3,22,17,1536
2008,3,22,18,1437
2008,3,22,19,1485
2008,3,22,20,1636
2008,3,22,21,1873
2008,3,22,22,2132
2008,3,22,23,2383
2008,3,23,0,2550
2008,3,23,1,2572
2008,3,23,2,2415
2008,3,23,3,2207
2008,3,23,4,1873
2008,3,23,5,1619
2008,3,23,6,1486
2008,3,23,7,1480
2008,3,23,8,1610
2008,3,23,9,1808
2008,3,23,10,2020
2008,3,23,11,2220
2008,3,23,12,2370
2008,3,23,13,2426
2008,3,23,14,2353
2008,3,23,15,2146
2008,3,23,16,1880
2008,3,23,17,1629
2008,3,23,18,1475
2008,3,23,19,1457
2008,3,23,20,1558
2008,3,23,21,1771
2008,3,23,22,2045
2008,3,23,23,2304
2008,3,24,0,2490
2008,3,24,1,2564
2008,3,24,2,2505
2008,3,24,3,2319
2008,3,24,4,2053
2008,3,24,5,1769
2008,3,24,6,1554
2008,3,24,7,1489
2008,3,24,8,1540
2008,3,24,9,1703
2008,3,24,10,1897
2008,3,24,11,2082
2008,3,24,12,2256
2008,3,24,13,2349
2008,3,24,14,2324
2008,3,24,15,2169
2008,3,24,16,1939
2008,3,24,17,1699
2008,3,24,18,1525
2008,3,24,19,1469
2008,3,24,20,1531
2008,3,24,21,1697
2008,3,24,22,1934
2008,3,24,23,2197
2008,3,25,0,2405
2008,3,25,1,2523
2008,3,25,2,2520
2008,3,25,3,2401
2008,3,25,4,2180
2008,3,25,5,1915
2008,3,25,6,1680
2008,3,25,7,1541
2008,3,25,8,1541
2008,3,25,9,1634
2008,3,25,10,1792
2008,3,25,11,1973
2008,3,25,12,2148
2008,3,25,13,2267
2008,3,25,14,2281
2008,3,25,15,2189
2008,3,25,16,2010
2008,3,25,17,1790
2008,3,25,18,1608
2008,3,25,19,1498
2008,3,25,20,1499
2008,3,25,21,1610
2008,3,25,22,1822
2008,3,25,23,2086
2008,3,26,0,2318
2008,3,26,1,2455
2008,3,26,2,2486
2008,3,26,3,2421
2008,3,26,4,2259
2008,3,26,5,2031
2008,3,26,6,1799
2008,3,26,7,1619
2008,3,26,8,1556
2008,3,26,9,1595
2008,3,26,10,1711
2008,3,26,11,1873
2008,3,26,12,2033
2008,3,26,13,2155
2008,3,26,14,2204
2008,3,26,15,2161
2008,3,26,16,2034
2008,3,26,17,1860
2008,3,26,18,1674
2008,3,26,19,1527
2008,3,26,20,1487
2008,3,26,21,1568
2008,3,26,22,1759
2008,3,26,23,2002
2008,3,27,0,2219
2008,3,27,1,2364
2008,3,27,2,2419
2008,3,27,3,2398
2008,3,27,4,2294
2008,3,27,5,2139
2008,3,27,6,1946
2008,3,27,7,1756
2008,3,27,8,1641
2008,3,27,9,1637
2008,3,27,10,1713
2008,3,27,11,1843
2008,3,27,12,1979
2008,3,27,13,2076
2008,3,27,14,2118
2008,3,27,15,2096
2008,3,27,16,2018
2008,3,27,17,1898
2008,3,27,18,1745
2008,3,27,19,1602
2008,3,27,20,1532
2008,3,27,21,1555
2008,3,27,22,1686
2008,3,27,23,1884
2008,3,28,0,2075
2008,3,28,1,2215
2008,3,28,2,2303
2008,3,28,3,2338
2008,3,28,4,2317
2008,3,28,5,2223
2008,3,28,6,2066
2008,3,28,7,1887
2008,3,28,8,1758
2008,3,28,9,1704
2008,3,28,10,1729
2008,3,28,11,1814
2008,3,28,12,1900
2008,3,28,13,1986
2008,3,28,14,2031
2008,3,28,15,2037
2008,3,28,16,1993
2008,3,28,17,1916
2008,3,28,18,1806
2008,3,28,19,1683
2008,3,28,20,1593
2008,3,28,21,1573
2008,3,28,22,1632
2008,3,28,23,1737
2008,3,29,0,1884
2008,3,29,1,2043
2008,3,29,2,2171
2008,3,29,3,2236
2008,3,29,4,2235
2008,3,29,5,2178
2008,3,29,6,2089
2008,3,29,7,1974
2008,3,29,8,1860
2008,3,29,9,1775
2008,3,29,10,1732
2008,3,29,11,1750
2008,3,29,12,1804
2008,3,29,13,1862
2008,3,29,14,1918
2008,3,29,15,1943
2008,3,29,16,1949
2008,3,29,17,1920
2008,3,29,18,1860
2008,3,29,19,1764
2008,3,29,20,1685
2008,3,29,21,1641
2008,3,29,22,1642
2008,3,29,23,1699
2008,3,30,0,1811
2008,3,30,1,1954
2008,3,30,2,2074
2008,3,30,3,2142
2008,3,30,4,2188
2008,3,30,5,2212
2008,3,30,6,2203
2008,3,30,7,2146
2008,3,30,8,2042
2008,3,30,9,1936
2008,3,30,10,1859
2008,3,30,11,1820
2008,3,30,12,1828
2008,3,30,13,1849
2008,3,30,14,1865
2008,3,30,15,1879
2008,3,30,16,1894
2008,3,30,17,1900
2008,3,30,18,1887
2008,3,30,19,1840
2008,3,30,20,1791
2008,3,30,21,1740
2008,3,30,22,1714
2008,3,30,23,1721
2008,3,31,0,1752
2008,3,31,1,1816
2008,3,31,2,1899
2008,3,31,3,1983
2008,3,31,4,2071
2008,3,31,5,2160
2008,3,31,6,2208
2008,3,31,7,2186
2008,3,31,8,2124
2008,3,31,9,2013
2008,3,31,10,1925
2008,3,31,11,1850
2008,3,31,12,1794
2008,3,31,13,1751
2008,3,31,14,1718
2008,3,31,15,1709
2008,3,31,16,1720
2008,3,31,17,1754
2008,3,31,18,1801
2008,3,31,19,1829
2008,3,31,20,1820
2008,3,31,21,1775
2008,3,31,22,1738
2008,3,31,23,1710
2008,4,1,0,1691
2008,4,1,1,1705
2008,4,1,2,1748
2008,4,1,3,1802
2008,4,1,4,1880
2008,4,1,5,1985
2008,4,1,6,2077
2008,4,1,7,2144
2008,4,1,8,2175
2008,4,1,9,2145
2008,4,1,10,2074
2008,4,1,11,1968
2008,4,1,12,1855
2008,4,1,13,1743
2008,4,1,14,1666
2008,4,1,15,1636
2008,4,1,16,1655
2008,4,1,17,1715
2008,4,1,18,1802
2008,4,1,19,1889
2008,4,1,20,1941
2008,4,1,21,1944
2008,4,1,22,1907
2008,4,1,23,1850
2008,4,2,0,1774
2008,4,2,1,1711
2008,4,2,2,1692
2008,4,2,3,1698
2008,4,2,4,1768
2008,4,2,5,1888
2008,4,2,6,2024
2008,4,2,7,2157
2008,4,2,8,2254
2008,4,2,9,2291
2008,4,2,10,2253
2008,4,2,11,2154
2008,4,2,12,2012
2008,4,2,13,1845
2008,4,2,14,1707
2008,4,2,15,1628
2008,4,2,16,1621
2008,4,2,17,1679
2008,4,2,18,1784
2008,4,2,19,1919
2008,4,2,20,2036
2008,4,2,21,2112
2008,4,2,22,2137
2008,4,2,23,2083
2008,4,3,0,1972
2008,4,3,1,1835
2008,4,3,2,1720
2008,4,3,3,1659
2008,4,3,4,1669
2008,4,3,5,1746
2008,4,3,6,1894
2008,4,3,7,2060
2008,4,3,8,2247
2008,4,3,9,2364
2008,4,3,10,2383
2008,4,3,11,2318
2008,4,3,12,2177
2008,4,3,13,1948
2008,4,3,14,1766
2008,4,3,15,1601
2008,4,3,16,1527
2008,4,3,17,1544
2008,4,3,18,1646
2008,4,3,19,1809
2008,4,3,20,1996
2008,4,3,21,2153
2008,4,3,22,2227
2008,4,3,23,2212
2008,4,4,0,2087
2008,4,4,1,1891
2008,4,4,2,1733
2008,4,4,3,1585
2008,4,4,4,1504
2008,4,4,5,1540
2008,4,4,6,1666
2008,4,4,7,1869
2008,4,4,8,2092
2008,4,4,9,2277
2008,4,4,10,2374
2008,4,4,11,2365
2008,4,4,12,2257
2008,4,4,13,2049
2008,4,4,14,1796
2008,4,4,15,1571
2008,4,4,16,1439
2008,4,4,17,1435
2008,4,4,18,1538
2008,4,4,19,1718
2008,4,4,20,1940
2008,4,4,21,2159
2008,4,4,22,2335
2008,4,4,23,2405
2008,4,5,0,2336
2008,4,5,1,2151
2008,4,5,2,1900
2008,4,5,3,1658
2008,4,5,4,1487
2008,4,5,5,1438
2008,4,5,6,1492
2008,4,5,7,1670
2008,4,5,8,1890
2008,4,5,9,2121
2008,4,5,10,2324
2008,4,5,11,2419
2008,4,5,12,2381
2008,4,5,13,2201
2008,4,5,14,1929
2008,4,5,15,1650
2008,4,5,16,1446
2008,4,5,17,1367
2008,4,5,18,1430
2008,4,5,19,1608
2008,4,5,20,1858
2008,4,5,21,2132
2008,4,5,22,2379
2008,4,5,23,2526
2008,4,6,0,2542
2008,4,6,1,2428
2008,4,6,2,2177
2008,4,6,3,1875
2008,4,6,4,1601
2008,4,6,5,1446
2008,4,6,6,1428
2008,4,6,7,1529
2008,4,6,8,1741
2008,4,6,9,1994
2008,4,6,10,2235
2008,4,6,11,2412
2008,4,6,12,2465
2008,4,6,13,2377
2008,4,6,14,2143
2008,4,6,15,1841
2008,4,6,16,1563
2008,4,6,17,1394
2008,4,6,18,1376
2008,4,6,19,1503
2008,4,6,20,1740
2008,4,6,21,2041
2008,4,6,22,2343
2008,4,6,23,2568
2008,4,7,0,2670
2008,4,7,1,2631
2008,4,7,2,2437
2008,4,7,3,2125
2008,4,7,4,1783
2008,4,7,5,1508
2008,4,7,6,1369
2008,4,7,7,1381
2008,4,7,8,1566
2008,4,7,9,1790
2008,4,7,10,2022
2008,4,7,11,2242
2008,4,7,12,2376
2008,4,7,13,2382
2008,4,7,14,2231
2008,4,7,15,1957
2008,4,7,16,1643
2008,4,7,17,1384
2008,4,7,18,1283
2008,4,7,19,1345
2008,4,7,20,1550
2008,4,7,21,1850
2008,4,7,22,2161
2008,4,7,23,2423
2008,4,8,0,2603
2008,4,8,1,2663
2008,4,8,2,2581
2008,4,8,3,2346
2008,4,8,4,2004
2008,4,8,5,1668
2008,4,8,6,1428
2008,4,8,7,1352
2008,4,8,8,1411
2008,4,8,9,1577
2008,4,8,10,1804
2008,4,8,11,2036
2008,4,8,12,2240
2008,4,8,13,2339
2008,4,8,14,2292
2008,4,8,15,2092
2008,4,8,16,1800
2008,4,8,17,1526
2008,4,8,18,1347
2008,4,8,19,1314
2008,4,8,20,1402
2008,4,8,21,1655
2008,4,8,22,1959
2008,4,8,23,2215
2008,4,9,0,2476
2008,4,9,1,2660
2008,4,9,2,2671
2008,4,9,3,2544
2008,4,9,4,2277
2008,4,9,5,1948
2008,4,9,6,1634
2008,4,9,7,1428
2008,4,9,8,1373
2008,4,9,9,1443
2008,4,9,10,1632
2008,4,9,11,1852
2008,4,9,12,2051
2008,4,9,13,2189
2008,4,9,14,2242
2008,4,9,15,2184
2008,4,9,16,1979
2008,4,9,17,1706
2008,4,9,18,1447
2008,4,9,19,1319
2008,4,9,20,1360
2008,4,9,21,1530
2008,4,9,22,1758
2008,4,9,23,2102
2008,4,10,0,2309
2008,4,10,1,2509
2008,4,10,2,2596
2008,4,10,3,2571
2008,4,10,4,2407
2008,4,10,5,2133
2008,4,10,6,1836
2008,4,10,7,1588
2008,4,10,8,1456
2008,4,10,9,1432
2008,4,10,10,1495
2008,4,10,11,1664
2008,4,10,12,1846
2008,4,10,13,1990
2008,4,10,14,2082
2008,4,10,15,2093
2008,4,10,16,2001
2008,4,10,17,1807
2008,4,10,18,1589
2008,4,10,19,1417
2008,4,10,20,1348
2008,4,10,21,1402
2008,4,10,22,1531
2008,4,10,23,1796
2008,4,11,0,2002
2008,4,11,1,2219
2008,4,11,2,2356
2008,4,11,3,2424
2008,4,11,4,2396
2008,4,11,5,2221
2008,4,11,6,2022
2008,4,11,7,1778
2008,4,11,8,1590
2008,4,11,9,1507
2008,4,11,10,1497
2008,4,11,11,1602
2008,4,11,12,1704
2008,4,11,13,1800
2008,4,11,14,1888
2008,4,11,15,1956
2008,4,11,16,1971
2008,4,11,17,1890
2008,4,11,18,1735
2008,4,11,19,1575
2008,4,11,20,1472
2008,4,11,21,1451
2008,4,11,22,1512
2008,4,11,23,1638
2008,4,12,0,1816
2008,4,12,1,2017
2008,4,12,2,2183
2008,4,12,3,2285
2008,4,12,4,2319
2008,4,12,5,2262
2008,4,12,6,2146
2008,4,12,7,1986
2008,4,12,8,1814
2008,4,12,9,1679
2008,4,12,10,1615
2008,4,12,11,1628
2008,4,12,12,1686
2008,4,12,13,1752
2008,4,12,14,1810
2008,4,12,15,1864
2008,4,12,16,1905
2008,4,12,17,1917
2008,4,12,18,1877
2008,4,12,19,1775
2008,4,12,20,1657
2008,4,12,21,1579
2008,4,12,22,1588
2008,4,12,23,1659
2008,4,13,0,1753
2008,4,13,1,1864
2008,4,13,2,1977
2008,4,13,3,2085
2008,4,13,4,2180
2008,4,13,5,2243
2008,4,13,6,2228
2008,4,13,7,2126
2008,4,13,8,1996
2008,4,13,9,1872
2008,4,13,10,1781
2008,4,13,11,1727
2008,4,13,12,1703
2008,4,13,13,1701
2008,4,13,14,1721
2008,4,13,15,1772
2008,4,13,16,1838
2008,4,13,17,1903
2008,4,13,18,1943
2008,4,13,19,1926
2008,4,13,20,1863
2008,4,13,21,1773
2008,4,13,22,1706
2008,4,13,23,1693
2008,4,14,0,1714
2008,4,14,1,1764
2008,4,14,2,1839
2008,4,14,3,1927
2008,4,14,4,2023
2008,4,14,5,2115
2008,4,14,6,2183
2008,4,14,7,2199
2008,4,14,8,2161
2008,4,14,9,2063
2008,4,14,10,1940
2008,4,14,11,1828
2008,4,14,12,1740
2008,4,14,13,1689
2008,4,14,14,1673
2008,4,14,15,1687
2008,4,14,16,1738
2008,4,14,17,1822
2008,4,14,18,1905
2008,4,14,19,1999
2008,4,14,20,2015
2008,4,14,21,1971
2008,4,14,22,1890
2008,4,14,23,1805
2008,4,15,0,1741
2008,4,15,1,1711
2008,4,15,2,1721
2008,4,15,3,1774
2008,4,15,4,1865
2008,4,15,5,1977
2008,4,15,6,2079
2008,4,15,7,2163
2008,4,15,8,2205
2008,4,15,9,2187
2008,4,15,10,2115
2008,4,15,11,1988
2008,4,15,12,1836
2008,4,15,13,1694
2008,4,15,14,1605
2008,4,15,15,1595
2008,4,15,16,1641
2008,4,15,17,1729
2008,4,15,18,1843
2008,4,15,19,1965
2008,4,15,20,2066
2008,4,15,21,2118
2008,4,15,22,2099
2008,4,15,23,2005
2008,4,16,0,1876
2008,4,16,1,1761
2008,4,16,2,1693
2008,4,16,3,1671
2008,4,16,4,1710
2008,4,16,5,1811
2008,4,16,6,1942
2008,4,16,7,2090
2008,4,16,8,2208
2008,4,16,9,2256
2008,4,16,10,2222
2008,4,16,11,2125
2008,4,16,12,1997
2008,4,16,13,1845
2008,4,16,14,1687
2008,4,16,15,1602
2008,4,16,16,1603
2008,4,16,17,1670
2008,4,16,18,1797
2008,4,16,19,1964
2008,4,16,20,2116
2008,4,16,21,2231
2008,4,16,22,2275
2008,4,16,23,2218
2008,4,17,0,2073
2008,4,17,1,1889
2008,4,17,2,1741
2008,4,17,3,1634
2008,4,17,4,1605
2008,4,17,5,1662
2008,4,17,6,1767
2008,4,17,7,1909
2008,4,17,8,2070
2008,4,17,9,2208
2008,4,17,10,2280
2008,4,17,11,2245
2008,4,17,12,2112
2008,4,17,13,1918
2008,4,17,14,1718
2008,4,17,15,1580
2008,4,17,16,1532
2008,4,17,17,1584
2008,4,17,18,1699
2008,4,17,19,1852
2008,4,17,20,2095
2008,4,17,21,2256
2008,4,17,22,2388
2008,4,17,23,2392
2008,4,18,0,2267
2008,4,18,1,2058
2008,4,18,2,1841
2008,4,18,3,1662
2008,4,18,4,1576
2008,4,18,5,1572
2008,4,18,6,1650
2008,4,18,7,1783
2008,4,18,8,1971
2008,4,18,9,2164
2008,4,18,10,2276
2008,4,18,11,2294
2008,4,18,12,2210
2008,4,18,13,2038
2008,4,18,14,1823
2008,4,18,15,1637
2008,4,18,16,1528
2008,4,18,17,1527
2008,4,18,18,1634
2008,4,18,19,1810
2008,4,18,20,2020
2008,4,18,21,2226
2008,4,18,22,2377
2008,4,18,23,2468
2008,4,19,0,2417
2008,4,19,1,2244
2008,4,19,2,1989
2008,4,19,3,1740
2008,4,19,4,1575
2008,4,19,5,1515
2008,4,19,6,1541
2008,4,19,7,1653
2008,4,19,8,1830
2008,4,19,9,2026
2008,4,19,10,2192
2008,4,19,11,2282
2008,4,19,12,2263
2008,4,19,13,2149
2008,4,19,14,1953
2008,4,19,15,1732
2008,4,19,16,1548
2008,4,19,17,1472
2008,4,19,18,1550
2008,4,19,19,1725
2008,4,19,20,1952
2008,4,19,21,2197
2008,4,19,22,2377
2008,4,19,23,2502
2008,4,20,0,2496
2008,4,20,1,2377
2008,4,20,2,2165
2008,4,20,3,1899
2008,4,20,4,1656
2008,4,20,5,1506
2008,4,20,6,1481
2008,4,20,7,1545
2008,4,20,8,1688
2008,4,20,9,1920
2008,4,20,10,2096
2008,4,20,11,2251
2008,4,20,12,2292
2008,4,20,13,2232
2008,4,20,14,2016
2008,4,20,15,1804
2008,4,20,16,1607
2008,4,20,17,1487
2008,4,20,18,1488
2008,4,20,19,1613
2008,4,20,20,1810
2008,4,20,21,2061
2008,4,20,22,2308
2008,4,20,23,2478
2008,4,21,0,2540
2008,4,21,1,2497
2008,4,21,2,2369
2008,4,21,3,2059
2008,4,21,4,1827
2008,4,21,5,1618
2008,4,21,6,1515
2008,4,21,7,1518
2008,4,21,8,1631
2008,4,21,9,1816
2008,4,21,10,2024
2008,4,21,11,2186
2008,4,21,12,2272
2008,4,21,13,2249
2008,4,21,14,2129
2008,4,21,15,1935
2008,4,21,16,1723
2008,4,21,17,1546
2008,4,21,18,1486
2008,4,21,19,1552
2008,4,21,20,1735
2008,4,21,21,1988
2008,4,21,22,2254
2008,4,21,23,2471
2008,4,22,0,2580
2008,4,22,1,2575
2008,4,22,2,2457
2008,4,22,3,2238
2008,4,22,4,1979
2008,4,22,5,1740
2008,4,22,6,1562
2008,4,22,7,1500
2008,4,22,8,1574
2008,4,22,9,1744
2008,4,22,10,1927
2008,4,22,11,2128
2008,4,22,12,2224
2008,4,22,13,2252
2008,4,22,14,2167
2008,4,22,15,2011
2008,4,22,16,1806
2008,4,22,17,1601
2008,4,22,18,1496
2008,4,22,19,1530
2008,4,22,20,1642
2008,4,22,21,1889
2008,4,22,22,2158
2008,4,22,23,2391
2008,4,23,0,2545
2008,4,23,1,2600
2008,4,23,2,2547
2008,4,23,3,2372
2008,4,23,4,2137
2008,4,23,5,1871
2008,4,23,6,1647
2008,4,23,7,1532
2008,4,23,8,1549
2008,4,23,9,1677
2008,4,23,10,1856
2008,4,23,11,2048
2008,4,23,12,2184
2008,4,23,13,2230
2008,4,23,14,2186
2008,4,23,15,2056
2008,4,23,16,1869
2008,4,23,17,1666
2008,4,23,18,1525
2008,4,23,19,1505
2008,4,23,20,1601
2008,4,23,21,1786
2008,4,23,22,2045
2008,4,23,23,2297
2008,4,24,0,2494
2008,4,24,1,2584
2008,4,24,2,2565
2008,4,24,3,2424
2008,4,24,4,2242
2008,4,24,5,2037
2008,4,24,6,1788
2008,4,24,7,1621
2008,4,24,8,1598
2008,4,24,9,1658
2008,4,24,10,1772
2008,4,24,11,1932
2008,4,24,12,2069
2008,4,24,13,2141
2008,4,24,14,2140
2008,4,24,15,2054
2008,4,24,16,1904
2008,4,24,17,1721
2008,4,24,18,1585
2008,4,24,19,1508
2008,4,24,20,1541
2008,4,24,21,1664
2008,4,24,22,1886
2008,4,24,23,2124
2008,4,25,0,2323
2008,4,25,1,2469
2008,4,25,2,2513
2008,4,25,3,2467
2008,4,25,4,2333
2008,4,25,5,2124
2008,4,25,6,1892
2008,4,25,7,1702
2008,4,25,8,1614
2008,4,25,9,1622
2008,4,25,10,1703
2008,4,25,11,1822
2008,4,25,12,1965
2008,4,25,13,2041
2008,4,25,14,2071
2008,4,25,15,2048
2008,4,25,16,1962
2008,4,25,17,1825
2008,4,25,18,1681
2008,4,25,19,1576
2008,4,25,20,1558
2008,4,25,21,1636
2008,4,25,22,1792
2008,4,25,23,1990
2008,4,26,0,2185
2008,4,26,1,2347
2008,4,26,2,2443
2008,4,26,3,2458
2008,4,26,4,2392
2008,4,26,5,2238
2008,4,26,6,2062
2008,4,26,7,1863
2008,4,26,8,1721
2008,4,26,9,1674
2008,4,26,10,1681
2008,4,26,11,1752
2008,4,26,12,1845
2008,4,26,13,1924
2008,4,26,14,1976
2008,4,26,15,1997
2008,4,26,16,1965
2008,4,26,17,1876
2008,4,26,18,1771
2008,4,26,19,1676
2008,4,26,20,1619
2008,4,26,21,1625
2008,4,26,22,1724
2008,4,26,23,1884
2008,4,27,0,2069
2008,4,27,1,2240
2008,4,27,2,2367
2008,4,27,3,2427
2008,4,27,4,2430
2008,4,27,5,2370
2008,4,27,6,2244
2008,4,27,7,2071
2008,4,27,8,1919
2008,4,27,9,1830
2008,4,27,10,1810
2008,4,27,11,1857
2008,4,27,12,1936
2008,4,27,13,2007
2008,4,27,14,2054
2008,4,27,15,2091
2008,4,27,16,2093
2008,4,27,17,2059
2008,4,27,18,1990
2008,4,27,19,1895
2008,4,27,20,1808
2008,4,27,21,1778
2008,4,27,22,1829
2008,4,27,23,1929
2008,4,28,0,2047
2008,4,28,1,2177
2008,4,28,2,2307
2008,4,28,3,2417
2008,4,28,4,2475
2008,4,28,5,2460
2008,4,28,6,2374
2008,4,28,7,2249
2008,4,28,8,2103
2008,4,28,9,1978
2008,4,28,10,1895
2008,4,28,11,1853
2008,4,28,12,1858
2008,4,28,13,1888
2008,4,28,14,1927
2008,4,28,15,1969
2008,4,28,16,2013
2008,4,28,17,2038
2008,4,28,18,2041
2008,4,28,19,2013
2008,4,28,20,1949
2008,4,28,21,1890
2008,4,28,22,1871
2008,4,28,23,1889
2008,4,29,0,1936
2008,4,29,1,2017
2008,4,29,2,2123
2008,4,29,3,2237
2008,4,29,4,2344
2008,4,29,5,2382
2008,4,29,6,2377
2008,4,29,7,2310
2008,4,29,8,2200
2008,4,29,9,2068
2008,4,29,10,1937
2008,4,29,11,1839
2008,4,29,12,1784
2008,4,29,13,1767
2008,4,29,14,1786
2008,4,29,15,1824
2008,4,29,16,1889
2008,4,29,17,1969
2008,4,29,18,2034
2008,4,29,19,2050
2008,4,29,20,2012
2008,4,29,21,1953
2008,4,29,22,1894
2008,4,29,23,1839
2008,4,30,0,1814
2008,4,30,1,1843
2008,4,30,2,1914
2008,4,30,3,2029
2008,4,30,4,2119
2008,4,30,5,2213
2008,4,30,6,2287
2008,4,30,7,2315
2008,4,30,8,2270
2008,4,30,9,2178
2008,4,30,10,2063
2008,4,30,11,1928
2008,4,30,12,1821
2008,4,30,13,1746
2008,4,30,14,1712
2008,4,30,15,1734
2008,4,30,16,1804
2008,4,30,17,1913
2008,4,30,18,2045
2008,4,30,19,2154
2008,4,30,20,2189
2008,4,30,21,2159
2008,4,30,22,2085
2008,4,30,23,1990
2008,5,1,0,1902
2008,5,1,1,1854
2008,5,1,2,1861
2008,5,1,3,1904
2008,5,1,4,2005
2008,5,1,5,2141
2008,5,1,6,2272
2008,5,1,7,2357
2008,5,1,8,2376
2008,5,1,9,2325
2008,5,1,10,2214
2008,5,1,11,2066
2008,5,1,12,1911
2008,5,1,13,1769
2008,5,1,14,1686
2008,5,1,15,1684
2008,5,1,16,1743
2008,5,1,17,1839
2008,5,1,18,2045
2008,5,1,19,2183
2008,5,1,20,2300
2008,5,1,21,2340
2008,5,1,22,2293
2008,5,1,23,2173
2008,5,2,0,2029
2008,5,2,1,1891
2008,5,2,2,1793
2008,5,2,3,1765
2008,5,2,4,1826
2008,5,2,5,1938
2008,5,2,6,2076
2008,5,2,7,2223
2008,5,2,8,2322
2008,5,2,9,2343
2008,5,2,10,2269
2008,5,2,11,2117
2008,5,2,12,1917
2008,5,2,13,1712
2008,5,2,14,1562
2008,5,2,15,1495
2008,5,2,16,1519
2008,5,2,17,1639
2008,5,2,18,1828
2008,5,2,19,2039
2008,5,2,20,2223
2008,5,2,21,2340
2008,5,2,22,2367
2008,5,2,23,2282
2008,5,3,0,2112
2008,5,3,1,1911
2008,5,3,2,1723
2008,5,3,3,1595
2008,5,3,4,1564
2008,5,3,5,1633
2008,5,3,6,1763
2008,5,3,7,1936
2008,5,3,8,2122
2008,5,3,9,2254
2008,5,3,10,2287
2008,5,3,11,2199
2008,5,3,12,2021
2008,5,3,13,1788
2008,5,3,14,1569
2008,5,3,15,1435
2008,5,3,16,1400
2008,5,3,17,1476
2008,5,3,18,1668
2008,5,3,19,1922
2008,5,3,20,2184
2008,5,3,21,2396
2008,5,3,22,2506
2008,5,3,23,2494
2008,5,4,0,2341
2008,5,4,1,2098
2008,5,4,2,1858
2008,5,4,3,1634
2008,5,4,4,1515
2008,5,4,5,1512
2008,5,4,6,1599
2008,5,4,7,1761
2008,5,4,8,1969
2008,5,4,9,2168
2008,5,4,10,2286
2008,5,4,11,2302
2008,5,4,12,2192
2008,5,4,13,1971
2008,5,4,14,1708
2008,5,4,15,1481
2008,5,4,16,1355
2008,5,4,17,1379
2008,5,4,18,1548
2008,5,4,19,1804
2008,5,4,20,2089
2008,5,4,21,2363
2008,5,4,22,2566
2008,5,4,23,2651
2008,5,5,0,2589
2008,5,5,1,2397
2008,5,5,2,2117
2008,5,5,3,1806
2008,5,5,4,1562
2008,5,5,5,1442
2008,5,5,6,1443
2008,5,5,7,1550
2008,5,5,8,1737
2008,5,5,9,1965
2008,5,5,10,2163
2008,5,5,11,2276
2008,5,5,12,2258
2008,5,5,13,2107
2008,5,5,14,1851
2008,5,5,15,1580
2008,5,5,16,1370
2008,5,5,17,1291
2008,5,5,18,1373
2008,5,5,19,1587
2008,5,5,20,1888
2008,5,5,21,2218
2008,5,5,22,2457
2008,5,5,23,2650
2008,5,6,0,2650
2008,5,6,1,2539
2008,5,6,2,2301
2008,5,6,3,1976
2008,5,6,4,1662
2008,5,6,5,1433
2008,5,6,6,1324
2008,5,6,7,1351
2008,5,6,8,1497
2008,5,6,9,1703
2008,5,6,10,1918
2008,5,6,11,2099
2008,5,6,12,2191
2008,5,6,13,2144
2008,5,6,14,1955
2008,5,6,15,1686
2008,5,6,16,1429
2008,5,6,17,1265
2008,5,6,18,1245
2008,5,6,19,1369
2008,5,6,20,1564
2008,5,6,21,1942
2008,5,6,22,2221
2008,5,6,23,2482
2008,5,7,0,2617
2008,5,7,1,2615
2008,5,7,2,2472
2008,5,7,3,2210
2008,5,7,4,1882
2008,5,7,5,1575
2008,5,7,6,1374
2008,5,7,7,1316
2008,5,7,8,1376
2008,5,7,9,1532
2008,5,7,10,1744
2008,5,7,11,1962
2008,5,7,12,2105
2008,5,7,13,2167
2008,5,7,14,2098
2008,5,7,15,1908
2008,5,7,16,1653
2008,5,7,17,1419
2008,5,7,18,1292
2008,5,7,19,1319
2008,5,7,20,1475
2008,5,7,21,1729
2008,5,7,22,2021
2008,5,7,23,2292
2008,5,8,0,2496
2008,5,8,1,2603
2008,5,8,2,2589
2008,5,8,3,2428
2008,5,8,4,2156
2008,5,8,5,1843
2008,5,8,6,1567
2008,5,8,7,1391
2008,5,8,8,1353
2008,5,8,9,1442
2008,5,8,10,1606
2008,5,8,11,1799
2008,5,8,12,1975
2008,5,8,13,2091
2008,5,8,14,2136
2008,5,8,15,2052
2008,5,8,16,1848
2008,5,8,17,1598
2008,5,8,18,1394
2008,5,8,19,1305
2008,5,8,20,1352
2008,5,8,21,1512
2008,5,8,22,1761
2008,5,8,23,2035
2008,5,9,0,2285
2008,5,9,1,2466
2008,5,9,2,2546
2008,5,9,3,2499
2008,5,9,4,2333
2008,5,9,5,2070
2008,5,9,6,1770
2008,5,9,7,1518
2008,5,9,8,1388
2008,5,9,9,1387
2008,5,9,10,1479
2008,5,9,11,1638
2008,5,9,12,1798
2008,5,9,13,1918
2008,5,9,14,1999
2008,5,9,15,2034
2008,5,9,16,1971
2008,5,9,17,1789
2008,5,9,18,1572
2008,5,9,19,1409
2008,5,9,20,1347
2008,5,9,21,1418
2008,5,9,22,1589
2008,5,9,23,1806
2008,5,10,0,2035
2008,5,10,1,2230
2008,5,10,2,2355
2008,5,10,3,2384
2008,5,10,4,2332
2008,5,10,5,2186
2008,5,10,6,1961
2008,5,10,7,1713
2008,5,10,8,1526
2008,5,10,9,1443
2008,5,10,10,1465
2008,5,10,11,1553
2008,5,10,12,1680
2008,5,10,13,1791
2008,5,10,14,1876
2008,5,10,15,1933
2008,5,10,16,1953
2008,5,10,17,1888
2008,5,10,18,1747
2008,5,10,19,1588
2008,5,10,20,1478
2008,5,10,21,1455
2008,5,10,22,1537
2008,5,10,23,1669
2008,5,11,0,1837
2008,5,11,1,2014
2008,5,11,2,2160
2008,5,11,3,2275
2008,5,11,4,2303
2008,5,11,5,2258
2008,5,11,6,2120
2008,5,11,7,1925
2008,5,11,8,1736
2008,5,11,9,1596
2008,5,11,10,1529
2008,5,11,11,1546
2008,5,11,12,1630
2008,5,11,13,1728
2008,5,11,14,1811
2008,5,11,15,1890
2008,5,11,16,1956
2008,5,11,17,1983
2008,5,11,18,1946
2008,5,11,19,1841
2008,5,11,20,1707
2008,5,11,21,1610
2008,5,11,22,1577
2008,5,11,23,1612
2008,5,12,0,1704
2008,5,12,1,1824
2008,5,12,2,1970
2008,5,12,3,2102
2008,5,12,4,2196
2008,5,12,5,2243
2008,5,12,6,2202
2008,5,12,7,2077
2008,5,12,8,1915
2008,5,12,9,1757
2008,5,12,10,1627
2008,5,12,11,1569
2008,5,12,12,1571
2008,5,12,13,1623
2008,5,12,14,1703
2008,5,12,15,1788
2008,5,12,16,1876
2008,5,12,17,1956
2008,5,12,18,2008
2008,5,12,19,2001
2008,5,12,20,1909
2008,5,12,21,1791
2008,5,12,22,1692
2008,5,12,23,1639
2008,5,13,0,1644
2008,5,13,1,1694
2008,5,13,2,1788
2008,5,13,3,1897
2008,5,13,4,2015
2008,5,13,5,2105
2008,5,13,6,2134
2008,5,13,7,2100
2008,5,13,8,2023
2008,5,13,9,1884
2008,5,13,10,1744
2008,5,13,11,1634
2008,5,13,12,1571
2008,5,13,13,1554
2008,5,13,14,1572
2008,5,13,15,1630
2008,5,13,16,1728
2008,5,13,17,1848
2008,5,13,18,1959
2008,5,13,19,2022
2008,5,13,20,2009
2008,5,13,21,1929
2008,5,13,22,1819
2008,5,13,23,1716
2008,5,14,0,1654
2008,5,14,1,1639
2008,5,14,2,1664
2008,5,14,3,1721
2008,5,14,4,1808
2008,5,14,5,1911
2008,5,14,6,2009
2008,5,14,7,2069
2008,5,14,8,2058
2008,5,14,9,1991
2008,5,19,6,1429
2008,5,19,7,1488
2008,5,19,8,1611
2008,5,19,9,1768
2008,5,19,10,1898
2008,5,19,11,1978
2008,5,19,12,1982
2008,5,19,13,1894
2008,5,19,14,1729
2008,5,19,15,1538
2008,5,19,16,1395
2008,5,19,17,1358
2008,5,19,18,1439
2008,5,19,19,1605
2008,5,19,20,1825
2008,5,19,21,2053
2008,5,19,22,2238
2008,5,19,23,2349
2008,5,20,0,2365
2008,5,20,1,2275
2008,5,20,2,2085
2008,5,20,3,1839
2008,5,20,4,1629
2008,5,20,5,1476
2008,5,20,6,1417
2008,5,20,7,1450
2008,5,20,8,1552
2008,5,20,9,1694
2008,5,20,10,1836
2008,5,20,11,1946
2008,5,20,12,1991
2008,5,20,13,1953
2008,5,20,14,1826
2008,5,20,15,1639
2008,5,20,16,1459
2008,5,20,17,1361
2008,5,20,18,1387
2008,5,20,19,1521
2008,5,20,20,1724
2008,5,20,21,1958
2008,5,20,22,2172
2008,5,20,23,2323
2008,5,21,0,2386
2008,5,21,1,2353
2008,5,21,2,2215
2008,5,21,3,1991
2008,5,21,4,1731
2008,5,21,5,1526
2008,5,21,6,1417
2008,5,21,7,1415
2008,5,21,8,1495
2008,5,21,9,1625
2008,5,21,10,1775
2008,5,21,11,1906
2008,5,21,12,1980
2008,5,21,13,1983
2008,5,21,14,1902
2008,5,21,15,1740
2008,5,21,16,1549
2008,5,21,17,1402
2008,5,21,18,1363
2008,5,21,19,1445
2008,5,21,20,1618
2008,5,21,21,1838
2008,5,21,22,2066
2008,5,21,23,2252
2008,5,22,0,2359
2008,5,22,1,2376
2008,5,22,2,2311
2008,5,22,3,2129
2008,5,22,4,1885
2008,5,22,5,1645
2008,5,22,6,1485
2008,5,22,7,1421
2008,5,22,8,1448
2008,5,22,9,1558
2008,5,22,10,1719
2008,5,22,11,1872
2008,5,22,12,1980
2008,5,22,13,2010
2008,5,22,14,1974
2008,5,22,15,1855
2008,5,22,16,1677
2008,5,22,17,1507
2008,5,22,18,1412
2008,5,22,19,1433
2008,5,22,20,1558
2008,5,22,21,1754
2008,5,22,22,1976
2008,5,22,23,2185
2008,5,23,0,2335
2008,5,23,1,2401
2008,5,23,2,2380
2008,5,23,3,2249
2008,5,23,4,2019
2008,5,23,5,1769
2008,5,23,6,1576
2008,5,23,7,1461
2008,5,23,8,1434
2008,5,23,9,1501
2008,5,23,10,1637
2008,5,23,11,1796
2008,5,23,12,1937
2008,5,23,13,2021
2008,5,23,14,2024
2008,5,23,15,1950
2008,5,23,16,1803
2008,5,23,17,1627
2008,5,23,18,1492
2008,5,23,19,1449
2008,5,23,20,1511
2008,5,23,21,1658
2008,5,23,22,1853
2008,5,23,23,2059
2008,5,24,0,2232
2008,5,24,1,2341
2008,5,24,2,2367
2008,5,24,3,2308
2008,5,24,4,2127
2008,5,24,5,1880
2008,5,24,6,1656
2008,5,24,7,1507
2008,5,24,8,1451
2008,5,24,9,1481
2008,5,24,10,1569
2008,5,24,11,1704
2008,5,24,12,1856
2008,5,24,13,1951
2008,5,24,14,1992
2008,5,24,15,1966
2008,5,24,16,1869
2008,5,24,17,1717
2008,5,24,18,1566
2008,5,24,19,1478
2008,5,24,20,1479
2008,5,24,21,1568
2008,5,24,22,1720
2008,5,24,23,1904
2008,5,25,0,2084
2008,5,25,1,2222
2008,5,25,2,2296
2008,5,25,3,2308
2008,5,25,4,2204
2008,5,25,5,2015
2008,5,25,6,1800
2008,5,25,7,1615
2008,5,25,8,1503
2008,5,25,9,1486
2008,5,25,10,1522
2008,5,25,11,1603
2008,5,25,12,1721
2008,5,25,13,1827
2008,5,25,14,1898
2008,5,25,15,1918
2008,5,25,16,1877
2008,5,25,17,1773
2008,5,25,18,1634
2008,5,25,19,1518
2008,5,25,20,1471
2008,5,25,21,1498
2008,5,25,22,1595
2008,5,25,23,1741
2008,5,26,0,1905
2008,5,26,1,2054
2008,5,26,2,2164
2008,5,26,3,2252
2008,5,26,4,2258
2008,5,26,5,2134
2008,5,26,6,1926
2008,5,26,7,1715
2008,5,26,8,1577
2008,5,26,9,1515
2008,5,26,10,1513
2008,5,26,11,1552
2008,5,26,12,1628
2008,5,26,13,1742
2008,5,26,14,1843
2008,5,26,15,1922
2008,5,26,16,1933
2008,5,26,17,1887
2008,5,26,18,1788
2008,5,26,19,1668
2008,5,26,20,1579
2008,5,26,21,1550
2008,5,26,22,1583
2008,5,26,23,1673
2008,5,27,0,1800
2008,5,27,1,1937
2008,5,27,2,2055
2008,5,27,3,2138
2008,5,27,4,2182
2008,5,27,5,2156
2008,5,27,6,2044
2008,5,27,7,1855
2008,5,27,8,1667
2008,5,27,9,1543
2008,5,27,10,1509
2008,5,27,11,1517
2008,5,27,12,1579
2008,5,27,13,1668
2008,5,27,14,1760
2008,5,27,15,1846
2008,5,27,16,1906
2008,5,27,17,1925
2008,5,27,18,1890
2008,5,27,19,1806
2008,5,27,20,1705
2008,5,27,21,1631
2008,5,27,22,1606
2008,5,27,23,1633
2008,5,28,0,1711
2008,5,28,1,1820
2008,5,28,2,1936
2008,5,28,3,2040
2008,5,28,4,2112
2008,5,28,5,2137
2008,5,28,6,2091
2008,5,28,7,1969
2008,5,28,8,1816
2008,5,28,9,1670
2008,5,28,10,1566
2008,5,28,11,1527
2008,5,28,12,1541
2008,5,28,13,1603
2008,5,28,14,1692
2008,5,28,15,1791
2008,5,28,16,1889
2008,5,28,17,1967
2008,5,28,18,2002
2008,5,28,19,1979
2008,5,28,20,1902
2008,5,28,21,1800
2008,5,28,22,1717
2008,5,28,23,1674
2008,5,29,0,1683
2008,5,29,1,1740
2008,5,29,2,1828
2008,5,29,3,1926
2008,5,29,4,2024
2008,5,29,5,2094
2008,5,29,6,2117
2008,5,29,7,2064
2008,5,29,8,1940
2008,5,29,9,1779
2008,5,29,10,1638
2008,5,29,11,1545
2008,5,29,12,1506
2008,5,29,13,1523
2008,5,29,14,1589
2008,5,29,15,1689
2008,5,29,16,1810
2008,5,29,17,1936
2008,5,29,18,2039
2008,5,29,19,2090
2008,5,29,20,2069
2008,5,29,21,1979
2008,5,29,22,1855
2008,5,29,23,1742
2008,5,30,0,1668
2008,5,30,1,1645
2008,5,30,2,1672
2008,5,30,3,1744
2008,5,30,4,1839
2008,5,30,5,1932
2008,5,30,6,1997
2008,5,30,7,2014
2008,5,30,8,1978
2008,5,30,9,1876
2008,5,30,10,1761
2008,5,30,11,1608
2008,5,30,12,1495
2008,5,30,13,1443
2008,5,30,14,1462
2008,5,30,15,1546
2008,5,30,16,1677
2008,5,30,17,1837
2008,5,30,18,2001
2008,5,30,19,2132
2008,5,30,20,2194
2008,5,30,21,2165
2008,5,30,22,2049
2008,5,30,23,1889
2008,5,31,0,1736
2008,5,31,1,1620
2008,5,31,2,1567
2008,5,31,3,1582
2008,5,31,4,1652
2008,5,31,5,1757
2008,5,31,6,1876
2008,5,31,7,1946
2008,5,31,8,1987
2008,5,31,9,1958
2008,5,31,10,1854
2008,5,31,11,1693
2008,5,31,12,1529
2008,5,31,13,1405
2008,5,31,14,1353
2008,5,31,15,1390
2008,5,31,16,1508
2008,5,31,17,1686
2008,5,31,18,1897
2008,5,31,19,2101
2008,5,31,20,2254
2008,5,31,21,2318
2008,5,31,22,2270
2008,5,31,23,2121
2008,6,1,0,1919
2008,6,1,1,1719
2008,6,1,2,1567
2008,6,1,3,1494
2008,6,1,4,1506
2008,6,1,5,1558
2008,6,1,6,1680
2008,6,1,7,1831
2008,6,1,8,1952
2008,6,1,9,2010
2008,6,1,10,1978
2008,6,1,11,1862
2008,6,1,12,1680
2008,6,1,13,1491
2008,6,1,14,1351
2008,6,1,15,1302
2008,6,1,16,1363
2008,6,1,17,1520
2008,6,1,18,1742
2008,6,1,19,1989
2008,6,1,20,2214
2008,6,1,21,2369
2008,6,1,22,2414
2008,6,1,23,2330
2008,6,2,0,2135
2008,6,2,1,1882
2008,6,2,2,1635
2008,6,2,3,1449
2008,6,2,4,1363
2008,6,2,5,1373
2008,6,2,6,1463
2008,6,2,7,1607
2008,6,2,8,1779
2008,6,2,9,1931
2008,6,2,10,2015
2008,6,2,11,1966
2008,6,2,12,1819
2008,6,2,13,1612
2008,6,2,14,1398
2008,6,2,15,1248
2008,6,2,16,1214
2008,6,2,17,1310
2008,6,2,18,1508
2008,6,2,19,1766
2008,6,2,20,2040
2008,6,2,21,2276
2008,6,2,22,2424
2008,6,2,23,2451
2008,6,3,0,2322
2008,6,3,1,2080
2008,6,3,2,1781
2008,6,3,3,1503
2008,6,3,4,1318
2008,6,3,5,1235
2008,6,3,6,1259
2008,6,3,7,1376
2008,6,3,8,1555
2008,6,3,9,1752
2008,6,3,10,1905
2008,6,3,11,1971
2008,6,3,12,1918
2008,6,3,13,1755
2008,6,3,14,1517
2008,6,3,15,1291
2008,6,3,16,1158
2008,6,3,17,1167
2008,6,3,18,1310
2008,6,3,19,1546
2008,6,3,20,1830
2008,6,3,21,2113
2008,6,3,22,2341
2008,6,3,23,2470
2008,6,4,0,2468
2008,6,4,1,2317
2008,6,4,2,2042
2008,6,4,3,1716
2008,6,4,4,1449
2008,6,4,5,1265
2008,6,4,6,1188
2008,6,4,7,1228
2008,6,4,8,1370
2008,6,4,9,1582
2008,6,4,10,1779
2008,6,4,11,1934
2008,6,4,12,1998
2008,6,4,13,1933
2008,6,4,14,1741
2008,6,4,15,1481
2008,6,4,16,1253
2008,6,4,17,1143
2008,6,4,18,1183
2008,6,4,19,1352
2008,6,4,20,1601
2008,6,4,21,1887
2008,6,4,22,2162
2008,6,4,23,2373
2008,6,5,0,2484
2008,6,5,1,2461
2008,6,5,2,2283
2008,6,5,3,1981
2008,6,5,4,1645
2008,6,5,5,1381
2008,6,5,6,1202
2008,6,5,7,1157
2008,6,5,8,1231
2008,6,5,9,1407
2008,6,5,10,1615
2008,6,5,11,1823
2008,6,5,12,1981
2008,6,5,13,2042
2008,6,5,14,1968
2008,6,5,15,1768
2008,6,5,16,1520
2008,6,5,17,1328
2008,6,5,18,1269
2008,6,5,19,1355
2008,6,5,20,1553
2008,6,5,21,1817
2008,6,5,22,2107
2008,6,5,23,2377
2008,6,6,0,2584
2008,6,6,1,2692
2008,6,6,2,2664
2008,6,6,3,2468
2008,6,6,4,2198
2008,6,6,5,1802
2008,6,6,6,1484
2008,6,6,7,1282
2008,6,6,8,1197
2008,6,6,9,1273
2008,6,6,10,1439
2008,6,6,11,1647
2008,6,6,12,1847
2008,6,6,13,1964
2008,6,6,14,1968
2008,6,6,15,1849
2008,6,6,16,1647
2008,6,6,17,1429
2008,6,6,18,1273
2008,6,6,19,1237
2008,6,6,20,1310
2008,6,6,21,1487
2008,6,6,22,1731
2008,6,6,23,1990
2008,6,7,0,2223
2008,6,7,1,2387
2008,6,7,2,2449
2008,6,7,3,2379
2008,6,7,4,2176
2008,6,7,5,1885
2008,6,7,6,1583
2008,6,7,7,1359
2008,6,7,8,1258
2008,6,7,9,1258
2008,6,7,10,1356
2008,6,7,11,1511
2008,6,7,12,1687
2008,6,7,13,1848
2008,6,7,14,1945
2008,6,7,15,1949
2008,6,7,16,1835
2008,6,7,17,1649
2008,6,7,18,1448
2008,6,7,19,1310
2008,6,7,20,1275
2008,6,7,21,1361
2008,6,7,22,1547
2008,6,7,23,1788
2008,6,8,0,2020
2008,6,8,1,2225
2008,6,8,2,2352
2008,6,8,3,2392
2008,6,8,4,2313
2008,6,8,5,2119
2008,6,8,6,1851
2008,6,8,7,1583
2008,6,8,8,1393
2008,6,8,9,1317
2008,6,8,10,1356
2008,6,8,11,1467
2008,6,8,12,1619
2008,6,8,13,1778
2008,6,8,14,1905
2008,6,8,15,1986
2008,6,8,16,1984
2008,6,8,17,1884
2008,6,8,18,1712
2008,6,8,19,1529
2008,6,8,20,1413
2008,6,8,21,1409
2008,6,8,22,1511
2008,6,8,23,1679
2008,6,9,0,1858
2008,6,9,1,2019
2008,6,9,2,2153
2008,6,9,3,2253
2008,6,9,4,2277
2008,6,9,5,2190
2008,6,9,6,1991
2008,6,9,7,1744
2008,6,9,8,1522
2008,6,9,9,1387
2008,6,9,10,1357
2008,6,9,11,1417
2008,6,9,12,1521
2008,6,9,13,1645
2008,6,9,14,1762
2008,6,9,15,1869
2008,6,9,16,1938
2008,6,9,17,1933
2008,6,9,18,1847
2008,6,9,19,1705
2008,6,9,20,1569
2008,6,9,21,1488
2008,6,9,22,1491
2008,6,9,23,1572
2008,6,10,0,1694
2008,6,10,1,1834
2008,6,10,2,1961
2008,6,10,3,2063
2008,6,10,4,2137
2008,6,10,5,2137
2008,6,10,6,2053
2008,6,10,7,1899
2008,6,10,8,1707
2008,6,10,9,1534
2008,6,10,10,1424
2008,6,10,11,1407
2008,6,10,12,1466
2008,6,10,13,1570
2008,6,10,14,1685
2008,6,10,15,1786
2008,6,10,16,1876
2008,6,10,17,1949
2008,6,10,18,1971
2008,6,10,19,1905
2008,6,10,20,1770
2008,6,10,21,1625
2008,6,10,22,1535
2008,6,10,23,1531
2008,6,11,0,1587
2008,6,11,1,1692
2008,6,11,2,1807
2008,6,11,3,1908
2008,6,11,4,1985
2008,6,11,5,2024
2008,6,11,6,2008
2008,6,11,7,1932
2008,6,11,8,1794
2008,6,11,9,1638
2008,6,11,10,1513
2008,6,11,11,1449
2008,6,11,12,1451
2008,6,11,13,1503
2008,6,11,14,1584
2008,6,11,15,1687
2008,6,11,16,1802
2008,6,11,17,1925
2008,6,11,18,2013
2008,6,11,19,2036
2008,6,11,20,1974
2008,6,11,21,1843
2008,6,11,22,1705
2008,6,11,23,1616
2008,6,12,0,1597
2008,6,12,1,1640
2008,6,12,2,1700
2008,6,12,3,1765
2008,6,12,4,1827
2008,6,12,5,1879
2008,6,12,6,1908
2008,6,12,7,1903
2008,6,12,8,1842
2008,6,12,9,1728
2008,6,12,10,1603
2008,6,12,11,1501
2008,6,12,12,1453
2008,6,12,13,1460
2008,6,12,14,1512
2008,6,12,15,1600
2008,6,12,16,1710
2008,6,12,17,1842
2008,6,12,18,1972
2008,6,12,19,2049
2008,6,12,20,2064
2008,6,12,21,1993
2008,6,12,22,1866
2008,6,12,23,1731
2008,6,13,0,1626
2008,6,13,1,1597
2008,6,13,2,1612
2008,6,13,3,1658
2008,6,13,4,1710
2008,6,13,5,1763
2008,6,13,6,1826
2008,6,13,7,1866
2008,6,13,8,1865
2008,6,13,9,1815
2008,6,13,10,1723
2008,6,13,11,1613
2008,6,13,12,1528
2008,6,13,13,1487
2008,6,13,14,1497
2008,6,13,15,1562
2008,6,13,16,1667
2008,6,13,17,1801
2008,6,13,18,1950
2008,6,13,19,2072
2008,6,13,20,2145
2008,6,13,21,2139
2008,6,13,22,2041
2008,6,13,23,1897
2008,6,14,0,1749
2008,6,14,1,1642
2008,6,14,2,1585
2008,6,14,3,1576
2008,6,14,4,1607
2008,6,14,5,1655
2008,6,14,6,1717
2008,6,14,7,1787
2008,6,14,8,1825
2008,6,14,9,1823
2008,6,14,10,1770
2008,6,14,11,1687
2008,6,14,12,1578
2008,6,14,13,1479
2008,6,14,14,1425
2008,6,14,15,1445
2008,6,14,16,1533
2008,6,14,17,1666
2008,6,14,18,1826
2008,6,14,19,1981
2008,6,14,20,2108
2008,6,14,21,2171
2008,6,14,22,2140
2008,6,14,23,2027
2008,6,15,0,1863
2008,6,15,1,1707
2008,6,15,2,1591
2008,6,15,3,1529
2008,6,15,4,1513
2008,6,15,5,1534
2008,6,15,6,1591
2008,6,15,7,1669
2008,6,15,8,1755
2008,6,15,9,1811
2008,6,15,10,1821
2008,6,15,11,1775
2008,6,15,12,1675
2008,6,15,13,1552
2008,6,15,14,1450
2008,6,15,15,1415
2008,6,15,16,1455
2008,6,15,17,1560
2008,6,15,18,1720
2008,6,15,19,1891
2008,6,15,20,2052
2008,6,15,21,2165
2008,6,15,22,2195
2008,6,15,23,2142
2008,6,16,0,2011
2008,6,16,1,1840
2008,6,16,2,1670
2008,6,16,3,1548
2008,6,16,4,1487
2008,6,16,5,1479
2008,6,16,6,1518
2008,6,16,7,1591
2008,6,16,8,1684
2008,6,16,9,1780
2008,6,16,10,1849
2008,6,16,11,1852
2008,6,16,12,1773
2008,6,16,13,1649
2008,6,16,14,1518
2008,6,16,15,1429
2008,6,16,16,1419
2008,6,16,17,1500
2008,6,16,18,1643
2008,6,16,19,1814
2008,6,16,20,2009
2008,6,16,21,2172
2008,6,16,22,2265
2008,6,16,23,2273
2008,6,17,0,2176
2008,6,17,1,1996
2008,6,17,2,1789
2008,6,17,3,1605
2008,6,17,4,1476
2008,6,17,5,1416
2008,6,17,6,1431
2008,6,17,7,1495
2008,6,17,8,1600
2008,6,17,9,1721
2008,6,17,10,1830
2008,6,17,11,1884
2008,6,17,12,1851
2008,6,17,13,1741
2008,6,17,14,1593
2008,6,17,15,1463
2008,6,17,16,1391
2008,6,17,17,1405
2008,6,17,18,1506
2008,6,17,19,1684
2008,6,17,20,1901
2008,6,17,21,2104
2008,6,17,22,2244
2008,6,17,23,2293
2008,6,18,0,2241
2008,6,18,1,2102
2008,6,18,2,1919
2008,6,18,3,1704
2008,6,18,4,1507
2008,6,18,5,1367
2008,6,18,6,1317
2008,6,18,7,1381
2008,6,18,8,1501
2008,6,18,9,1637
2008,6,18,10,1757
2008,6,18,11,1832
2008,6,18,12,1849
2008,6,18,13,1790
2008,6,18,14,1653
2008,6,18,15,1496
2008,6,18,16,1376
2008,6,18,17,1339
2008,6,18,18,1401
2008,6,18,19,1555
2008,6,18,20,1762
2008,6,18,21,1963
2008,6,18,22,2128
2008,6,18,23,2241
2008,6,19,0,2277
2008,6,19,1,2207
2008,6,19,2,2041
2008,6,19,3,1813
2008,6,19,4,1585
2008,6,19,5,1420
2008,6,19,6,1342
2008,6,19,7,1359
2008,6,19,8,1443
2008,6,19,9,1568
2008,6,19,10,1712
2008,6,19,11,1835
2008,6,19,12,1891
2008,6,19,13,1875
2008,6,19,14,1772
2008,6,19,15,1598
2008,6,19,16,1426
2008,6,19,17,1326
2008,6,19,18,1333
2008,6,19,19,1450
2008,6,19,20,1631
2008,6,19,21,1851
2008,6,19,22,2054
2008,6,19,23,2213
2008,6,20,0,2284
2008,6,20,1,2268
2008,6,20,2,2171
2008,6,20,3,1979
2008,6,20,4,1726
2008,6,20,5,1492
2008,6,20,6,1348
2008,6,20,7,1318
2008,6,20,8,1377
2008,6,20,9,1495
2008,6,20,10,1647
2008,6,20,11,1802
2008,6,20,12,1915
2008,6,20,13,1947
2008,6,20,14,1879
2008,6,20,15,1725
2008,6,20,16,1538
2008,6,20,17,1379
2008,6,20,18,1311
2008,6,20,19,1369
2008,6,20,20,1520
2008,6,20,21,1727
2008,6,20,22,1951
2008,6,20,23,2138
2008,6,21,0,2260
2008,6,21,1,2290
2008,6,21,2,2230
2008,6,21,3,2087
2008,6,21,4,1867
2008,6,21,5,1611
2008,6,21,6,1386
2008,6,21,7,1275
2008,6,21,8,1285
2008,6,21,9,1398
2008,6,21,10,1574
2008,6,21,11,1747
2008,6,21,12,1880
2008,6,21,13,1954
2008,6,21,14,1945
2008,6,21,15,1839
2008,6,21,16,1669
2008,6,21,17,1494
2008,6,21,18,1373
2008,6,21,19,1359
2008,6,21,20,1439
2008,6,21,21,1599
2008,6,21,22,1806
2008,6,21,23,2029
2008,6,22,0,2214
2008,6,22,1,2312
2008,6,22,2,2303
2008,6,22,3,2189
2008,6,22,4,1984
2008,6,22,5,1727
2008,6,22,6,1493
2008,6,22,7,1334
2008,6,22,8,1273
2008,6,22,9,1314
2008,6,22,10,1443
2008,6,22,11,1616
2008,6,22,12,1787
2008,6,22,13,1909
2008,6,22,14,1947
2008,6,22,15,1900
2008,6,22,16,1777
2008,6,22,17,1606
2008,6,22,18,1452
2008,6,22,19,1374
2008,6,22,20,1406
2008,6,22,21,1525
2008,6,22,22,1708
2008,6,22,23,1910
2008,6,23,0,2090
2008,6,23,1,2234
2008,6,23,2,2293
2008,6,23,3,2255
2008,6,23,4,2102
2008,6,23,5,1876
2008,6,23,6,1623
2008,6,23,7,1403
2008,6,23,8,1292
2008,6,23,9,1293
2008,6,23,10,1394
2008,6,23,11,1555
2008,6,23,12,1711
2008,6,23,13,1833
2008,6,23,14,1896
2008,6,23,15,1905
2008,6,23,16,1852
2008,6,23,17,1720
2008,6,23,18,1555
2008,6,23,19,1412
2008,6,23,20,1361
2008,6,23,21,1423
2008,6,23,22,1571
2008,6,23,23,1757
2008,6,24,0,1934
2008,6,24,1,2085
2008,6,24,2,2193
2008,6,24,3,2226
2008,6,24,4,2154
2008,6,24,5,1985
2008,6,24,6,1749
2008,6,24,7,1505
2008,6,24,8,1333
2008,6,24,9,1276
2008,6,24,10,1326
2008,6,24,11,1457
2008,6,24,12,1613
2008,6,24,13,1758
2008,6,24,14,1871
2008,6,24,15,1937
2008,6,24,16,1931
2008,6,24,17,1842
2008,6,24,18,1695
2008,6,24,19,1547
2008,6,24,20,1443
2008,6,24,21,1424
2008,6,24,22,1485
2008,6,24,23,1617
2008,6,25,0,1788
2008,6,25,1,1961
2008,6,25,2,2103
2008,6,25,3,2172
2008,6,25,4,2151
2008,6,25,5,2047
2008,6,25,6,1863
2008,6,25,7,1636
2008,6,25,8,1430
2008,6,25,9,1309
2008,6,25,10,1308
2008,6,25,11,1396
2008,6,25,12,1529
2008,6,25,13,1672
2008,6,25,14,1795
2008,6,25,15,1900
2008,6,25,16,1965
2008,6,25,17,1951
2008,6,25,18,1864
2008,6,25,19,1720
2008,6,25,20,1581
2008,6,25,21,1489
2008,6,25,22,1467
2008,6,25,23,1535
2008,6,26,0,1654
2008,6,26,1,1800
2008,6,26,2,1930
2008,6,26,3,2024
2008,6,26,4,2064
2008,6,26,5,2038
2008,6,26,6,1922
2008,6,26,7,1737
2008,6,26,8,1532
2008,6,26,9,1379
2008,6,26,10,1329
2008,6,26,11,1364
2008,6,26,12,1459
2008,6,26,13,1594
2008,6,26,14,1732
2008,6,26,15,1859
2008,6,26,16,1965
2008,6,26,17,2007
2008,6,26,18,1983
2008,6,26,19,1900
2008,6,26,20,1769
2008,6,26,21,1641
2008,6,26,22,1549
2008,6,26,23,1537
2008,6,27,0,1578
2008,6,27,1,1656
2008,6,27,2,1762
2008,6,27,3,1872
2008,6,27,4,1946
2008,6,27,5,1970
2008,6,27,6,1912
2008,6,27,7,1788
2008,6,27,8,1619
2008,6,27,9,1449
2008,6,27,10,1344
2008,6,27,11,1313
2008,6,27,12,1365
2008,6,27,13,1473
2008,6,27,14,1608
2008,6,27,15,1750
2008,6,27,16,1889
2008,6,27,17,2005
2008,6,27,18,2069
2008,6,27,19,2065
2008,6,27,20,1974
2008,6,27,21,1837
2008,6,27,22,1692
2008,6,27,23,1599
2008,6,28,0,1560
2008,6,28,1,1572
2008,6,28,2,1638
2008,6,28,3,1724
2008,6,28,4,1809
2008,6,28,5,1882
2008,6,28,6,1919
2008,6,28,7,1884
2008,6,28,8,1776
2008,6,28,9,1621
2008,6,28,10,1487
2008,6,28,11,1405
2008,6,28,12,1390
2008,6,28,13,1436
2008,6,28,14,1530
2008,6,28,15,1663
2008,6,28,16,1821
2008,6,28,17,1973
2008,6,28,18,2107
2008,6,28,19,2182
2008,6,28,20,2171
2008,6,28,21,2064
2008,6,28,22,1895
2008,6,28,23,1730
2008,6,29,0,1603
2008,6,29,1,1545
2008,6,29,2,1554
2008,6,29,3,1597
2008,6,29,4,1655
2008,6,29,5,1720
2008,6,29,6,1795
2008,6,29,7,1855
2008,6,29,8,1858
2008,6,29,9,1770
2008,6,29,10,1624
2008,6,29,11,1495
2008,6,29,12,1408
2008,6,29,13,1369
2008,6,29,14,1406
2008,6,29,15,1514
2008,6,29,16,1662
2008,6,29,17,1836
2008,6,29,18,2015
2008,6,29,19,2166
2008,6,29,20,2255
2008,6,29,21,2240
2008,6,29,22,2122
2008,6,29,23,1949
2008,6,30,0,1759
2008,6,30,1,1599
2008,6,30,2,1492
2008,6,30,3,1444
2008,6,30,4,1448
2008,6,30,5,1506
2008,6,30,6,1600
2008,6,30,7,1703
2008,6,30,8,1781
2008,6,30,9,1793
2008,6,30,10,1739
2008,6,30,11,1620
2008,6,30,12,1478
2008,6,30,13,1360
2008,6,30,14,1306
2008,6,30,15,1347
2008,6,30,16,1465
2008,6,30,17,1637
2008,6,30,18,1841
2008,6,30,19,2045
2008,6,30,20,2219
2008,6,30,21,2320
2008,6,30,22,2305
2008,6,30,23,2181
2008,7,1,0,1975
2008,7,1,1,1743
2008,7,1,2,1544
2008,7,1,3,1413
2008,7,1,4,1361
2008,7,1,5,1378
2008,7,1,6,1443
2008,7,1,7,1545
2008,7,1,8,1671
2008,7,1,9,1783
2008,7,1,10,1839
2008,7,1,11,1793
2008,7,1,12,1655
2008,7,1,13,1478
2008,7,1,14,1335
2008,7,1,15,1280
2008,7,1,16,1316
2008,7,1,17,1436
2008,7,1,18,1628
2008,7,1,19,1866
2008,7,1,20,2109
2008,7,1,21,2303
2008,7,1,22,2402
2008,7,1,23,2372
2008,7,2,0,2220
2008,7,2,1,1983
2008,7,2,2,1732
2008,7,2,3,1503
2008,7,2,4,1340
2008,7,2,5,1263
2008,7,2,6,1268
2008,7,2,7,1367
2008,7,2,8,1522
2008,7,2,9,1691
2008,7,2,10,1830
2008,7,2,11,1877
2008,7,2,12,1815
2008,7,2,13,1658
2008,7,2,14,1457
2008,7,2,15,1289
2008,7,2,16,1206
2008,7,2,17,1241
2008,7,2,18,1387
2008,7,2,19,1609
2008,7,2,20,1869
2008,7,2,21,2132
2008,7,2,22,2341
2008,7,2,23,2440
2008,7,3,0,2393
2008,7,3,1,2223
2008,7,3,2,1960
2008,7,3,3,1676
2008,7,3,4,1432
2008,7,3,5,1273
2008,7,3,6,1210
2008,7,3,7,1239
2008,7,3,8,1357
2008,7,3,9,1540
2008,7,3,10,1754
2008,7,3,11,1911
2008,7,3,12,1951
2008,7,3,13,1849
2008,7,3,14,1637
2008,7,3,15,1424
2008,7,3,16,1256
2008,7,3,17,1189
2008,7,3,18,1249
2008,7,3,19,1416
2008,7,3,20,1656
2008,7,3,21,1933
2008,7,3,22,2193
2008,7,3,23,2399
2008,7,4,0,2485
2008,7,4,1,2433
2008,7,4,2,2246
2008,7,4,3,1965
2008,7,4,4,1655
2008,7,4,5,1387
2008,7,4,6,1231
2008,7,4,7,1202
2008,7,4,8,1287
2008,7,4,9,1450
2008,7,4,10,1665
2008,7,4,11,1875
2008,7,4,12,2024
2008,7,4,13,2055
2008,7,4,14,1940
2008,7,4,15,1725
2008,7,4,16,1481
2008,7,4,17,1298
2008,7,4,18,1228
2008,7,4,19,1295
2008,7,4,20,1483
2008,7,4,21,1739
2008,7,4,22,2010
2008,7,4,23,2262
2008,7,5,0,2446
2008,7,5,1,2514
2008,7,5,2,2435
2008,7,5,3,2222
2008,7,5,4,1917
2008,7,5,5,1600
2008,7,5,6,1355
2008,7,5,7,1236
2008,7,5,8,1236
2008,7,5,9,1338
2008,7,5,10,1537
2008,7,5,11,1769
2008,7,5,12,1979
2008,7,5,13,2097
2008,7,5,14,2087
2008,7,5,15,1946
2008,7,5,16,1714
2008,7,5,17,1473
2008,7,5,18,1309
2008,7,5,19,1269
2008,7,5,20,1358
2008,7,5,21,1537
2008,7,5,22,1774
2008,7,5,23,2036
2008,7,6,0,2270
2008,7,6,1,2432
2008,7,6,2,2465
2008,7,6,3,2354
2008,7,6,4,2125
2008,7,6,5,1819
2008,7,6,6,1527
2008,7,6,7,1330
2008,7,6,8,1251
2008,7,6,9,1289
2008,7,6,10,1429
2008,7,6,11,1628
2008,7,6,12,1842
2008,7,6,13,2021
2008,7,6,14,2116
2008,7,6,15,2090
2008,7,6,16,1935
2008,7,6,17,1706
2008,7,6,18,1479
2008,7,6,19,1337
2008,7,6,20,1332
2008,7,6,21,1437
2008,7,6,22,1607
2008,7,6,23,1818
2008,7,7,0,2037
2008,7,7,1,2228
2008,7,7,2,2347
2008,7,7,3,2353
2008,7,7,4,2219
2008,7,7,5,1982
2008,7,7,6,1698
2008,7,7,7,1444
2008,7,7,8,1281
2008,7,7,9,1246
2008,7,7,10,1332
2008,7,7,11,1497
2008,7,7,12,1701
2008,7,7,13,1895
2008,7,7,14,2019
2008,7,7,15,2064
2008,7,7,16,2006
2008,7,7,17,1838
2008,7,7,18,1625
2008,7,7,19,1439
2008,7,7,20,1341
2008,7,7,21,1349
2008,7,7,22,1447
2008,7,7,23,1620
2008,7,8,0,1820
2008,7,8,1,1992
2008,7,8,2,2127
2008,7,8,3,2195
2008,7,8,4,2155
2008,7,8,5,2008
2008,7,8,6,1784
2008,7,8,7,1532
2008,7,8,8,1321
2008,7,8,9,1223
2008,7,8,10,1255
2008,7,8,11,1382
2008,7,8,12,1560
2008,7,8,13,1743
2008,7,8,14,1893
2008,7,8,15,2010
2008,7,8,16,2053
2008,7,8,17,2007
2008,7,8,18,1859
2008,7,8,19,1658
2008,7,8,20,1495
2008,7,8,21,1409
2008,7,8,22,1431
2008,7,8,23,1533
2008,7,9,0,1682
2008,7,9,1,1840
2008,7,9,2,1967
2008,7,9,3,2054
2008,7,9,4,2075
2008,7,9,5,2005
2008,7,9,6,1847
2008,7,9,7,1635
2008,7,9,8,1435
2008,7,9,9,1308
2008,7,9,10,1280
2008,7,9,11,1346
2008,7,9,12,1478
2008,7,9,13,1643
2008,7,9,14,1788
2008,7,9,15,1906
2008,7,9,16,1991
2008,7,9,17,2022
2008,7,9,18,1970
2008,7,9,19,1820
2008,7,9,20,1635
2008,7,9,21,1496
2008,7,9,22,1440
2008,7,9,23,1470
2008,7,10,0,1553
2008,7,10,1,1664
2008,7,10,2,1776
2008,7,10,3,1856
2008,7,10,4,1896
2008,7,10,5,1894
2008,7,10,6,1825
2008,7,10,7,1682
2008,7,10,8,1497
2008,7,10,9,1343
2008,7,10,10,1274
2008,7,10,11,1296
2008,7,10,12,1379
2008,7,10,13,1504
2008,7,10,14,1642
2008,7,10,15,1775
2008,7,10,16,1893
2008,7,10,17,1971
2008,7,10,18,1983
2008,7,10,19,1912
2008,7,10,20,1777
2008,7,10,21,1626
2008,7,10,22,1509
2008,7,10,23,1472
2008,7,11,0,1499
2008,7,11,1,1565
2008,7,11,2,1647
2008,7,11,3,1728
2008,7,11,4,1792
2008,7,11,5,1832
2008,7,11,6,1817
2008,7,11,7,1747
2008,7,11,8,1637
2008,7,11,9,1508
2008,7,11,10,1424
2008,7,11,11,1404
2008,7,11,12,1444
2008,7,11,13,1527
2008,7,11,14,1633
2008,7,11,15,1760
2008,7,11,16,1880
2008,7,11,17,1972
2008,7,11,18,2033
2008,7,11,19,2038
2008,7,11,20,1976
2008,7,11,21,1868
2008,7,11,22,1741
2008,7,11,23,1651
2008,7,12,0,1611
2008,7,12,1,1608
2008,7,12,2,1644
2008,7,12,3,1690
2008,7,12,4,1732
2008,7,12,5,1756
2008,7,12,6,1766
2008,7,12,7,1750
2008,7,12,8,1702
2008,7,12,9,1614
2008,7,12,10,1529
2008,7,12,11,1464
2008,7,12,12,1456
2008,7,12,13,1492
2008,7,12,14,1559
2008,7,12,15,1652
2008,7,12,16,1754
2008,7,12,17,1864
2008,7,12,18,1964
2008,7,12,19,2045
2008,7,12,20,2059
2008,7,12,21,1993
2008,7,12,22,1874
2008,7,12,23,1750
2008,7,13,0,1658
2008,7,13,1,1622
2008,7,13,2,1616
2008,7,13,3,1619
2008,7,13,4,1626
2008,7,13,5,1640
2008,7,13,6,1673
2008,7,13,7,1711
2008,7,13,8,1719
2008,7,13,9,1673
2008,7,13,10,1606
2008,7,13,11,1540
2008,7,13,12,1490
2008,7,13,13,1469
2008,7,13,14,1484
2008,7,13,15,1543
2008,7,13,16,1631
2008,7,13,17,1740
2008,7,13,18,1876
2008,7,13,19,1989
2008,7,13,20,2051
2008,7,13,21,2052
2008,7,13,22,1983
2008,7,13,23,1868
2008,7,14,0,1738
2008,7,14,1,1618
2008,7,14,2,1545
2008,7,14,3,1514
2008,7,14,4,1516
2008,7,14,5,1536
2008,7,14,6,1564
2008,7,14,7,1604
2008,7,14,8,1644
2008,7,14,9,1657
2008,7,14,10,1641
2008,7,14,11,1594
2008,7,14,12,1524
2008,7,14,13,1453
2008,7,14,14,1402
2008,7,14,15,1417
2008,7,14,16,1499
2008,7,14,17,1628
2008,7,14,18,1784
2008,7,14,19,1926
2008,7,14,20,2032
2008,7,14,21,2096
2008,7,14,22,2101
2008,7,14,23,2028
2008,7,15,0,1904
2008,7,15,1,1766
2008,7,15,2,1637
2008,7,15,3,1532
2008,7,15,4,1477
2008,7,15,5,1471
2008,7,15,6,1503
2008,7,15,7,1570
2008,7,15,8,1650
2008,7,15,9,1723
2008,7,15,10,1757
2008,7,15,11,1742
2008,7,15,12,1673
2008,7,15,13,1571
2008,7,15,14,1485
2008,7,15,15,1439
2008,7,15,16,1461
2008,7,15,17,1548
2008,7,15,18,1693
2008,7,15,19,1871
2008,7,15,20,2039
2008,7,15,21,2162
2008,7,15,22,2210
2008,7,15,23,2176
2008,7,16,0,2067
2008,7,16,1,1908
2008,7,16,2,1744
2008,7,16,3,1590
2008,7,16,4,1489
2008,7,16,5,1451
2008,7,16,6,1475
2008,7,16,7,1545
2008,7,16,8,1636
2008,7,16,9,1738
2008,7,16,10,1820
2008,7,16,11,1854
2008,7,16,12,1809
2008,7,16,13,1695
2008,7,16,14,1554
2008,7,16,15,1452
2008,7,16,16,1419
2008,7,16,17,1469
2008,7,16,18,1600
2008,7,16,19,1770
2008,7,16,20,1956
2008,7,16,21,2130
2008,7,16,22,2250
2008,7,16,23,2287
2008,7,17,0,2217
2008,7,17,1,2062
2008,7,17,2,1857
2008,7,17,3,1653
2008,7,17,4,1497
2008,7,17,5,1403
2008,7,17,6,1375
2008,7,17,7,1424
2008,7,17,8,1533
2008,7,17,9,1663
2008,7,17,10,1788
2008,7,17,11,1863
2008,7,17,12,1862
2008,7,17,13,1777
2008,7,17,14,1625
2008,7,17,15,1471
2008,7,17,16,1359
2008,7,17,17,1356
2008,7,17,18,1462
2008,7,17,19,1624
2008,7,17,20,1821
2008,7,17,21,2027
2008,7,17,22,2204
2008,7,17,23,2308
2008,7,18,0,2298
2008,7,18,1,2191
2008,7,18,2,1986
2008,7,18,3,1745
2008,7,18,4,1539
2008,7,18,5,1392
2008,7,18,6,1331
2008,7,18,7,1363
2008,7,18,8,1471
2008,7,18,9,1622
2008,7,18,10,1775
2008,7,18,11,1895
2008,7,18,12,1942
2008,7,18,13,1891
2008,7,18,14,1748
2008,7,18,15,1569
2008,7,18,16,1405
2008,7,18,17,1318
2008,7,18,18,1350
2008,7,18,19,1485
2008,7,18,20,1682
2008,7,18,21,1919
2008,7,18,22,2134
2008,7,18,23,2284
2008,7,19,0,2337
2008,7,19,1,2287
2008,7,19,2,2133
2008,7,19,3,1904
2008,7,19,4,1658
2008,7,19,5,1455
2008,7,19,6,1349
2008,7,19,7,1340
2008,7,19,8,1414
2008,7,19,9,1551
2008,7,19,10,1727
2008,7,19,11,1908
2008,7,19,12,2033
2008,7,19,13,2053
2008,7,19,14,1940
2008,7,19,15,1744
2008,7,19,16,1542
2008,7,19,17,1406
2008,7,19,18,1376
2008,7,19,19,1450
2008,7,19,20,1604
2008,7,19,21,1817
2008,7,19,22,2053
2008,7,19,23,2265
2008,7,20,0,2392
2008,7,20,1,2398
2008,7,20,2,2296
2008,7,20,3,2097
2008,7,20,4,1841
2008,7,20,5,1581
2008,7,20,6,1389
2008,7,20,7,1325
2008,7,20,8,1362
2008,7,20,9,1481
2008,7,20,10,1660
2008,7,20,11,1857
2008,7,20,12,2015
2008,7,20,13,2081
2008,7,20,14,2042
2008,7,20,15,1884
2008,7,20,16,1666
2008,7,20,17,1475
2008,7,20,18,1364
2008,7,20,19,1378
2008,7,20,20,1504
2008,7,20,21,1697
2008,7,20,22,1923
2008,7,20,23,2143
2008,7,21,0,2319
2008,7,21,1,2417
2008,7,21,2,2398
2008,7,21,3,2255
2008,7,21,4,2012
2008,7,21,5,1722
2008,7,21,6,1486
2008,7,21,7,1371
2008,7,21,8,1368
2008,7,21,9,1458
2008,7,21,10,1623
2008,7,21,11,1826
2008,7,21,12,2007
2008,7,21,13,2128
2008,7,21,14,2162
2008,7,21,15,2092
2008,7,21,16,1921
2008,7,21,17,1695
2008,7,21,18,1511
2008,7,21,19,1428
2008,7,21,20,1474
2008,7,21,21,1611
2008,7,21,22,1802
2008,7,21,23,2023
2008,7,22,0,2223
2008,7,22,1,2363
2008,7,22,2,2403
2008,7,22,3,2336
2008,7,22,4,2149
2008,7,22,5,1875
2008,7,22,6,1605
2008,7,22,7,1423
2008,7,22,8,1366
2008,7,22,9,1425
2008,7,22,10,1573
2008,7,22,11,1772
2008,7,22,12,1969
2008,7,22,13,2132
2008,7,22,14,2226
2008,7,22,15,2219
2008,7,22,16,2102
2008,7,22,17,1890
2008,7,22,18,1677
2008,7,22,19,1531
2008,7,22,20,1504
2008,7,22,21,1571
2008,7,22,22,1726
2008,7,22,23,1914
2008,7,23,0,2102
2008,7,23,1,2268
2008,7,23,2,2361
2008,7,23,3,2351
2008,7,23,4,2231
2008,7,23,5,2012
2008,7,23,6,1752
2008,7,23,7,1526
2008,7,23,8,1402
2008,7,23,9,1395
2008,7,23,10,1506
2008,7,23,11,1702
2008,7,23,12,1919
2008,7,23,13,2113
2008,7,23,14,2249
2008,7,23,15,2296
2008,7,23,16,2249
2008,7,23,17,2117
2008,7,23,18,1917
2008,7,23,19,1732
2008,7,23,20,1612
2008,7,23,21,1590
2008,7,23,22,1655
2008,7,23,23,1790
2008,7,24,0,1957
2008,7,24,1,2129
2008,7,24,2,2255
2008,7,24,3,2304
2008,7,24,4,2250
2008,7,24,5,2093
2008,7,24,6,1862
2008,7,24,7,1615
2008,7,24,8,1445
2008,7,24,9,1383
2008,7,24,10,1433
2008,7,24,11,1579
2008,7,24,12,1775
2008,7,24,13,1983
2008,7,24,14,2149
2008,7,24,15,2254
2008,7,24,16,2288
2008,7,24,17,2224
2008,7,24,18,2081
2008,7,24,19,1906
2008,7,24,20,1743
2008,7,24,21,1642
2008,7,24,22,1616
2008,7,24,23,1680
2008,7,25,0,1805
2008,7,25,1,1942
2008,7,25,2,2055
2008,7,25,3,2112
2008,7,25,4,2120
2008,7,25,5,2070
2008,7,25,6,1938
2008,7,25,7,1736
2008,7,25,8,1535
2008,7,25,9,1410
2008,7,25,10,1394
2008,7,25,11,1489
2008,7,25,12,1653
2008,7,25,13,1842
2008,7,25,14,2013
2008,7,25,15,2145
2008,7,25,16,2256
2008,7,25,17,2294
2008,7,25,18,2233
2008,7,25,19,2067
2008,7,25,20,1894
2008,7,25,21,1742
2008,7,25,22,1672
2008,7,25,23,1679
2008,7,26,0,1737
2008,7,26,1,1816
2008,7,26,2,1910
2008,7,26,3,2001
2008,7,26,4,2053
2008,7,26,5,2053
2008,7,26,6,1977
2008,7,26,7,1820
2008,7,26,8,1642
2008,7,26,9,1498
2008,7,26,10,1439
2008,7,26,11,1469
2008,7,26,12,1561
2008,7,26,13,1714
2008,7,26,14,1886
2008,7,26,15,2043
2008,7,26,16,2178
2008,7,26,17,2266
2008,7,26,18,2275
2008,7,26,19,2205
2008,7,26,20,2072
2008,7,26,21,1925
2008,7,26,22,1802
2008,7,26,23,1728
2008,7,27,0,1708
2008,7,27,1,1732
2008,7,27,2,1775
2008,7,27,3,1824
2008,7,27,4,1885
2008,7,27,5,1934
2008,7,27,6,1945
2008,7,27,7,1876
2008,7,27,8,1747
2008,7,27,9,1606
2008,7,27,10,1510
2008,7,27,11,1485
2008,7,27,12,1518
2008,7,27,13,1595
2008,7,27,14,1700
2008,7,27,15,1830
2008,7,27,16,1976
2008,7,27,17,2135
2008,7,27,18,2251
2008,7,27,19,2289
2008,7,27,20,2226
2008,7,27,21,2095
2008,7,27,22,1946
2008,7,27,23,1820
2008,7,28,0,1728
2008,7,28,1,1680
2008,7,28,2,1660
2008,7,28,3,1670
2008,7,28,4,1719
2008,7,28,5,1790
2008,7,28,6,1858
2008,7,28,7,1883
2008,7,28,8,1844
2008,7,28,9,1745
2008,7,28,10,1634
2008,7,28,11,1547
2008,7,28,12,1496
2008,7,28,13,1494
2008,7,28,14,1544
2008,7,28,15,1644
2008,7,28,16,1781
2008,7,28,17,1956
2008,7,28,18,2124
2008,7,28,19,2245
2008,7,28,20,2291
2008,7,28,21,2253
2008,7,28,22,2144
2008,7,28,23,2005
2008,7,29,0,1854
2008,7,29,1,1728
2008,7,29,2,1664
2008,7,29,3,1645
2008,7,29,4,1661
2008,7,29,5,1687
2008,7,29,6,1737
2008,7,29,7,1810
2008,7,29,8,1870
2008,7,29,9,1877
2008,7,29,10,1823
2008,7,29,11,1729
2008,7,29,12,1625
2008,7,29,13,1545
2008,7,29,14,1513
2008,7,29,15,1547
2008,7,29,16,1641
2008,7,29,17,1787
2008,7,29,18,1972
2008,7,29,19,2158
2008,7,29,20,2304
2008,7,29,21,2374
2008,7,29,22,2348
2008,7,29,23,2232
2008,7,30,0,2067
2008,7,30,1,1872
2008,7,30,2,1704
2008,7,30,3,1599
2008,7,30,4,1559
2008,7,30,5,1581
2008,7,30,6,1639
2008,7,30,7,1732
2008,7,30,8,1836
2008,7,30,9,1922
2008,7,30,10,1963
2008,7,30,11,1936
2008,7,30,12,1829
2008,7,30,13,1681
2008,7,30,14,1542
2008,7,30,15,1469
2008,7,30,16,1488
2008,7,30,17,1590
2008,7,30,18,1765
2008,7,30,19,1974
2008,7,30,20,2189
2008,7,30,21,2371
2008,7,30,22,2452
2008,7,30,23,2426
2008,7,31,0,2300
2008,7,31,1,2103
2008,7,31,2,1887
2008,7,31,3,1696
2008,7,31,4,1570
2008,7,31,5,1521
2008,7,31,6,1544
2008,7,31,7,1635
2008,7,31,8,1776
2008,7,31,9,1938
2008,7,31,10,2064
2008,7,31,11,2107
2008,7,31,12,2044
2008,7,31,13,1880
2008,7,31,14,1673
2008,7,31,15,1505
2008,7,31,16,1420
2008,7,31,17,1437
2008,7,31,18,1562
2008,7,31,19,1772
2008,7,31,20,2034
2008,7,31,21,2290
2008,7,31,22,2479
2008,7,31,23,2557
2008,8,1,0,2513
2008,8,1,1,2350
2008,8,1,2,2106
2008,8,1,3,1843
2008,8,1,4,1626
2008,8,1,5,1500
2008,8,1,6,1479
2008,8,1,7,1540
2008,8,1,8,1674
2008,8,1,9,1859
2008,8,1,10,2059
2008,8,1,11,2211
2008,8,1,12,2248
2008,8,1,13,2137
2008,8,1,14,1908
2008,8,1,15,1657
2008,8,1,16,1468
2008,8,1,17,1389
2008,8,1,18,1426
2008,8,1,19,1568
2008,8,1,20,1795
2008,8,1,21,2074
2008,8,1,22,2354
2008,8,1,23,2557
2008,8,2,0,2631
2008,8,2,1,2563
2008,8,2,2,2353
2008,8,2,3,2115
2008,8,2,4,1764
2008,8,2,5,1594
2008,8,2,6,1473
2008,8,2,7,1474
2008,8,2,8,1566
2008,8,2,9,1741
2008,8,2,10,1967
2008,8,2,11,2179
2008,8,2,12,2318
2008,8,2,13,2315
2008,8,2,14,2150
2008,8,2,15,1882
2008,8,2,16,1602
2008,8,2,17,1395
2008,8,2,18,1324
2008,8,2,19,1404
2008,8,2,20,1602
2008,8,2,21,1861
2008,8,2,22,2141
2008,8,2,23,2389
2008,8,3,0,2545
2008,8,3,1,2590
2008,8,3,2,2508
2008,8,3,3,2282
2008,8,3,4,1979
2008,8,3,5,1680
2008,8,3,6,1472
2008,8,3,7,1394
2008,8,3,8,1444
2008,8,3,9,1598
2008,8,3,10,1816
2008,8,3,11,2047
2008,8,3,12,2246
2008,8,3,13,2355
2008,8,3,14,2313
2008,8,3,15,2129
2008,8,3,16,1845
2008,8,3,17,1551
2008,8,3,18,1349
2008,8,3,19,1298
2008,8,3,20,1408
2008,8,3,21,1628
2008,8,3,22,1906
2008,8,3,23,2172
2008,8,4,0,2378
2008,8,4,1,2492
2008,8,4,2,2498
2008,8,4,3,2370
2008,8,4,4,2117
2008,8,4,5,1798
2008,8,4,6,1517
2008,8,4,7,1364
2008,8,4,8,1367
2008,8,4,9,1496
2008,8,4,10,1716
2008,8,4,11,1960
2008,8,4,12,2169
2008,8,4,13,2311
2008,8,4,14,2361
2008,8,4,15,2296
2008,8,4,16,2096
2008,8,4,17,1811
2008,8,4,18,1536
2008,8,4,19,1372
2008,8,4,20,1370
2008,8,4,21,1499
2008,8,4,22,1725
2008,8,4,23,1968
2008,8,5,0,2179
2008,8,5,1,2323
2008,8,5,2,2386
2008,8,5,3,2349
2008,8,5,4,2190
2008,8,5,5,1936
2008,8,5,6,1639
2008,8,5,7,1398
2008,8,5,8,1316
2008,8,5,9,1400
2008,8,5,10,1606
2008,8,5,11,1854
2008,8,5,12,2079
2008,8,5,13,2236
2008,8,5,14,2319
2008,8,5,15,2330
2008,8,5,16,2232
2008,8,5,17,2023
2008,8,5,18,1754
2008,8,5,19,1529
2008,8,5,20,1417
2008,8,5,21,1454
2008,8,5,22,1597
2008,8,5,23,1795
2008,8,6,0,1985
2008,8,6,1,2136
2008,8,6,2,2241
2008,8,6,3,2265
2008,8,6,4,2185
2008,8,6,5,2002
2008,8,6,6,1750
2008,8,6,7,1515
2008,8,6,8,1388
2008,8,6,9,1391
2008,8,6,10,1502
2008,8,6,11,1724
2008,8,6,12,1960
2008,8,6,13,2140
2008,8,6,14,2246
2008,8,6,15,2289
2008,8,6,16,2246
2008,8,6,17,2114
2008,8,6,18,1917
2008,8,6,19,1697
2008,8,6,20,1529
2008,8,6,21,1486
2008,8,6,22,1550
2008,8,6,23,1690
2008,8,7,0,1842
2008,8,7,1,1976
2008,8,7,2,2059
2008,8,7,3,2107
2008,8,7,4,2097
2008,8,7,5,1975
2008,8,7,6,1763
2008,8,7,7,1547
2008,8,7,8,1397
2008,8,7,9,1350
2008,8,7,10,1419
2008,8,7,11,1577
2008,8,7,12,1767
2008,8,7,13,1948
2008,8,7,14,2082
2008,8,7,15,2173
2008,8,7,16,2197
2008,8,7,17,2142
2008,8,7,18,2008
2008,8,7,19,1815
2008,8,7,20,1637
2008,8,7,21,1537
2008,8,7,22,1537
2008,8,7,23,1617
2008,8,8,0,1726
2008,8,8,1,1835
2008,8,8,2,1906
2008,8,8,3,1936
2008,8,8,4,1959
2008,8,8,5,1932
2008,8,8,6,1830
2008,8,8,7,1655
2008,8,8,8,1474
2008,8,8,9,1379
2008,8,8,10,1410
2008,8,8,11,1535
2008,8,8,12,1702
2008,8,8,13,1858
2008,8,8,14,1969
2008,8,8,15,2057
2008,8,8,16,2105
2008,8,8,17,2125
2008,8,8,18,2079
2008,8,8,19,1952
2008,8,8,20,1776
2008,8,8,21,1623
2008,8,8,22,1566
2008,8,8,23,1604
2008,8,9,0,1683
2008,8,9,1,1760
2008,8,9,2,1805
2008,8,9,3,1820
2008,8,9,4,1828
2008,8,9,5,1810
2008,8,9,6,1767
2008,8,9,7,1673
2008,8,9,8,1550
2008,8,9,9,1446
2008,8,9,10,1428
2008,8,9,11,1501
2008,8,9,12,1630
2008,8,9,13,1770
2008,8,9,14,1878
2008,8,9,15,1963
2008,8,9,16,2017
2008,8,9,17,2059
2008,8,9,18,2066
2008,8,9,19,2018
2008,8,9,20,1918
2008,8,9,21,1799
2008,8,9,22,1699
2008,8,9,23,1651
2008,8,10,0,1661
2008,8,10,1,1708
2008,8,10,2,1764
2008,8,10,3,1785
2008,8,10,4,1784
2008,8,10,5,1778
2008,8,10,6,1758
2008,8,10,7,1727
2008,8,10,8,1672
2008,8,10,9,1601
2008,8,10,10,1559
2008,8,10,11,1554
2008,8,10,12,1598
2008,8,10,13,1678
2008,8,10,14,1779
2008,8,10,15,1874
2008,8,10,16,1937
2008,8,10,17,1991
2008,8,10,18,2033
2008,8,10,19,2045
2008,8,10,20,2020
2008,8,10,21,1945
2008,8,10,22,1849
2008,8,10,23,1754
2008,8,11,0,1692
2008,8,11,1,1676
2008,8,11,2,1691
2008,8,11,3,1700
2008,8,11,4,1703
2008,8,11,5,1699
2008,8,11,6,1702
2008,8,11,7,1710
2008,8,11,8,1709
2008,8,11,9,1678
2008,8,11,10,1634
2008,8,11,11,1605
2008,8,11,12,1603
2008,8,11,13,1627
2008,8,11,14,1681
2008,8,11,15,1752
2008,8,11,16,1821
2008,8,11,17,1899
2008,8,11,18,1989
2008,8,11,19,2062
2008,8,11,20,2091
2008,8,11,21,2065
2008,8,11,22,1992
2008,8,11,23,1904
2008,8,12,0,1815
2008,8,12,1,1743
2008,8,12,2,1692
2008,8,12,3,1667
2008,8,12,4,1660
2008,8,12,5,1663
2008,8,12,6,1688
2008,8,12,7,1726
2008,8,12,8,1766
2008,8,12,9,1778
2008,8,12,10,1750
2008,8,12,11,1697
2008,8,12,12,1648
2008,8,12,13,1621
2008,8,12,14,1620
2008,8,12,15,1648
2008,8,12,16,1702
2008,8,12,17,1794
2008,8,12,18,1919
2008,8,12,19,2049
2008,8,12,20,2127
2008,8,12,21,2156
2008,8,12,22,2116
2008,8,12,23,2035
2008,8,13,0,1920
2008,8,13,1,1794
2008,8,13,2,1689
2008,8,13,3,1605
2008,8,13,4,1587
2008,8,13,5,1610
2008,8,13,6,1655
2008,8,13,7,1729
2008,8,13,8,1804
2008,8,13,9,1858
2008,8,13,10,1872
2008,8,13,11,1839
2008,8,13,12,1769
2008,8,13,13,1679
2008,8,13,14,1600
2008,8,13,15,1577
2008,8,13,16,1605
2008,8,13,17,1688
2008,8,13,18,1828
2008,8,13,19,1992
2008,8,13,20,2145
2008,8,13,21,2249
2008,8,13,22,2286
2008,8,13,23,2245
2008,8,14,0,2112
2008,8,14,1,1941
2008,8,14,2,1767
2008,8,14,3,1621
2008,8,14,4,1547
2008,8,14,5,1541
2008,8,14,6,1593
2008,8,14,7,1687
2008,8,14,8,1795
2008,8,14,9,1895
2008,8,14,10,1953
2008,8,14,11,1958
2008,8,14,12,1909
2008,8,14,13,1798
2008,8,14,14,1647
2008,8,14,15,1539
2008,8,14,16,1517
2008,8,14,17,1575
2008,8,14,18,1716
2008,8,14,19,1892
2008,8,14,20,2071
2008,8,14,21,2231
2008,8,14,22,2333
2008,8,14,23,2334
2008,8,15,0,2233
2008,8,15,1,2058
2008,8,15,2,1856
2008,8,15,3,1660
2008,8,15,4,1531
2008,8,15,5,1481
2008,8,15,6,1503
2008,8,15,7,1581
2008,8,15,8,1710
2008,8,15,9,1854
2008,8,15,10,1979
2008,8,15,11,2049
2008,8,15,12,2017
2008,8,15,13,1900
2008,8,15,14,1736
2008,8,15,15,1581
2008,8,15,16,1489
2008,8,15,17,1487
2008,8,15,18,1585
2008,8,15,19,1753
2008,8,15,20,1948
2008,8,15,21,2132
2008,8,15,22,2278
2008,8,15,23,2365
2008,8,16,0,2344
2008,8,16,1,2210
2008,8,16,2,1993
2008,8,16,3,1747
2008,8,16,4,1547
2008,8,16,5,1439
2008,8,16,6,1433
2008,8,16,7,1505
2008,8,16,8,1639
2008,8,16,9,1815
2008,8,16,10,1986
2008,8,16,11,2107
2008,8,16,12,2138
2008,8,16,13,2055
2008,8,16,14,1880
2008,8,16,15,1682
2008,8,16,16,1506
2008,8,16,17,1425
2008,8,16,18,1466
2008,8,16,19,1613
2008,8,16,20,1819
2008,8,16,21,2038
2008,8,16,22,2232
2008,8,16,23,2357
2008,8,17,0,2388
2008,8,17,1,2319
2008,8,17,2,2131
2008,8,17,3,1865
2008,8,17,4,1595
2008,8,17,5,1405
2008,8,17,6,1342
2008,8,17,7,1395
2008,8,17,8,1534
2008,8,17,9,1725
2008,8,17,10,1925
2008,8,17,11,2097
2008,8,17,12,2187
2008,8,17,13,2163
2008,8,17,14,2013
2008,8,17,15,1789
2008,8,17,16,1563
2008,8,17,17,1404
2008,8,17,18,1367
2008,8,17,19,1465
2008,8,17,20,1649
2008,8,17,21,1867
2008,8,17,22,2092
2008,8,17,23,2271
2008,8,18,0,2378
2008,8,18,1,2384
2008,8,18,2,2258
2008,8,18,3,2004
2008,8,18,4,1696
2008,8,18,5,1428
2008,8,18,6,1289
2008,8,18,7,1308
2008,8,18,8,1437
2008,8,18,9,1634
2008,8,18,10,1863
2008,8,18,11,2068
2008,8,18,12,2204
2008,8,18,13,2242
2008,8,18,14,2175
2008,8,18,15,1990
2008,8,18,16,1730
2008,8,18,17,1495
2008,8,18,18,1356
2008,8,18,19,1364
2008,8,18,20,1499
2008,8,18,21,1719
2008,8,18,22,1956
2008,8,18,23,2171
2008,8,19,0,2315
2008,8,19,1,2369
2008,8,19,2,2306
2008,8,19,3,2117
2008,8,19,4,1841
2008,8,19,5,1548
2008,8,19,6,1330
2008,8,19,7,1262
2008,8,19,8,1341
2008,8,19,9,1529
2008,8,19,10,1785
2008,8,19,11,2040
2008,8,19,12,2227
2008,8,19,13,2308
2008,8,19,14,2281
2008,8,19,15,2152
2008,8,19,16,1925
2008,8,19,17,1663
2008,8,19,18,1449
2008,8,19,19,1365
2008,8,19,20,1415
2008,8,19,21,1582
2008,8,19,22,1807
2008,8,19,23,2031
2008,8,20,0,2207
2008,8,20,1,2305
2008,8,20,2,2296
2008,8,20,3,2171
2008,8,20,4,1940
2008,8,20,5,1649
2008,8,20,6,1397
2008,8,20,7,1257
2008,8,20,8,1271
2008,8,20,9,1411
2008,8,20,10,1637
2008,8,20,11,1899
2008,8,20,12,2127
2008,8,20,13,2279
2008,8,20,14,2313
2008,8,20,15,2235
2008,8,20,16,2054
2008,8,20,17,1794
2008,8,20,18,1545
2008,8,20,19,1374
2008,8,20,20,1331
2008,8,20,21,1414
2008,8,20,22,1597
2008,8,20,23,1821
2008,8,21,0,2031
2008,8,21,1,2179
2008,8,21,2,2234
2008,8,21,3,2172
2008,8,21,4,1992
2008,8,21,5,1733
2008,8,21,6,1465
2008,8,21,7,1270
2008,8,21,8,1211
2008,8,21,9,1302
2008,8,21,10,1490
2008,8,21,11,1749
2008,8,21,12,2005
2008,8,21,13,2197
2008,8,21,14,2305
2008,8,21,15,2308
2008,8,21,16,2197
2008,8,21,17,1990
2008,8,21,18,1741
2008,8,21,19,1521
2008,8,21,20,1402
2008,8,21,21,1393
2008,8,21,22,1495
2008,8,21,23,1664
2008,8,22,0,1845
2008,8,22,1,1995
2008,8,22,2,2091
2008,8,22,3,2098
2008,8,22,4,2017
2008,8,22,5,1841
2008,8,22,6,1600
2008,8,22,7,1368
2008,8,22,8,1233
2008,8,22,9,1245
2008,8,22,10,1387
2008,8,22,11,1621
2008,8,22,12,1879
2008,8,22,13,2083
2008,8,22,14,2224
2008,8,22,15,2286
2008,8,22,16,2262
2008,8,22,17,2138
2008,8,22,18,1930
2008,8,22,19,1704
2008,8,22,20,1533
2008,8,22,21,1461
2008,8,22,22,1485
2008,8,22,23,1578
2008,8,23,0,1712
2008,8,23,1,1851
2008,8,23,2,1963
2008,8,23,3,2012
2008,8,23,4,1997
2008,8,23,5,1900
2008,8,23,6,1724
2008,8,23,7,1511
2008,8,23,8,1340
2008,8,23,9,1293
2008,8,23,10,1372
2008,8,23,11,1549
2008,8,23,12,1758
2008,8,23,13,1946
2008,8,23,14,2094
2008,8,23,15,2208
2008,8,23,16,2260
2008,8,23,17,2218
2008,8,23,18,2085
2008,8,23,19,1892
2008,8,23,20,1695
2008,8,23,21,1549
2008,8,23,22,1487
2008,8,23,23,1503
2008,8,24,0,1581
2008,8,24,1,1688
2008,8,24,2,1789
2008,8,24,3,1858
2008,8,24,4,1889
2008,8,24,5,1870
2008,8,24,6,1777
2008,8,24,7,1619
2008,8,24,8,1451
2008,8,24,9,1349
2008,8,24,10,1352
2008,8,24,11,1449
2008,8,24,12,1606
2008,8,24,13,1763
2008,8,24,14,1899
2008,8,24,15,2022
2008,8,24,16,2121
2008,8,24,17,2177
2008,8,24,18,2144
2008,8,24,19,2029
2008,8,24,20,1856
2008,8,24,21,1698
2008,8,24,22,1598
2008,8,24,23,1554
2008,8,25,0,1573
2008,8,25,1,1623
2008,8,25,2,1676
2008,8,25,3,1712
2008,8,25,4,1749
2008,8,25,5,1791
2008,8,25,6,1782
2008,8,25,7,1716
2008,8,25,8,1604
2008,8,25,9,1499
2008,8,25,10,1446
2008,8,25,11,1456
2008,8,25,12,1533
2008,8,25,13,1627
2008,8,25,14,1740
2008,8,25,15,1872
2008,8,25,16,2002
2008,8,25,17,2094
2008,8,25,18,2147
2008,8,25,19,2142
2008,8,25,20,2066
2008,8,25,21,1951
2008,8,25,22,1838
2008,8,25,23,1729
2008,8,26,0,1647
2008,8,26,1,1608
2008,8,26,2,1609
2008,8,26,3,1612
2008,8,26,4,1638
2008,8,26,5,1702
2008,8,26,6,1765
2008,8,26,7,1804
2008,8,26,8,1791
2008,8,26,9,1720
2008,8,26,10,1633
2008,8,26,11,1572
2008,8,26,12,1558
2008,8,26,13,1581
2008,8,26,14,1633
2008,8,26,15,1716
2008,8,26,16,1824
2008,8,26,17,1948
2008,8,26,18,2097
2008,8,26,19,2204
2008,8,26,20,2230
2008,8,26,21,2182
2008,8,26,22,2069
2008,8,26,23,1922
2008,8,27,0,1779
2008,8,27,1,1670
2008,8,27,2,1596
2008,8,27,3,1553
2008,8,27,4,1561
2008,8,27,5,1613
2008,8,27,6,1699
2008,8,27,7,1804
2008,8,27,8,1888
2008,8,27,9,1916
2008,8,27,10,1870
2008,8,27,11,1775
2008,8,27,12,1671
2008,8,27,13,1575
2008,8,27,14,1538
2008,8,27,15,1567
2008,8,27,16,1650
2008,8,27,17,1787
2008,8,27,18,1946
2008,8,27,19,2108
2008,8,27,20,2252
2008,8,27,21,2302
2008,8,27,22,2279
2008,8,27,23,2170
2008,8,28,0,1999
2008,8,28,1,1808
2008,8,28,2,1629
2008,8,28,3,1502
2008,8,28,4,1447
2008,8,28,5,1473
2008,8,28,6,1564
2008,8,28,7,1704
2008,8,28,8,1858
2008,8,28,9,1971
2008,8,28,10,1999
2008,8,28,11,1938
2008,8,28,12,1819
2008,8,28,13,1670
2008,8,28,14,1534
2008,8,28,15,1458
2008,8,28,16,1461
2008,8,28,17,1545
2008,8,28,18,1712
2008,8,28,19,1924
2008,8,28,20,2131
2008,8,28,21,2289
2008,8,28,22,2360
2008,8,28,23,2332
2008,8,29,0,2200
2008,8,29,1,1993
2008,8,29,2,1764
2008,8,29,3,1556
2008,8,29,4,1431
2008,8,29,5,1407
2008,8,29,6,1457
2008,8,29,7,1576
2008,8,29,8,1756
2008,8,29,9,1959
2008,8,29,10,2111
2008,8,29,11,2141
2008,8,29,12,2034
2008,8,29,13,1829
2008,8,29,14,1620
2008,8,29,15,1464
2008,8,29,16,1388
2008,8,29,17,1410
2008,8,29,18,1538
2008,8,29,19,1729
2008,8,29,20,1952
2008,8,29,21,2181
2008,8,29,22,2373
2008,8,29,23,2456
2008,8,30,0,2391
2008,8,30,1,2204
2008,8,30,2,1931
2008,8,30,3,1649
2008,8,30,4,1438
2008,8,30,5,1336
2008,8,30,6,1357
2008,8,30,7,1472
2008,8,30,8,1664
2008,8,30,9,1883
2008,8,30,10,2082
2008,8,30,11,2219
2008,8,30,12,2238
2008,8,30,13,2102
2008,8,30,14,1856
2008,8,30,15,1601
2008,8,30,16,1401
2008,8,30,17,1321
2008,8,30,18,1384
2008,8,30,19,1541
2008,8,30,20,1758
2008,8,30,21,2009
2008,8,30,22,2245
2008,8,30,23,2400
2008,8,31,0,2444
2008,8,31,1,2352
2008,8,31,2,2122
2008,8,31,3,1824
2008,8,31,4,1547
2008,8,31,5,1363
2008,8,31,6,1307
2008,8,31,7,1374
2008,8,31,8,1545
2008,8,31,9,1777
2008,8,31,10,2012
2008,8,31,11,2224
2008,8,31,12,2330
2008,8,31,13,2286
2008,8,31,14,2091
2008,8,31,15,1809
2008,8,31,16,1540
2008,8,31,17,1357
2008,8,31,18,1324
2008,8,31,19,1429
2008,8,31,20,1612
2008,8,31,21,1847
2008,8,31,22,2097
2008,8,31,23,2309
2008,9,1,0,2437
2008,9,1,1,2435
2008,9,1,2,2279
2008,9,1,3,1998
2008,9,1,4,1684
2008,9,1,5,1438
2008,9,1,6,1317
2008,9,1,7,1341
2008,9,1,8,1476
2008,9,1,9,1686
2008,9,1,10,1946
2008,9,1,11,2189
2008,9,1,12,2354
2008,9,1,13,2395
2008,9,1,14,2291
2008,9,1,15,2071
2008,9,1,16,1775
2008,9,1,17,1504
2008,9,1,18,1360
2008,9,1,19,1374
2008,9,1,20,1510
2008,9,1,21,1719
2008,9,1,22,1954
2008,9,1,23,2164
2008,9,2,0,2318
2008,9,2,1,2381
2008,9,2,2,2329
2008,9,2,3,2142
2008,9,2,4,1852
2008,9,2,5,1553
2008,9,2,6,1342
2008,9,2,7,1291
2008,9,2,8,1387
2008,9,2,9,1587
2008,9,2,10,1846
2008,9,2,11,2114
2008,9,2,12,2326
2008,9,2,13,2432
2008,9,2,14,2416
2008,9,2,15,2260
2008,9,2,16,1982
2008,9,2,17,1671
2008,9,2,18,1438
2008,9,2,19,1354
2008,9,2,20,1428
2008,9,2,21,1606
2008,9,2,22,1837
2008,9,2,23,2049
2008,9,3,0,2209
2008,9,3,1,2318
2008,9,3,2,2330
2008,9,3,3,2223
2008,9,3,4,1991
2008,9,3,5,1700
2008,9,3,6,1455
2008,9,3,7,1344
2008,9,3,8,1390
2008,9,3,9,1557
2008,9,3,10,1804
2008,9,3,11,2065
2008,9,3,12,2285
2008,9,3,13,2418
2008,9,3,14,2462
2008,9,3,15,2394
2008,9,3,16,2185
2008,9,3,17,1892
2008,9,3,18,1627
2008,9,3,19,1464
2008,9,3,20,1448
2008,9,3,21,1553
2008,9,3,22,1747
2008,9,3,23,1951
2008,9,4,0,2118
2008,9,4,1,2234
2008,9,4,2,2272
2008,9,4,3,2228
2008,9,4,4,2077
2008,9,4,5,1841
2008,9,4,6,1579
2008,9,4,7,1397
2008,9,4,8,1380
2008,9,4,9,1518
2008,9,4,10,1725
2008,9,4,11,1954
2008,9,4,12,2159
2008,9,4,13,2315
2008,9,4,14,2405
2008,9,4,15,2409
2008,9,4,16,2292
2008,9,4,17,2054
2008,9,4,18,1782
2008,9,4,19,1576
2008,9,4,20,1503
2008,9,4,21,1561
2008,9,4,22,1690
2008,9,4,23,1840
2008,9,5,0,1982
2008,9,5,1,2097
2008,9,5,2,2166
2008,9,5,3,2164
2008,9,5,4,2082
2008,9,5,5,1911
2008,9,5,6,1699
2008,9,5,7,1529
2008,9,5,8,1461
2008,9,5,9,1519
2008,9,5,10,1657
2008,9,5,11,1852
2008,9,5,12,2055
2008,9,5,13,2213
2008,9,5,14,2320
2008,9,5,15,2353
2008,9,5,16,2304
2008,9,5,17,2160
2008,9,5,18,1957
2008,9,5,19,1762
2008,9,5,20,1632
2008,9,5,21,1608
2008,9,5,22,1675
2008,9,5,23,1787
2008,9,6,0,1896
2008,9,6,1,1987
2008,9,6,2,2035
2008,9,6,3,2051
2008,9,6,4,2022
2008,9,6,5,1924
2008,9,6,6,1780
2008,9,6,7,1638
2008,9,6,8,1542
2008,9,6,9,1525
2008,9,6,10,1602
2008,9,6,11,1747
2008,9,6,12,1922
2008,9,6,13,2076
2008,9,6,14,2189
2008,9,6,15,2249
2008,9,6,16,2236
2008,9,6,17,2151
2008,9,6,18,2017
2008,9,6,19,1869
2008,9,6,20,1751
2008,9,6,21,1683
2008,9,6,22,1680
2008,9,6,23,1734
2008,9,7,0,1825
2008,9,7,1,1916
2008,9,7,2,1961
2008,9,7,3,1969
2008,9,7,4,1936
2008,9,7,5,1873
2008,9,7,6,1789
2008,9,7,7,1694
2008,9,7,8,1604
2008,9,7,9,1557
2008,9,7,10,1601
2008,9,7,11,1710
2008,9,7,12,1842
2008,9,7,13,1976
2008,9,7,14,2084
2008,9,7,15,2146
2008,9,7,16,2168
2008,9,7,17,2143
2008,9,7,18,2075
2008,9,7,19,1975
2008,9,7,20,1879
2008,9,7,21,1808
2008,9,7,22,1768
2008,9,7,23,1781
2008,9,8,0,1818
2008,9,8,1,1866
2008,9,8,2,1899
2008,9,8,3,1910
2008,9,8,4,1902
2008,9,8,5,1877
2008,9,8,6,1836
2008,9,8,7,1773
2008,9,8,8,1704
2008,9,8,9,1650
2008,9,8,10,1636
2008,9,8,11,1677
2008,9,8,12,1759
2008,9,8,13,1852
2008,9,8,14,1941
2008,9,8,15,2020
2008,9,8,16,2083
2008,9,8,17,2102
2008,9,8,18,2084
2008,9,8,19,2034
2008,9,8,20,1957
2008,9,8,21,1884
2008,9,8,22,1834
2008,9,8,23,1801
2008,9,9,0,1790
2008,9,9,1,1801
2008,9,9,2,1817
2008,9,9,3,1833
2008,9,9,4,1840
2008,9,9,5,1831
2008,9,9,6,1815
2008,9,9,7,1792
2008,9,9,8,1765
2008,9,9,9,1727
2008,9,9,10,1698
2008,9,9,11,1698
2008,9,9,12,1725
2008,9,9,13,1758
2008,9,9,14,1799
2008,9,9,15,1865
2008,9,9,16,1942
2008,9,9,17,2008
2008,9,9,18,2058
2008,9,9,19,2069
2008,9,9,20,2036
2008,9,9,21,1978
2008,9,9,22,1914
2008,9,9,23,1846
2008,9,10,0,1793
2008,9,10,1,1756
2008,9,10,2,1722
2008,9,10,3,1694
2008,9,10,4,1690
2008,9,10,5,1727
2008,9,10,6,1767
2008,9,10,7,1786
2008,9,10,8,1791
2008,9,10,9,1782
2008,9,10,10,1762
2008,9,10,11,1737
2008,9,10,12,1714
2008,9,10,13,1689
2008,9,10,14,1686
2008,9,10,15,1714
2008,9,10,16,1782
2008,9,10,17,1878
2008,9,10,18,1980
2008,9,10,19,2063
2008,9,10,20,2097
2008,9,10,21,2090
2008,9,10,22,2040
2008,9,10,23,1959
2008,9,11,0,1860
2008,9,11,1,1762
2008,9,11,2,1695
2008,9,11,3,1649
2008,9,11,4,1639
2008,9,11,5,1675
2008,9,11,6,1737
2008,9,11,7,1817
2008,9,11,8,1893
2008,9,11,9,1929
2008,9,11,10,1917
2008,9,11,11,1861
2008,9,11,12,1785
2008,9,11,13,1720
2008,9,11,14,1673
2008,9,11,15,1665
2008,9,11,16,1692
2008,9,11,17,1759
2008,9,11,18,1878
2008,9,11,19,2029
2008,9,11,20,2164
2008,9,11,21,2233
2008,9,11,22,2213
2008,9,11,23,2117
2008,9,12,0,1972
2008,9,12,1,1822
2008,9,12,2,1692
2008,9,12,3,1596
2008,9,12,4,1562
2008,9,12,5,1593
2008,9,12,6,1679
2008,9,12,7,1790
2008,9,12,8,1908
2008,9,12,9,1992
2008,9,12,10,2009
2008,9,12,11,1970
2008,9,12,12,1878
2008,9,12,13,1753
2008,9,12,14,1629
2008,9,12,15,1561
2008,9,12,16,1567
2008,9,12,17,1635
2008,9,12,18,1772
2008,9,12,19,1936
2008,9,12,20,2098
2008,9,12,21,2233
2008,9,12,22,2294
2008,9,12,23,2242
2008,9,13,0,2091
2008,9,13,1,1898
2008,9,13,2,1699
2008,9,13,3,1540
2008,9,13,4,1464
2008,9,13,5,1477
2008,9,13,6,1566
2008,9,13,7,1700
2008,9,13,8,1861
2008,9,13,9,2010
2008,9,13,10,2103
2008,9,13,11,2117
2008,9,13,12,2038
2008,9,13,13,1884
2008,9,13,14,1692
2008,9,13,15,1551
2008,9,13,16,1485
2008,9,13,17,1515
2008,9,13,18,1642
2008,9,13,19,1811
2008,9,13,20,2002
2008,9,13,21,2186
2008,9,13,22,2322
2008,9,13,23,2357
2008,9,14,0,2276
2008,9,14,1,2098
2008,9,14,2,1866
2008,9,14,3,1631
2008,9,14,4,1481
2008,9,14,5,1442
2008,9,14,6,1499
2008,9,14,7,1639
2008,9,14,8,1841
2008,9,14,9,2046
2008,9,14,10,2217
2008,9,14,11,2290
2008,9,14,12,2253
2008,9,14,13,2110
2008,9,14,14,1891
2008,9,14,15,1667
2008,9,14,16,1495
2008,9,14,17,1433
2008,9,14,18,1504
2008,9,14,19,1665
2008,9,14,20,1883
2008,9,14,21,2103
2008,9,14,22,2285
2008,9,14,23,2390
2008,9,15,0,2365
2008,9,15,1,2232
2008,9,15,2,2009
2008,9,15,3,1740
2008,9,15,4,1510
2008,9,15,5,1389
2008,9,15,6,1419
2008,9,15,7,1560
2008,9,15,8,1767
2008,9,15,9,1999
2008,9,15,10,2208
2008,9,15,11,2354
2008,9,15,12,2383
2008,9,15,13,2279
2008,9,15,14,2055
2008,9,15,15,1774
2008,9,15,16,1540
2008,9,15,17,1403
2008,9,15,18,1409
2008,9,15,19,1533
2008,9,15,20,1735
2008,9,15,21,1971
2008,9,15,22,2188
2008,9,15,23,2349
2008,9,16,0,2400
2008,9,16,1,2321
2008,9,16,2,2095
2008,9,16,3,1797
2008,9,16,4,1523
2008,9,16,5,1338
2008,9,16,6,1297
2008,9,16,7,1387
2008,9,16,8,1592
2008,9,16,9,1870
2008,9,16,10,2146
2008,9,16,11,2368
2008,9,16,12,2469
2008,9,16,13,2422
2008,9,16,14,2236
2008,9,16,15,1964
2008,9,16,16,1677
2008,9,16,17,1439
2008,9,16,18,1337
2008,9,16,19,1371
2008,9,16,20,1520
2008,9,16,21,1757
2008,9,16,22,2002
2008,9,16,23,2204
2008,9,17,0,2325
2008,9,17,1,2334
2008,9,17,2,2199
2008,9,17,3,1938
2008,9,17,4,1628
2008,9,17,5,1368
2008,9,17,6,1250
2008,9,17,7,1288
2008,9,17,8,1459
2008,9,17,9,1724
2008,9,17,10,2027
2008,9,17,11,2296
2008,9,17,12,2476
2008,9,17,13,2514
2008,9,17,14,2403
2008,9,17,15,2172
2008,9,17,16,1866
2008,9,17,17,1561
2008,9,17,18,1361
2008,9,17,19,1314
2008,9,17,20,1403
2008,9,17,21,1596
2008,9,17,22,1833
2008,9,17,23,2048
2008,9,18,0,2199
2008,9,18,1,2272
2008,9,18,2,2219
2008,9,18,3,2024
2008,9,18,4,1742
2008,9,18,5,1456
2008,9,18,6,1276
2008,9,18,7,1250
2008,9,18,8,1368
2008,9,18,9,1586
2008,9,18,10,1867
2008,9,18,11,2159
2008,9,18,12,2400
2008,9,18,13,2539
2008,9,18,14,2516
2008,9,18,15,2344
2008,9,18,16,2057
2008,9,18,17,1741
2008,9,18,18,1488
2008,9,18,19,1357
2008,9,18,20,1366
2008,9,18,21,1472
2008,9,18,22,1651
2008,9,18,23,1852
2008,9,19,0,2035
2008,9,19,1,2164
2008,9,19,2,2206
2008,9,19,3,2120
2008,9,19,4,1896
2008,9,19,5,1621
2008,9,19,6,1397
2008,9,19,7,1298
2008,9,19,8,1347
2008,9,19,9,1501
2008,9,19,10,1724
2008,9,19,11,1992
2008,9,19,12,2256
2008,9,19,13,2461
2008,9,19,14,2554
2008,9,19,15,2494
2008,9,19,16,2287
2008,9,19,17,2000
2008,9,19,18,1714
2008,9,19,19,1503
2008,9,19,20,1424
2008,9,19,21,1470
2008,9,19,22,1601
2008,9,19,23,1762
2008,9,20,0,1928
2008,9,20,1,2079
2008,9,20,2,2166
2008,9,20,3,2151
2008,9,20,4,2017
2008,9,20,5,1800
2008,9,20,6,1559
2008,9,20,7,1376
2008,9,20,8,1309
2008,9,20,9,1391
2008,9,20,10,1567
2008,9,20,11,1806
2008,9,20,12,2068
2008,9,20,13,2294
2008,9,20,14,2440
2008,9,20,15,2457
2008,9,20,16,2351
2008,9,20,17,2157
2008,9,20,18,1921
2008,9,20,19,1701
2008,9,20,20,1550
2008,9,20,21,1506
2008,9,20,22,1547
2008,9,20,23,1648
2008,9,21,0,1779
2008,9,21,1,1906
2008,9,21,2,1999
2008,9,21,3,2043
2008,9,21,4,2014
2008,9,21,5,1883
2008,9,21,6,1687
2008,9,21,7,1505
2008,9,21,8,1395
2008,9,21,9,1400
2008,9,21,10,1498
2008,9,21,11,1665
2008,9,21,12,1875
2008,9,21,13,2078
2008,9,21,14,2248
2008,9,21,15,2334
2008,9,21,16,2328
2008,9,21,17,2268
2008,9,21,18,2076
2008,9,21,19,1909
2008,9,21,20,1738
2008,9,21,21,1621
2008,9,21,22,1569
2008,9,21,23,1594
2008,9,22,0,1679
2008,9,22,1,1777
2008,9,22,2,1861
2008,9,22,3,1905
2008,9,22,4,1917
2008,9,22,5,1890
2008,9,22,6,1795
2008,9,22,7,1661
2008,9,22,8,1541
2008,9,22,9,1478
2008,9,22,10,1496
2008,9,22,11,1582
2008,9,22,12,1720
2008,9,22,13,1882
2008,9,22,14,2030
2008,9,22,15,2134
2008,9,22,16,2182
2008,9,22,17,2188
2008,9,22,18,2147
2008,9,22,19,2053
2008,9,22,20,1928
2008,9,22,21,1797
2008,9,22,22,1700
2008,9,22,23,1656
2008,9,23,0,1652
2008,9,23,1,1674
2008,9,23,2,1707
2008,9,23,3,1745
2008,9,23,4,1792
2008,9,23,5,1842
2008,9,23,6,1844
2008,9,23,7,1785
2008,9,23,8,1697
2008,9,23,9,1620
2008,9,23,10,1581
2008,9,23,11,1590
2008,9,23,12,1635
2008,9,23,13,1703
2008,9,23,14,1802
2008,9,23,15,1916
2008,9,23,16,2021
2008,9,23,17,2099
2008,9,23,18,2139
2008,9,23,19,2126
2008,9,23,20,2070
2008,9,23,21,1977
2008,9,23,22,1865
2008,9,23,23,1755
2008,9,24,0,1689
2008,9,24,1,1659
2008,9,24,2,1639
2008,9,24,3,1635
2008,9,24,4,1664
2008,9,24,5,1738
2008,9,24,6,1823
2008,9,24,7,1863
2008,9,24,8,1841
2008,9,24,9,1772
2008,9,24,10,1701
2008,9,24,11,1654
2008,9,24,12,1635
2008,9,24,13,1627
2008,9,24,14,1651
2008,9,24,15,1714
2008,9,24,16,1818
2008,9,24,17,1944
2008,9,24,18,2056
2008,9,24,19,2132
2008,9,24,20,2153
2008,9,24,21,2129
2008,9,24,22,2035
2008,9,24,23,1900
2008,9,25,0,1758
2008,9,25,1,1639
2008,9,25,2,1575
2008,9,25,3,1560
2008,9,25,4,1582
2008,9,25,5,1629
2008,9,25,6,1731
2008,9,25,7,1852
2008,9,25,8,1947
2008,9,25,9,1970
2008,9,25,10,1917
2008,9,25,11,1824
2008,9,25,12,1727
2008,9,25,13,1643
2008,9,25,14,1589
2008,9,25,15,1586
2008,9,25,16,1639
2008,9,25,17,1763
2008,9,25,18,1906
2008,9,25,19,2064
2008,9,25,20,2183
2008,9,25,21,2236
2008,9,25,22,2216
2008,9,25,23,2114
2008,9,26,0,1947
2008,9,26,1,1743
2008,9,26,2,1556
2008,9,26,3,1462
2008,9,26,4,1468
2008,9,26,5,1542
2008,9,26,6,1661
2008,9,26,7,1809
2008,9,26,8,1968
2008,9,26,9,2090
2008,9,26,10,2110
2008,9,26,11,2034
2008,9,26,12,1884
2008,9,26,13,1708
2008,9,26,14,1558
2008,9,26,15,1479
2008,9,26,16,1486
2008,9,26,17,1576
2008,9,26,18,1719
2008,9,26,19,1900
2008,9,26,20,2088
2008,9,26,21,2240
2008,9,26,22,2299
2008,9,26,23,2238
2008,9,27,0,2073
2008,9,27,1,1852
2008,9,27,2,1625
2008,9,27,3,1467
2008,9,27,4,1403
2008,9,27,5,1443
2008,9,27,6,1566
2008,9,27,7,1738
2008,9,27,8,1934
2008,9,27,9,2111
2008,9,27,10,2228
2008,9,27,11,2233
2008,9,27,12,2122
2008,9,27,13,1912
2008,9,27,14,1683
2008,9,27,15,1506
2008,9,27,16,1422
2008,9,27,17,1439
2008,9,27,18,1533
2008,9,27,19,1710
2008,9,27,20,1927
2008,9,27,21,2130
2008,9,27,22,2275
2008,9,27,23,2305
2008,9,28,0,2214
2008,9,28,1,2005
2008,9,28,2,1751
2008,9,28,3,1523
2008,9,28,4,1371
2008,9,28,5,1334
2008,9,28,6,1419
2008,9,28,7,1595
2008,9,28,8,1831
2008,9,28,9,2061
2008,9,28,10,2252
2008,9,28,11,2343
2008,9,28,12,2301
2008,9,28,13,2123
2008,9,28,14,1858
2008,9,28,15,1591
2008,9,28,16,1402
2008,9,28,17,1335
2008,9,28,18,1397
2008,9,28,19,1549
2008,9,28,20,1744
2008,9,28,21,1961
2008,9,28,22,2154
2008,9,28,23,2276
2008,9,29,0,2272
2008,9,29,1,2129
2008,9,29,2,1876
2008,9,29,3,1599
2008,9,29,4,1386
2008,9,29,5,1297
2008,9,29,6,1341
2008,9,29,7,1486
2008,9,29,8,1708
2008,9,29,9,1964
2008,9,29,10,2210
2008,9,29,11,2379
2008,9,29,12,2416
2008,9,29,13,2312
2008,9,29,14,2080
2008,9,29,15,1784
2008,9,29,16,1505
2008,9,29,17,1341
2008,9,29,18,1324
2008,9,29,19,1424
2008,9,29,20,1606
2008,9,29,21,1829
2008,9,29,22,2033
2008,9,29,23,2178
2008,9,30,0,2238
2008,9,30,1,2182
2008,9,30,2,1995
2008,9,30,3,1723
2008,9,30,4,1461
2008,9,30,5,1287
2008,9,30,6,1265
2008,9,30,7,1387
2008,9,30,8,1603
2008,9,30,9,1861
2008,9,30,10,2114
2008,9,30,11,2294
2008,9,30,12,2396
2008,9,30,13,2389
2008,9,30,14,2232
2008,9,30,15,1953
2008,9,30,16,1641
2008,9,30,17,1393
2008,9,30,18,1282
2008,9,30,19,1320
2008,9,30,20,1465
2008,9,30,21,1674
2008,9,30,22,1882
2008,9,30,23,2047
2008,10,1,0,2146
2008,10,1,1,2149
2008,10,1,2,2046
2008,10,1,3,1840
2008,10,1,4,1574
2008,10,1,5,1343
2008,10,1,6,1238
2008,10,1,7,1298
2008,10,1,8,1477
2008,10,1,9,1731
2008,10,1,10,2007
2008,10,1,11,2231
2008,10,1,12,2367
2008,10,1,13,2404
2008,10,1,14,2317
2008,10,1,15,2110
2008,10,1,16,1815
2008,10,1,17,1522
2008,10,1,18,1323
2008,10,1,19,1278
2008,10,1,20,1379
2008,10,1,21,1567
2008,10,1,22,1781
2008,10,1,23,1959
2008,10,2,0,2078
2008,10,2,1,2115
2008,10,2,2,2061
2008,10,2,3,1913
2008,10,2,4,1681
2008,10,2,5,1439
2008,10,2,6,1287
2008,10,2,7,1278
2008,10,2,8,1407
2008,10,2,9,1626
2008,10,2,10,1889
2008,10,2,11,2134
2008,10,2,12,2309
2008,10,2,13,2383
2008,10,2,14,2338
2008,10,2,15,2184
2008,10,2,16,1938
2008,10,2,17,1651
2008,10,2,18,1407
2008,10,2,19,1296
2008,10,2,20,1320
2008,10,2,21,1440
2008,10,2,22,1620
2008,10,2,23,1805
2008,10,3,0,1953
2008,10,3,1,2028
2008,10,3,2,2022
2008,10,3,3,1934
2008,10,3,4,1752
2008,10,3,5,1541
2008,10,3,6,1370
2008,10,3,7,1297
2008,10,3,8,1361
2008,10,3,9,1538
2008,10,3,10,1772
2008,10,3,11,2012
2008,10,3,12,2201
2008,10,3,13,2313
2008,10,3,14,2319
2008,10,3,15,2216
2008,10,3,16,2026
2008,10,3,17,1789
2008,10,3,18,1575
2008,10,3,19,1426
2008,10,3,20,1386
2008,10,3,21,1448
2008,10,3,22,1580
2008,10,3,23,1740
2008,10,4,0,1876
2008,10,4,1,1966
2008,10,4,2,1989
2008,10,4,3,1943
2008,10,4,4,1816
2008,10,4,5,1646
2008,10,4,6,1478
2008,10,4,7,1379
2008,10,4,8,1396
2008,10,4,9,1514
2008,10,4,10,1708
2008,10,4,11,1933
2008,10,4,12,2124
2008,10,4,13,2245
2008,10,4,14,2278
2008,10,4,15,2231
2008,10,4,16,2122
2008,10,4,17,1948
2008,10,4,18,1749
2008,10,4,19,1579
2008,10,4,20,1475
2008,10,4,21,1482
2008,10,4,22,1581
2008,10,4,23,1723
2008,10,5,0,1845
2008,10,5,1,1920
2008,10,5,2,1946
2008,10,5,3,1940
2008,10,5,4,1888
2008,10,5,5,1775
2008,10,5,6,1623
2008,10,5,7,1494
2008,10,5,8,1463
2008,10,5,9,1536
2008,10,5,10,1679
2008,10,5,11,1843
2008,10,5,12,2005
2008,10,5,13,2134
2008,10,5,14,2207
2008,10,5,15,2221
2008,10,5,16,2177
2008,10,5,17,2061
2008,10,5,18,1884
2008,10,5,19,1712
2008,10,5,20,1591
2008,10,5,21,1557
2008,10,5,22,1589
2008,10,5,23,1671
2008,10,6,0,1765
2008,10,6,1,1845
2008,10,6,2,1885
2008,10,6,3,1887
2008,10,6,4,1863
2008,10,6,5,1811
2008,10,6,6,1724
2008,10,6,7,1628
2008,10,6,8,1572
2008,10,6,9,1591
2008,10,6,10,1670
2008,10,6,11,1788
2008,10,6,12,1912
2008,10,6,13,2017
2008,10,6,14,2095
2008,10,6,15,2139
2008,10,6,16,2145
2008,10,6,17,2090
2008,10,6,18,1981
2008,10,6,19,1846
2008,10,6,20,1735
2008,10,6,21,1673
2008,10,6,22,1643
2008,10,6,23,1654
2008,10,7,0,1690
2008,10,7,1,1734
2008,10,7,2,1771
2008,10,7,3,1804
2008,10,7,4,1820
2008,10,7,5,1812
2008,10,7,6,1770
2008,10,7,7,1696
2008,10,7,8,1627
2008,10,7,9,1602
2008,10,7,10,1636
2008,10,7,11,1720
2008,10,7,12,1790
2008,10,7,13,1893
2008,10,7,14,1977
2008,10,7,15,2015
2008,10,7,16,2059
2008,10,7,17,2069
2008,10,7,18,2030
2008,10,7,19,1941
2008,10,7,20,1836
2008,10,7,21,1763
2008,10,7,22,1713
2008,10,7,23,1696
2008,10,8,0,1706
2008,10,8,1,1720
2008,10,8,2,1736
2008,10,8,3,1763
2008,10,8,4,1805
2008,10,8,5,1842
2008,10,8,6,1853
2008,10,8,7,1820
2008,10,8,8,1767
2008,10,8,9,1720
2008,10,8,10,1712
2008,10,8,11,1741
2008,10,8,12,1792
2008,10,8,13,1856
2008,10,8,14,1908
2008,10,8,15,1957
2008,10,8,16,2011
2008,10,8,17,2056
2008,10,8,18,2077
2008,10,8,19,2058
2008,10,8,20,2004
2008,10,8,21,1918
2008,10,8,22,1823
2008,10,8,23,1756
2008,10,9,0,1717
2008,10,9,1,1701
2008,10,9,2,1695
2008,10,9,3,1709
2008,10,9,4,1739
2008,10,9,5,1790
2008,10,9,6,1845
2008,10,9,7,1877
2008,10,9,8,1875
2008,10,9,9,1840
2008,10,9,10,1798
2008,10,9,11,1757
2008,10,9,12,1745
2008,10,9,13,1759
2008,10,9,14,1781
2008,10,9,15,1818
2008,10,9,16,1880
2008,10,9,17,1967
2008,10,9,18,2034
2008,10,9,19,2070
2008,10,9,20,2069
2008,10,9,21,2018
2008,10,9,22,1925
2008,10,9,23,1816
2008,10,10,0,1713
2008,10,10,1,1636
2008,10,10,2,1595
2008,10,10,3,1602
2008,10,10,4,1641
2008,10,10,5,1709
2008,10,10,6,1795
2008,10,10,7,1869
2008,10,10,8,1936
2008,10,10,9,1965
2008,10,10,10,1935
2008,10,10,11,1863
2008,10,10,12,1783
2008,10,10,13,1721
2008,10,10,14,1692
2008,10,10,15,1694
2008,10,10,16,1745
2008,10,10,17,1831
2008,10,10,18,1942
2008,10,10,19,2062
2008,10,10,20,2138
2008,10,10,21,2149
2008,10,10,22,2081
2008,10,10,23,1954
2008,10,11,0,1810
2008,10,11,1,1670
2008,10,11,2,1565
2008,10,11,3,1516
2008,10,11,4,1540
2008,10,11,5,1626
2008,10,11,6,1767
2008,10,11,7,1919
2008,10,11,8,2047
2008,10,11,9,2122
2008,10,11,10,2115
2008,10,11,11,2032
2008,10,11,12,1898
2008,10,11,13,1757
2008,10,11,14,1659
2008,10,11,15,1618
2008,10,11,16,1646
2008,10,11,17,1730
2008,10,11,18,1861
2008,10,11,19,2018
2008,10,11,20,2163
2008,10,11,21,2242
2008,10,11,22,2225
2008,10,11,23,2120
2008,10,12,0,1942
2008,10,12,1,1748
2008,10,12,2,1587
2008,10,12,3,1505
2008,10,12,4,1502
2008,10,12,5,1574
2008,10,12,6,1725
2008,10,12,7,1916
2008,10,12,8,2102
2008,10,12,9,2238
2008,10,12,10,2279
2008,10,12,11,2216
2008,10,12,12,2075
2008,10,12,13,1893
2008,10,12,14,1710
2008,10,12,15,1569
2008,10,12,16,1525
2008,10,12,17,1578
2008,10,12,18,1715
2008,10,12,19,1895
2008,10,12,20,2090
2008,10,12,21,2244
2008,10,12,22,2299
2008,10,12,23,2255
2008,10,13,0,2111
2008,10,13,1,1895
2008,10,13,2,1661
2008,10,13,3,1481
2008,10,13,4,1411
2008,10,13,5,1467
2008,10,13,6,1627
2008,10,13,7,1835
2008,10,13,8,2049
2008,10,13,9,2241
2008,10,13,10,2386
2008,10,13,11,2414
2008,10,13,12,2311
2008,10,13,13,2096
2008,10,13,14,1831
2008,10,13,15,1601
2008,10,13,16,1474
2008,10,13,17,1473
2008,10,13,18,1568
2008,10,13,19,1740
2008,10,13,20,1955
2008,10,13,21,2152
2008,10,13,22,2281
2008,10,13,23,2314
2008,10,14,0,2235
2008,10,14,1,2044
2008,10,14,2,1789
2008,10,14,3,1553
2008,10,14,4,1405
2008,10,14,5,1397
2008,10,14,6,1527
2008,10,14,7,1741
2008,10,14,8,1999
2008,10,14,9,2243
2008,10,14,10,2440
2008,10,14,11,2530
2008,10,14,12,2491
2008,10,14,13,2319
2008,10,14,14,2044
2008,10,14,15,1744
2008,10,14,16,1513
2008,10,14,17,1413
2008,10,14,18,1450
2008,10,14,19,1602
2008,10,14,20,1816
2008,10,14,21,2030
2008,10,14,22,2203
2008,10,14,23,2305
2008,10,15,0,2305
2008,10,15,1,2175
2008,10,15,2,1929
2008,10,15,3,1641
2008,10,15,4,1409
2008,10,15,5,1322
2008,10,15,6,1400
2008,10,15,7,1598
2008,10,15,8,1866
2008,10,15,9,2148
2008,10,15,10,2397
2008,10,15,11,2570
2008,10,15,12,2625
2008,10,15,13,2524
2008,10,15,14,2277
2008,10,15,15,1955
2008,10,15,16,1648
2008,10,15,17,1439
2008,10,15,18,1377
2008,10,15,19,1451
2008,10,15,20,1612
2008,10,15,21,1825
2008,10,15,22,2044
2008,10,15,23,2223
2008,10,16,0,2315
2008,10,16,1,2282
2008,10,16,2,2091
2008,10,16,3,1794
2008,10,16,4,1503
2008,10,16,5,1314
2008,10,16,6,1305
2008,10,16,7,1446
2008,10,16,8,1688
2008,10,16,9,1971
2008,10,16,10,2264
2008,10,16,11,2522
2008,10,16,12,2667
2008,10,16,13,2668
2008,10,16,14,2507
2008,10,16,15,2189
2008,10,16,16,1828
2008,10,16,17,1525
2008,10,16,18,1357
2008,10,16,19,1342
2008,10,16,20,1454
2008,10,16,21,1655
2008,10,16,22,1873
2008,10,16,23,2075
2008,10,17,0,2224
2008,10,17,1,2262
2008,10,17,2,2160
2008,10,17,3,1929
2008,10,17,4,1644
2008,10,17,5,1408
2008,10,17,6,1296
2008,10,17,7,1347
2008,10,17,8,1525
2008,10,17,9,1803
2008,10,17,10,2120
2008,10,17,11,2400
2008,10,17,12,2590
2008,10,17,13,2648
2008,10,17,14,2568
2008,10,17,15,2353
2008,10,17,16,2060
2008,10,17,17,1755
2008,10,17,18,1498
2008,10,17,19,1370
2008,10,17,20,1388
2008,10,17,21,1521
2008,10,17,22,1718
2008,10,17,23,1922
2008,10,18,0,2086
2008,10,18,1,2167
2008,10,18,2,2152
2008,10,18,3,2039
2008,10,18,4,1825
2008,10,18,5,1575
2008,10,18,6,1380
2008,10,18,7,1310
2008,10,18,8,1384
2008,10,18,9,1581
2008,10,18,10,1868
2008,10,18,11,2171
2008,10,18,12,2421
2008,10,18,13,2558
2008,10,18,14,2560
2008,10,18,15,2444
2008,10,18,16,2235
2008,10,18,17,1964
2008,10,18,18,1670
2008,10,18,19,1456
2008,10,18,20,1383
2008,10,18,21,1432
2008,10,18,22,1587
2008,10,18,23,1758
2008,10,19,0,1913
2008,10,19,1,2026
2008,10,19,2,2088
2008,10,19,3,2074
2008,10,19,4,1954
2008,10,19,5,1746
2008,10,19,6,1536
2008,10,19,7,1396
2008,10,19,8,1371
2008,10,19,9,1475
2008,10,19,10,1685
2008,10,19,11,1958
2008,10,19,12,2214
2008,10,19,13,2397
2008,10,19,14,2476
2008,10,19,15,2458
2008,10,19,16,2345
2008,10,19,17,2168
2008,10,19,18,1932
2008,10,19,19,1692
2008,10,19,20,1548
2008,10,19,21,1495
2008,10,19,22,1554
2008,10,19,23,1675
2008,10,20,0,1808
2008,10,20,1,1909
2008,10,20,2,1977
2008,10,20,3,2029
2008,10,20,4,2012
2008,10,20,5,1903
2008,10,20,6,1728
2008,10,20,7,1566
2008,10,20,8,1484
2008,10,20,9,1500
2008,10,20,10,1603
2008,10,20,11,1778
2008,10,20,12,1987
2008,10,20,13,2170
2008,10,20,14,2304
2008,10,20,15,2362
2008,10,20,16,2349
2008,10,20,17,2272
2008,10,20,18,2119
2008,10,20,19,1931
2008,10,20,20,1752
2008,10,20,21,1647
2008,10,20,22,1638
2008,10,20,23,1693
2008,10,21,0,1761
2008,10,21,1,1825
2008,10,21,2,1887
2008,10,21,3,1976
2008,10,21,4,2050
2008,10,21,5,2055
2008,10,21,6,1961
2008,10,21,7,1802
2008,10,21,8,1661
2008,10,21,9,1601
2008,10,21,10,1627
2008,10,21,11,1713
2008,10,21,12,1832
2008,10,21,13,1969
2008,10,21,14,2093
2008,10,21,15,2204
2008,10,21,16,2289
2008,10,21,17,2319
2008,10,21,18,2272
2008,10,21,19,2143
2008,10,21,20,1972
2008,10,21,21,1823
2008,10,21,22,1745
2008,10,21,23,1740
2008,10,22,0,1753
2008,10,22,1,1768
2008,10,22,2,1796
2008,10,22,3,1850
2008,10,22,4,1956
2008,10,22,5,2051
2008,10,22,6,2080
2008,10,22,7,2003
2008,10,22,8,1884
2008,10,22,9,1785
2008,10,22,10,1728
2008,10,22,11,1717
2008,10,22,12,1759
2008,10,22,13,1820
2008,10,22,14,1914
2008,10,22,15,2009
2008,10,22,16,2093
2008,10,22,17,2174
2008,10,22,18,2227
2008,10,22,19,2235
2008,10,22,20,2158
2008,10,22,21,2021
2008,10,22,22,1887
2008,10,22,23,1803
2008,10,23,0,1759
2008,10,23,1,1738
2008,10,23,2,1730
2008,10,23,3,1750
2008,10,23,4,1827
2008,10,23,5,1961
2008,10,23,6,2096
2008,10,23,7,2157
2008,10,23,8,2121
2008,10,23,9,2018
2008,10,23,10,1895
2008,10,23,11,1790
2008,10,23,12,1738
2008,10,23,13,1737
2008,10,23,14,1775
2008,10,23,15,1834
2008,10,23,16,1916
2008,10,23,17,2024
2008,10,23,18,2142
2008,10,23,19,2241
2008,10,23,20,2264
2008,10,23,21,2195
2008,10,23,22,2070
2008,10,23,23,1945
2008,10,24,0,1829
2008,10,24,1,1728
2008,10,24,2,1656
2008,10,24,3,1644
2008,10,24,4,1710
2008,10,24,5,1852
2008,10,24,6,2026
2008,10,24,7,2158
2008,10,24,8,2230
2008,10,24,9,2225
2008,10,24,10,2138
2008,10,24,11,1999
2008,10,24,12,1858
2008,10,24,13,1747
2008,10,24,14,1698
2008,10,24,15,1702
2008,10,24,16,1764
2008,10,24,17,1872
2008,10,24,18,2012
2008,10,24,19,2168
2008,10,24,20,2282
2008,10,24,21,2313
2008,10,24,22,2253
2008,10,24,23,2133
2008,10,25,0,1970
2008,10,25,1,1796
2008,10,25,2,1671
2008,10,25,3,1618
2008,10,25,4,1664
2008,10,25,5,1801
2008,10,25,6,1989
2008,10,25,7,2175
2008,10,25,8,2332
2008,10,25,9,2424
2008,10,25,10,2405
2008,10,25,11,2268
2008,10,25,12,2060
2008,10,25,13,1858
2008,10,25,14,1715
2008,10,25,15,1661
2008,10,25,16,1682
2008,10,25,17,1757
2008,10,25,18,1882
2008,10,25,19,2037
2008,10,25,20,2202
2008,10,25,21,2325
2008,10,25,22,2359
2008,10,25,23,2276
2008,10,26,0,2097
2008,10,26,1,1882
2008,10,26,2,1701
2008,10,26,3,1605
2008,10,26,4,1608
2008,10,26,5,1703
2008,10,26,6,1868
2008,10,26,7,2069
2008,10,26,8,2278
2008,10,26,9,2441
2008,10,26,10,2514
2008,10,26,11,2467
2008,10,26,12,2295
2008,10,26,13,2058
2008,10,26,14,1831
2008,10,26,15,1678
2008,10,26,16,1620
2008,10,26,17,1656
2008,10,26,18,1764
2008,10,26,19,1919
2008,10,26,20,2100
2008,10,26,21,2269
2008,10,26,22,2372
2008,10,26,23,2362
2008,10,27,0,2233
2008,10,27,1,2023
2008,10,27,2,1805
2008,10,27,3,1640
2008,10,27,4,1581
2008,10,27,5,1633
2008,10,27,6,1775
2008,10,27,7,1981
2008,10,27,8,2207
2008,10,27,9,2418
2008,10,27,10,2555
2008,10,27,11,2577
2008,10,27,12,2464
2008,10,27,13,2237
2008,10,27,14,1962
2008,10,27,15,1715
2008,10,27,16,1573
2008,10,27,17,1557
2008,10,27,18,1630
2008,10,27,19,1769
2008,10,27,20,1950
2008,10,27,21,2135
2008,10,27,22,2286
2008,10,27,23,2370
2008,10,28,0,2329
2008,10,28,1,2160
2008,10,28,2,1912
2008,10,28,3,1679
2008,10,28,4,1542
2008,10,28,5,1545
2008,10,28,6,1677
2008,10,28,7,1883
2008,10,28,8,2117
2008,10,28,9,2362
2008,10,28,10,2562
2008,10,28,11,2662
2008,10,28,12,2631
2008,10,28,13,2459
2008,10,28,14,2186
2008,10,28,15,1896
2008,10,28,16,1676
2008,10,28,17,1566
2008,10,28,18,1566
2008,10,28,19,1662
2008,10,28,20,1834
2008,10,28,21,2023
2008,10,28,22,2200
2008,10,28,23,2317
2008,10,29,0,2336
2008,10,29,1,2233
2008,10,29,2,2024
2008,10,29,3,1780
2008,10,29,4,1588
2008,10,29,5,1519
2008,10,29,6,1588
2008,10,29,7,1751
2008,10,29,8,1980
2008,10,29,9,2235
2008,10,29,10,2457
2008,10,29,11,2609
2008,10,29,12,2647
2008,10,29,13,2558
2008,10,29,14,2352
2008,10,29,15,2068
2008,10,29,16,1777
2008,10,29,17,1573
2008,10,29,18,1505
2008,10,29,19,1557
2008,10,29,20,1699
2008,10,29,21,1875
2008,10,29,22,2045
2008,10,29,23,2178
2008,10,30,0,2238
2008,10,30,1,2210
2008,10,30,2,2068
2008,10,30,3,1848
2008,10,30,4,1630
2008,10,30,5,1497
2008,10,30,6,1500
2008,10,30,7,1629
2008,10,30,8,1828
2008,10,30,9,2076
2008,10,30,10,2317
2008,10,30,11,2503
2008,10,30,12,2600
2008,10,30,13,2586
2008,10,30,14,2441
2008,10,30,15,2183
2008,10,30,16,1885
2008,10,30,17,1632
2008,10,30,18,1502
2008,10,30,19,1499
2008,10,30,20,1593
2008,10,30,21,1727
2008,10,30,22,1887
2008,10,30,23,2047
2008,10,31,0,2150
2008,10,31,1,2177
2008,10,31,2,2097
2008,10,31,3,1924
2008,10,31,4,1709
2008,10,31,5,1531
2008,10,31,6,1458
2008,10,31,7,1518
2008,10,31,8,1685
2008,10,31,9,1932
2008,10,31,10,2187
2008,10,31,11,2379
2008,10,31,12,2497
2008,10,31,13,2529
2008,10,31,14,2461
2008,10,31,15,2294
2008,10,31,16,2039
2008,10,31,17,1761
2008,10,31,18,1544
2008,10,31,19,1463
2008,10,31,20,1511
2008,10,31,21,1634
2008,10,31,22,1802
2008,10,31,23,1962
2008,11,1,0,2070
2008,11,1,1,2112
2008,11,1,2,2085
2008,11,1,3,1977
2008,11,1,4,1792
2008,11,1,5,1602
2008,11,1,6,1477
2008,11,1,7,1464
2008,11,1,8,1583
2008,11,1,9,1809
2008,11,1,10,2063
2008,11,1,11,2283
2008,11,1,12,2421
2008,11,1,13,2481
2008,11,1,14,2452
2008,11,1,15,2335
2008,11,1,16,2138
2008,11,1,17,1897
2008,11,1,18,1682
2008,11,1,19,1550
2008,11,1,20,1527
2008,11,1,21,1587
2008,11,1,22,1711
2008,11,1,23,1858
2008,11,2,0,1985
2008,11,2,1,2061
2008,11,2,2,2067
2008,11,2,3,1996
2008,11,2,4,1859
2008,11,2,5,1699
2008,11,2,6,1570
2008,11,2,7,1507
2008,11,2,8,1543
2008,11,2,9,1691
2008,11,2,10,1905
2008,11,2,11,2126
2008,11,2,12,2306
2008,11,2,13,2426
2008,11,2,14,2449
2008,11,2,15,2401
2008,11,2,16,2263
2008,11,2,17,2051
2008,11,2,18,1829
2008,11,2,19,1654
2008,11,2,20,1582
2008,11,2,21,1597
2008,11,2,22,1692
2008,11,2,23,1826
2008,11,3,0,1938
2008,11,3,1,2013
2008,11,3,2,2056
2008,11,3,3,2055
2008,11,3,4,1990
2008,11,3,5,1853
2008,11,3,6,1686
2008,11,3,7,1569
2008,11,3,8,1569
2008,11,3,9,1698
2008,11,3,10,1883
2008,11,3,11,2071
2008,11,3,12,2234
2008,11,3,13,2359
2008,11,3,14,2438
2008,11,3,15,2454
2008,11,3,16,2387
2008,11,3,17,2239
2008,11,3,18,2032
2008,11,3,19,1841
2008,11,3,20,1730
2008,11,3,21,1708
2008,11,3,22,1757
2008,11,3,23,1851
2008,11,4,0,1950
2008,11,4,1,2025
2008,11,4,2,2077
2008,11,4,3,2101
2008,11,4,4,2065
2008,11,4,5,1958
2008,11,4,6,1811
2008,11,4,7,1684
2008,11,4,8,1643
2008,11,4,9,1706
2008,11,4,10,1835
2008,11,4,11,1972
2008,11,4,12,2120
2008,11,4,13,2254
2008,11,4,14,2344
2008,11,4,15,2401
2008,11,4,16,2397
2008,11,4,17,2317
2008,11,4,18,2159
2008,11,4,19,1982
2008,11,4,20,1857
2008,11,4,21,1799
2008,11,4,22,1783
2008,11,4,23,1809
2008,11,5,0,1859
2008,11,5,1,1925
2008,11,5,2,1994
2008,11,5,3,2048
2008,11,5,4,2049
2008,11,5,5,1987
2008,11,5,6,1889
2008,11,5,7,1806
2008,11,5,8,1763
2008,11,5,9,1778
2008,11,5,10,1818
2008,11,5,11,1885
2008,11,5,12,2004
2008,11,5,13,2156
2008,11,5,14,2289
2008,11,5,15,2356
2008,11,5,16,2368
2008,11,5,17,2333
2008,11,5,18,2262
2008,11,5,19,2158
2008,11,5,20,2030
2008,11,5,21,1899
2008,11,5,22,1808
2008,11,5,23,1793
2008,11,6,0,1822
2008,11,6,1,1877
2008,11,6,2,1939
2008,11,6,3,1986
2008,11,6,4,2015
2008,11,6,5,2013
2008,11,6,6,1994
2008,11,6,7,1959
2008,11,6,8,1911
2008,11,6,9,1873
2008,11,6,10,1861
2008,11,6,11,1893
2008,11,6,12,1960
2008,11,6,13,2059
2008,11,6,14,2171
2008,11,6,15,2260
2008,11,6,16,2305
2008,11,6,17,2309
2008,11,6,18,2277
2008,11,6,19,2201
2008,11,6,20,2098
2008,11,6,21,1980
2008,11,6,22,1879
2008,11,6,23,1812
2008,11,7,0,1792
2008,11,7,1,1804
2008,11,7,2,1836
2008,11,7,3,1885
2008,11,7,4,1944
2008,11,7,5,2014
2008,11,7,6,2067
2008,11,7,7,2072
2008,11,7,8,2034
2008,11,7,9,1992
2008,11,7,10,1950
2008,11,7,11,1927
2008,11,7,12,1930
2008,11,7,13,1961
2008,11,7,14,2015
2008,11,7,15,2083
2008,11,7,16,2164
2008,11,7,17,2235
2008,11,7,18,2255
2008,11,7,19,2231
2008,11,7,20,2163
2008,11,7,21,2054
2008,11,7,22,1948
2008,11,7,23,1850
2008,11,8,0,1770
2008,11,8,1,1734
2008,11,8,2,1736
2008,11,8,3,1784
2008,11,8,4,1860
2008,11,8,5,1960
2008,11,8,6,2059
2008,11,8,7,2126
2008,11,8,8,2145
2008,11,8,9,2119
2008,11,8,10,2057
2008,11,8,11,1978
2008,11,8,12,1916
2008,11,8,13,1888
2008,11,8,14,1892
2008,11,8,15,1930
2008,11,8,16,1992
2008,11,8,17,2075
2008,11,8,18,2156
2008,11,8,19,2210
2008,11,8,20,2215
2008,11,8,21,2143
2008,11,8,22,2024
2008,11,8,23,1880
2008,11,9,0,1745
2008,11,9,1,1656
2008,11,9,2,1625
2008,11,9,3,1653
2008,11,9,4,1730
2008,11,9,5,1854
2008,11,9,6,2012
2008,11,9,7,2159
2008,11,9,8,2248
2008,11,9,9,2267
2008,11,9,10,2208
2008,11,9,11,2097
2008,11,9,12,1972
2008,11,9,13,1866
2008,11,9,14,1793
2008,11,9,15,1771
2008,11,9,16,1810
2008,11,9,17,1884
2008,11,9,18,2000
2008,11,9,19,2134
2008,11,9,20,2226
2008,11,9,21,2225
2008,11,9,22,2138
2008,11,9,23,2001
2008,11,10,0,1835
2008,11,10,1,1684
2008,11,10,2,1594
2008,11,10,3,1576
2008,11,10,4,1632
2008,11,10,5,1773
2008,11,10,6,1967
2008,11,10,7,2172
2008,11,10,8,2338
2008,11,10,9,2433
2008,11,10,10,2423
2008,11,10,11,2310
2008,11,10,12,2141
2008,11,10,13,1959
2008,11,10,14,1800
2008,11,10,15,1693
2008,11,10,16,1656
2008,11,10,17,1703
2008,11,10,18,1827
2008,11,10,19,1992
2008,11,10,20,2147
2008,11,10,21,2226
2008,11,10,22,2209
2008,11,10,23,2118
2008,11,11,0,1953
2008,11,11,1,1751
2008,11,11,2,1570
2008,11,11,3,1480
2008,11,11,4,1502
2008,11,11,5,1635
2008,11,11,6,1849
2008,11,11,7,2094
2008,11,11,8,2329
2008,11,11,9,2512
2008,11,11,10,2581
2008,11,11,11,2522
2008,11,11,12,2348
2008,11,11,13,2103
2008,11,11,14,1864
2008,11,11,15,1674
2008,11,11,16,1570
2008,11,11,17,1558
2008,11,11,18,1632
2008,11,11,19,1791
2008,11,11,20,1990
2008,11,11,21,2173
2008,11,11,22,2270
2008,11,11,23,2236
2008,11,12,0,2073
2008,11,12,1,1836
2008,11,12,2,1604
2008,11,12,3,1448
2008,11,12,4,1410
2008,11,12,5,1498
2008,11,12,6,1696
2008,11,12,7,1963
2008,11,12,8,2252
2008,11,12,9,2505
2008,11,12,10,2664
2008,11,12,11,2685
2008,11,12,12,2573
2008,11,12,13,2348
2008,11,12,14,2051
2008,11,12,15,1762
2008,11,12,16,1549
2008,11,12,17,1450
2008,11,12,18,1464
2008,11,12,19,1592
2008,11,12,20,1795
2008,11,12,21,2005
2008,11,12,22,2171
2008,11,12,23,2235
2008,11,13,0,2174
2008,11,13,1,1996
2008,11,13,2,1746
2008,11,13,3,1487
2008,11,13,4,1323
2008,11,13,5,1322
2008,11,13,6,1481
2008,11,13,7,1751
2008,11,13,8,2061
2008,11,13,9,2361
2008,11,13,10,2597
2008,11,13,11,2727
2008,11,13,12,2713
2008,11,13,13,2544
2008,11,13,14,2258
2008,11,13,15,1929
2008,11,13,16,1638
2008,11,13,17,1445
2008,11,13,18,1375
2008,11,13,19,1421
2008,11,13,20,1577
2008,11,13,21,1784
2008,11,13,22,1999
2008,11,13,23,2160
2008,11,14,0,2211
2008,11,14,1,2113
2008,11,14,2,1880
2008,11,14,3,1607
2008,11,14,4,1386
2008,11,14,5,1291
2008,11,14,6,1362
2008,11,14,7,1558
2008,11,14,8,1833
2008,11,14,9,2147
2008,11,14,10,2441
2008,11,14,11,2652
2008,11,14,12,2731
2008,11,14,13,2664
2008,11,14,14,2463
2008,11,14,15,2156
2008,11,14,16,1824
2008,11,14,17,1545
2008,11,14,18,1377
2008,11,14,19,1345
2008,11,14,20,1431
2008,11,14,21,1602
2008,11,14,22,1818
2008,11,14,23,2025
2008,11,15,0,2161
2008,11,15,1,2175
2008,11,15,2,2044
2008,11,15,3,1797
2008,11,15,4,1536
2008,11,15,5,1352
2008,11,15,6,1309
2008,11,15,7,1413
2008,11,15,8,1622
2008,11,15,9,1904
2008,11,15,10,2214
2008,11,15,11,2493
2008,11,15,12,2678
2008,11,15,13,2736
2008,11,15,14,2644
2008,11,15,15,2408
2008,11,15,16,2086
2008,11,15,17,1766
2008,11,15,18,1521
2008,11,15,19,1387
2008,11,15,20,1383
2008,11,15,21,1493
2008,11,15,22,1674
2008,11,15,23,1887
2008,11,16,0,2080
2008,11,16,1,2192
2008,11,16,2,2163
2008,11,16,3,2002
2008,11,16,4,1756
2008,11,16,5,1516
2008,11,16,6,1363
2008,11,16,7,1350
2008,11,16,8,1478
2008,11,16,9,1707
2008,11,16,10,1987
2008,11,16,11,2261
2008,11,16,12,2488
2008,11,16,13,2627
2008,11,16,14,2655
2008,11,16,15,2558
2008,11,16,16,2332
2008,11,16,17,2032
2008,11,16,18,1738
2008,11,16,19,1522
2008,11,16,20,1428
2008,11,16,21,1456
2008,11,16,22,1583
2008,11,16,23,1758
2008,11,17,0,1939
2008,11,17,1,2091
2008,11,17,2,2161
2008,11,17,3,2132
2008,11,17,4,1982
2008,11,17,5,1751
2008,11,17,6,1536
2008,11,17,7,1413
2008,11,17,8,1420
2008,11,17,9,1557
2008,11,17,10,1780
2008,11,17,11,2030
2008,11,17,12,2263
2008,11,17,13,2448
2008,11,17,14,2562
2008,11,17,15,2579
2008,11,17,16,2476
2008,11,17,17,2264
2008,11,17,18,1997
2008,11,17,19,1752
2008,11,17,20,1589
2008,11,17,21,1525
2008,11,17,22,1567
2008,11,17,23,1695
2008,11,18,0,1851
2008,11,18,1,2002
2008,11,18,2,2113
2008,11,18,3,2170
2008,11,18,4,2143
2008,11,18,5,2016
2008,11,18,6,1827
2008,11,18,7,1651
2008,11,18,8,1553
2008,11,18,9,1583
2008,11,18,10,1707
2008,11,18,11,1875
2008,11,18,12,2062
2008,11,18,13,2243
2008,11,18,14,2400
2008,11,18,15,2489
2008,11,18,16,2490
2008,11,18,17,2385
2008,11,18,18,2196
2008,11,18,19,1980
2008,11,18,20,1794
2008,11,18,21,1673
2008,11,18,22,1639
2008,11,18,23,1693
2008,11,19,0,1791
2008,11,19,1,1915
2008,11,19,2,2040
2008,11,19,3,2143
2008,11,19,4,2194
2008,11,19,5,2164
2008,11,19,6,2051
2008,11,19,7,1895
2008,11,19,8,1758
2008,11,19,9,1698
2008,11,19,10,1715
2008,11,19,11,1800
2008,11,19,12,1922
2008,11,19,13,2059
2008,11,19,14,2209
2008,11,19,15,2351
2008,11,19,16,2447
2008,11,19,17,2456
2008,11,19,18,2374
2008,11,19,19,2213
2008,11,19,20,2023
2008,11,19,21,1863
2008,11,19,22,1772
2008,11,19,23,1739
2008,11,20,0,1757
2008,11,20,1,1825
2008,11,20,2,1925
2008,11,20,3,2045
2008,11,20,4,2159
2008,11,20,5,2226
2008,11,20,6,2208
2008,11,20,7,2115
2008,11,20,8,1999
2008,11,20,9,1892
2008,11,20,10,1816
2008,11,20,11,1798
2008,11,20,12,1843
2008,11,20,13,1937
2008,11,20,14,2049
2008,11,20,15,2169
2008,11,20,16,2286
2008,11,20,17,2379
2008,11,20,18,2399
2008,11,20,19,2331
2008,11,20,20,2194
2008,11,20,21,2033
2008,11,20,22,1896
2008,11,20,23,1793
2008,11,21,0,1745
2008,11,21,1,1754
2008,11,21,2,1810
2008,11,21,3,1904
2008,11,21,4,2022
2008,11,21,5,2148
2008,11,21,6,2248
2008,11,21,7,2278
2008,11,21,8,2211
2008,11,21,9,2085
2008,11,21,10,1939
2008,11,21,11,1835
2008,11,21,12,1794
2008,11,21,13,1823
2008,11,21,14,1904
2008,11,21,15,1998
2008,11,21,16,2096
2008,11,21,17,2195
2008,11,21,18,2276
2008,11,21,19,2306
2008,11,21,20,2262
2008,11,21,21,2139
2008,11,21,22,1977
2008,11,21,23,1826
2008,11,22,0,1727
2008,11,22,1,1678
2008,11,22,2,1678
2008,11,22,3,1744
2008,11,22,4,1860
2008,11,22,5,2014
2008,11,22,6,2183
2008,11,22,7,2314
2008,11,22,8,2355
2008,11,22,9,2299
2008,11,22,10,2161
2008,11,22,11,2003
2008,11,22,12,1876
2008,11,22,13,1814
2008,11,22,14,1806
2008,11,22,15,1833
2008,11,22,16,1885
2008,11,22,17,1973
2008,11,22,18,2085
2008,11,22,19,2194
2008,11,22,20,2254
2008,11,22,21,2209
2008,11,22,22,2085
2008,11,22,23,1931
2008,11,23,0,1787
2008,11,23,1,1688
2008,11,23,2,1644
2008,11,23,3,1671
2008,11,23,4,1762
2008,11,23,5,1911
2008,11,23,6,2107
2008,11,23,7,2296
2008,11,23,8,2426
2008,11,23,9,2464
2008,11,23,10,2394
2008,11,23,11,2243
2008,11,23,12,2069
2008,11,23,13,1911
2008,11,23,14,1806
2008,11,23,15,1771
2008,11,23,16,1789
2008,11,23,17,1861
2008,11,23,18,1955
2008,11,23,19,2055
2008,11,23,20,2152
2008,11,23,21,2200
2008,11,23,22,2163
2008,11,23,23,2046
2008,11,24,0,1883
2008,11,24,1,1728
2008,11,24,2,1623
2008,11,24,3,1603
2008,11,24,4,1665
2008,11,24,5,1795
2008,11,24,6,1982
2008,11,24,7,2176
2008,11,24,8,2361
2008,11,24,9,2479
2008,11,24,10,2486
2008,11,24,11,2382
2008,11,24,12,2196
2008,11,24,13,2000
2008,11,24,14,1844
2008,11,24,15,1747
2008,11,24,16,1707
2008,11,24,17,1732
2008,11,24,18,1800
2008,11,24,19,1912
2008,11,24,20,2038
2008,11,24,21,2137
2008,11,24,22,2173
2008,11,24,23,2115
2008,11,25,0,1975
2008,11,25,1,1804
2008,11,25,2,1652
2008,11,25,3,1570
2008,11,25,4,1577
2008,11,25,5,1671
2008,11,25,6,1842
2008,11,25,7,2059
2008,11,25,8,2270
2008,11,25,9,2454
2008,11,25,10,2549
2008,11,25,11,2541
2008,11,25,12,2423
2008,11,25,13,2219
2008,11,25,14,1998
2008,11,25,15,1824
2008,11,25,16,1719
2008,11,25,17,1691
2008,11,25,18,1735
2008,11,25,19,1831
2008,11,25,20,1957
2008,11,25,21,2091
2008,11,25,22,2197
2008,11,25,23,2238
2008,11,26,0,2176
2008,11,26,1,2026
2008,11,26,2,1828
2008,11,26,3,1651
2008,11,26,4,1584
2008,11,26,5,1648
2008,11,26,6,1816
2008,11,26,7,2031
2008,11,26,8,2258
2008,11,26,9,2474
2008,11,26,10,2627
2008,11,26,11,2698
2008,11,26,12,2651
2008,11,26,13,2461
2008,11,26,14,2200
2008,11,26,15,1949
2008,11,26,16,1774
2008,11,26,17,1696
2008,11,26,18,1701
2008,11,26,19,1765
2008,11,26,20,1885
2008,11,26,21,2033
2008,11,26,22,2172
2008,11,26,23,2254
2008,11,27,0,2237
2008,11,27,1,2106
2008,11,27,2,1903
2008,11,27,3,1709
2008,11,27,4,1608
2008,11,27,5,1629
2008,11,27,6,1742
2008,11,27,7,1929
2008,11,27,8,2168
2008,11,27,9,2428
2008,11,27,10,2639
2008,11,27,11,2752
2008,11,27,12,2737
2008,11,27,13,2583
2008,11,27,14,2333
2008,11,27,15,2050
2008,11,27,16,1814
2008,11,27,17,1670
2008,11,27,18,1632
2008,11,27,19,1679
2008,11,27,20,1784
2008,11,27,21,1921
2008,11,27,22,2069
2008,11,27,23,2193
2008,11,28,0,2240
2008,11,28,1,2178
2008,11,28,2,2008
2008,11,28,3,1793
2008,11,28,4,1636
2008,11,28,5,1591
2008,11,28,6,1667
2008,11,28,7,1835
2008,11,28,8,2059
2008,11,28,9,2319
2008,11,28,10,2544
2008,11,28,11,2695
2008,11,28,12,2750
2008,11,28,13,2674
2008,11,28,14,2484
2008,11,28,15,2217
2008,11,28,16,1940
2008,11,28,17,1724
2008,11,28,18,1621
2008,11,28,19,1622
2008,11,28,20,1704
2008,11,28,21,1836
2008,11,28,22,1988
2008,11,28,23,2118
2008,11,29,0,2189
2008,11,29,1,2185
2008,11,29,2,2087
2008,11,29,3,1908
2008,11,29,4,1726
2008,11,29,5,1622
2008,11,29,6,1637
2008,11,29,7,1757
2008,11,29,8,1950
2008,11,29,9,2177
2008,11,29,10,2413
2008,11,29,11,2619
2008,11,29,12,2742
2008,11,29,13,2727
2008,11,29,14,2584
2008,11,29,15,2343
2008,11,29,16,2063
2008,11,29,17,1822
2008,11,29,18,1661
2008,11,29,19,1607
2008,11,29,20,1648
2008,11,29,21,1760
2008,11,29,22,1917
2008,11,29,23,2068
2008,11,30,0,2179
2008,11,30,1,2223
2008,11,30,2,2153
2008,11,30,3,1993
2008,11,30,4,1807
2008,11,30,5,1658
2008,11,30,6,1601
2008,11,30,7,1658
2008,11,30,8,1817
2008,11,30,9,2050
2008,11,30,10,2301
2008,11,30,11,2511
2008,11,30,12,2639
2008,11,30,13,2669
2008,11,30,14,2612
2008,11,30,15,2447
2008,11,30,16,2193
2008,11,30,17,1923
2008,11,30,18,1704
2008,11,30,19,1596
2008,11,30,20,1599
2008,11,30,21,1681
2008,11,30,22,1826
2008,11,30,23,1974
2008,12,1,0,2095
2008,12,1,1,2167
2008,12,1,2,2160
2008,12,1,3,2065
2008,12,1,4,1902
2008,12,1,5,1730
2008,12,1,6,1624
2008,12,1,7,1615
2008,12,1,8,1710
2008,12,1,9,1879
2008,12,1,10,2101
2008,12,1,11,2333
2008,12,1,12,2507
2008,12,1,13,2588
2008,12,1,14,2581
2008,12,1,15,2482
2008,12,1,16,2285
2008,12,1,17,2033
2008,12,1,18,1790
2008,12,1,19,1619
2008,12,1,20,1556
2008,12,1,21,1596
2008,12,1,22,1713
2008,12,1,23,1857
2008,12,2,0,1998
2008,12,2,1,2099
2008,12,2,2,2131
2008,12,2,3,2078
2008,12,2,4,1956
2008,12,2,5,1802
2008,12,2,6,1677
2008,12,2,7,1621
2008,12,2,8,1658
2008,12,2,9,1779
2008,12,2,10,1945
2008,12,2,11,2152
2008,12,2,12,2349
2008,12,2,13,2490
2008,12,2,14,2544
2008,12,2,15,2500
2008,12,2,16,2362
2008,12,2,17,2161
2008,12,2,18,1941
2008,12,2,19,1756
2008,12,2,20,1643
2008,12,2,21,1621
2008,12,2,22,1686
2008,12,2,23,1803
2008,12,3,0,1936
2008,12,3,1,2043
2008,12,3,2,2099
2008,12,3,3,2095
2008,12,3,4,2033
2008,12,3,5,1925
2008,12,3,6,1793
2008,12,3,7,1691
2008,12,3,8,1651
2008,12,3,9,1696
2008,12,3,10,1822
2008,12,3,11,1992
2008,12,3,12,2171
2008,12,3,13,2324
2008,12,3,14,2420
2008,12,3,15,2453
2008,12,3,16,2397
2008,12,3,17,2252
2008,12,3,18,2046
2008,12,3,19,1839
2008,12,3,20,1683
2008,12,3,21,1610
2008,12,3,22,1621
2008,12,3,23,1691
2008,12,4,0,1811
2008,12,4,1,1931
2008,12,4,2,2022
2008,12,4,3,2073
2008,12,4,4,2079
2008,12,4,5,2032
2008,12,4,6,1924
2008,12,4,7,1799
2008,12,4,8,1706
2008,12,4,9,1683
2008,12,4,10,1743
2008,12,4,11,1861
2008,12,4,12,2008
2008,12,4,13,2162
2008,12,4,14,2275
2008,12,4,15,2341
2008,12,4,16,2340
2008,12,4,17,2265
2008,12,4,18,2132
2008,12,4,19,1962
2008,12,4,20,1793
2008,12,4,21,1664
2008,12,4,22,1608
2008,12,4,23,1636
2008,12,5,0,1732
2008,12,5,1,1850
2008,12,5,2,1954
2008,12,5,3,2034
2008,12,5,4,2083
2008,12,5,5,2094
2008,12,5,6,2054
2008,12,5,7,1963
2008,12,5,8,1848
2008,12,5,9,1759
2008,12,5,10,1743
2008,12,5,11,1794
2008,12,5,12,1903
2008,12,5,13,2024
2008,12,5,14,2129
2008,12,5,15,2212
2008,12,5,16,2271
2008,12,5,17,2275
2008,12,5,18,2205
2008,12,5,19,2070
2008,12,5,20,1901
2008,12,5,21,1755
2008,12,5,22,1671
2008,12,5,23,1652
2008,12,6,0,1682
2008,12,6,1,1758
2008,12,6,2,1862
2008,12,6,3,1966
2008,12,6,4,2079
2008,12,6,5,2161
2008,12,6,6,2183
2008,12,6,7,2135
2008,12,6,8,2041
2008,12,6,9,1937
2008,12,6,10,1867
2008,12,6,11,1843
2008,12,6,12,1870
2008,12,6,13,1930
2008,12,6,14,2006
2008,12,6,15,2094
2008,12,6,16,2176
2008,12,6,17,2226
2008,12,6,18,2217
2008,12,6,19,2149
2008,12,6,20,2021
2008,12,6,21,1870
2008,12,6,22,1740
2008,12,6,23,1664
2008,12,7,0,1648
2008,12,7,1,1696
2008,12,7,2,1785
2008,12,7,3,1890
2008,12,7,4,2027
2008,12,7,5,2140
2008,12,7,6,2236
2008,12,7,7,2267
2008,12,7,8,2222
2008,12,7,9,2121
2008,12,7,10,2009
2008,12,7,11,1910
2008,12,7,12,1849
2008,12,7,13,1832
2008,12,7,14,1873
2008,12,7,15,1945
2008,12,7,16,2032
2008,12,7,17,2112
2008,12,7,18,2162
2008,12,7,19,2166
2008,12,7,20,2106
2008,12,7,21,1985
2008,12,7,22,1839
2008,12,7,23,1711
2008,12,8,0,1639
2008,12,8,1,1642
2008,12,8,2,1698
2008,12,8,3,1794
2008,12,8,4,1924
2008,12,8,5,2077
2008,12,8,6,2229
2008,12,8,7,2338
2008,12,8,8,2372
2008,12,8,9,2311
2008,12,8,10,2174
2008,12,8,11,2029
2008,12,8,12,1915
2008,12,8,13,1849
2008,12,8,14,1819
2008,12,8,15,1833
2008,12,8,16,1886
2008,12,8,17,1975
2008,12,8,18,2083
2008,12,8,19,2163
2008,12,8,20,2177
2008,12,8,21,2104
2008,12,8,22,1976
2008,12,8,23,1815
2008,12,9,0,1675
2008,12,9,1,1608
2008,12,9,2,1618
2008,12,9,3,1696
2008,12,9,4,1832
2008,12,9,5,2011
2008,12,9,6,2212
2008,12,9,7,2394
2008,12,9,8,2508
2008,12,9,9,2519
2008,12,9,10,2427
2008,12,9,11,2268
2008,12,9,12,2086
2008,12,9,13,1927
2008,12,9,14,1822
2008,12,9,15,1777
2008,12,9,16,1790
2008,12,9,17,1859
2008,12,9,18,1968
2008,12,9,19,2091
2008,12,9,20,2176
2008,12,9,21,2192
2008,12,9,22,2111
2008,12,9,23,1960
2008,12,10,0,1792
2008,12,10,1,1652
2008,12,10,2,1584
2008,12,10,3,1594
2008,12,10,4,1695
2008,12,10,5,1880
2008,12,10,6,2118
2008,12,10,7,2375
2008,12,10,8,2582
2008,12,10,9,2680
2008,12,10,10,2660
2008,12,10,11,2537
2008,12,10,12,2334
2008,12,10,13,2104
2008,12,10,14,1897
2008,12,10,15,1751
2008,12,10,16,1681
2008,12,10,17,1696
2008,12,10,18,1793
2008,12,10,19,1931
2008,12,10,20,2070
2008,12,10,21,2178
2008,12,10,22,2194
2008,12,10,23,2098
2008,12,11,0,1922
2008,12,11,1,1724
2008,12,11,2,1567
2008,12,11,3,1496
2008,12,11,4,1548
2008,12,11,5,1707
2008,12,11,6,1936
2008,12,11,7,2198
2008,12,11,8,2450
2008,12,11,9,2638
2008,12,11,10,2731
2008,12,11,11,2699
2008,12,11,12,2546
2008,12,11,13,2288
2008,12,11,14,2012
2008,12,11,15,1756
2008,12,11,16,1576
2008,12,11,17,1503
2008,12,11,18,1537
2008,12,11,19,1670
2008,12,11,20,1844
2008,12,11,21,2012
2008,12,11,22,2126
2008,12,11,23,2136
2008,12,12,0,2034
2008,12,12,1,1839
2008,12,12,2,1619
2008,12,12,3,1443
2008,12,12,4,1372
2008,12,12,5,1449
2008,12,12,6,1653
2008,12,12,7,1933
2008,12,12,8,2237
2008,12,12,9,2508
2008,12,12,10,2691
2008,12,12,11,2757
2008,12,12,12,2693
2008,12,12,13,2506
2008,12,12,14,2212
2008,12,12,15,1891
2008,12,12,16,1619
2008,12,12,17,1442
2008,12,12,18,1389
2008,12,12,19,1455
2008,12,12,20,1620
2008,12,12,21,1829
2008,12,12,22,2034
2008,12,12,23,2158
2008,12,13,0,2158
2008,12,13,1,2026
2008,12,13,2,1794
2008,12,13,3,1537
2008,12,13,4,1358
2008,12,13,5,1323
2008,12,13,6,1436
2008,12,13,7,1656
2008,12,13,8,1945
2008,12,13,9,2270
2008,12,13,10,2554
2008,12,13,11,2736
2008,12,13,12,2797
2008,12,13,13,2723
2008,12,13,14,2499
2008,12,13,15,2168
2008,12,13,16,1814
2008,12,13,17,1535
2008,12,13,18,1379
2008,12,13,19,1355
2008,12,13,20,1461
2008,12,13,21,1655
2008,12,13,22,1886
2008,12,13,23,2089
2008,12,14,0,2195
2008,12,14,1,2168
2008,12,14,2,2002
2008,12,14,3,1752
2008,12,14,4,1500
2008,12,14,5,1331
2008,12,14,6,1314
2008,12,14,7,1442
2008,12,14,8,1663
2008,12,14,9,1957
2008,12,14,10,2269
2008,12,14,11,2539
2008,12,14,12,2715
2008,12,14,13,2768
2008,12,14,14,2664
2008,12,14,15,2404
2008,12,14,16,2055
2008,12,14,17,1714
2008,12,14,18,1463
2008,12,14,19,1334
2008,12,14,20,1341
2008,12,14,21,1472
2008,12,14,22,1685
2008,12,14,23,1919
2008,12,15,0,2111
2008,12,15,1,2204
2008,12,15,2,2162
2008,12,15,3,1987
2008,12,15,4,1727
2008,12,15,5,1479
2008,12,15,6,1331
2008,12,15,7,1331
2008,12,15,8,1475
2008,12,15,9,1716
2008,12,15,10,2006
2008,12,15,11,2291
2008,12,15,12,2530
2008,12,15,13,2690
2008,12,15,14,2732
2008,12,15,15,2621
2008,12,15,16,2357
2008,12,15,17,2017
2008,12,15,18,1702
2008,12,15,19,1478
2008,12,15,20,1380
2008,12,15,21,1412
2008,12,15,22,1549
2008,12,15,23,1754
2008,12,16,0,1977
2008,12,16,1,2162
2008,12,16,2,2243
2008,12,16,3,2190
2008,12,16,4,2006
2008,12,16,5,1752
2008,12,16,6,1521
2008,12,16,7,1401
2008,12,16,8,1414
2008,12,16,9,1548
2008,12,16,10,1759
2008,12,16,11,2010
2008,12,16,12,2247
2008,12,16,13,2447
2008,12,16,14,2587
2008,12,16,15,2609
2008,12,16,16,2481
2008,12,16,17,2218
2008,12,16,18,1903
2008,12,16,19,1615
2008,12,16,20,1431
2008,12,16,21,1382
2008,12,16,22,1447
2008,12,16,23,1608
2008,12,17,0,1809
2008,12,17,1,2002
2008,12,17,2,2148
2008,12,17,3,2211
2008,12,17,4,2174
2008,12,17,5,2017
2008,12,17,6,1797
2008,12,17,7,1586
2008,12,17,8,1481
2008,12,17,9,1508
2008,12,17,10,1635
2008,12,17,11,1833
2008,12,17,12,2049
2008,12,17,13,2245
2008,12,17,14,2403
2008,12,17,15,2503
2008,12,17,16,2500
2008,12,17,17,2373
2008,12,17,18,2123
2008,12,17,19,1832
2008,12,17,20,1591
2008,12,17,21,1464
2008,12,17,22,1458
2008,12,17,23,1542
2008,12,18,0,1681
2008,12,18,1,1845
2008,12,18,2,2004
2008,12,18,3,2139
2008,12,18,4,2218
2008,12,18,5,2188
2008,12,18,6,2033
2008,12,18,7,1829
2008,12,18,8,1665
2008,12,18,9,1590
2008,12,18,10,1612
2008,12,18,11,1718
2008,12,18,12,1874
2008,12,18,13,2032
2008,12,18,14,2183
2008,12,18,15,2298
2008,12,18,16,2358
2008,12,18,17,2329
2008,12,18,18,2199
2008,12,18,19,1977
2008,12,18,20,1738
2008,12,18,21,1569
2008,12,18,22,1499
2008,12,18,23,1526
2008,12,19,0,1627
2008,12,19,1,1773
2008,12,19,2,1925
2008,12,19,3,2061
2008,12,19,4,2183
2008,12,19,5,2248
2008,12,19,6,2216
2008,12,19,7,2101
2008,12,19,8,1941
2008,12,19,9,1800
2008,12,19,10,1722
2008,12,19,11,1721
2008,12,19,12,1798
2008,12,19,13,1913
2008,12,19,14,2034
2008,12,19,15,2136
2008,12,19,16,2205
2008,12,19,17,2235
2008,12,19,18,2210
2008,12,19,19,2093
2008,12,19,20,1904
2008,12,19,21,1715
2008,12,19,22,1581
2008,12,19,23,1548
2008,12,20,0,1599
2008,12,20,1,1711
2008,12,20,2,1832
2008,12,20,3,1950
2008,12,20,4,2069
2008,12,20,5,2181
2008,12,20,6,2251
2008,12,20,7,2245
2008,12,20,8,2149
2008,12,20,9,1999
2008,12,20,10,1862
2008,12,20,11,1788
2008,12,20,12,1785
2008,12,20,13,1826
2008,12,20,14,1897
2008,12,20,15,1982
2008,12,20,16,2053
2008,12,20,17,2101
2008,12,20,18,2118
2008,12,20,19,2088
2008,12,20,20,1984
2008,12,20,21,1831
2008,12,20,22,1688
2008,12,20,23,1597
2008,12,21,0,1582
2008,12,21,1,1635
2008,12,21,2,1726
2008,12,21,3,1832
2008,12,21,4,1963
2008,12,21,5,2104
2008,12,21,6,2218
2008,12,21,7,2281
2008,12,21,8,2262
2008,12,21,9,2166
2008,12,21,10,2030
2008,12,21,11,1914
2008,12,21,12,1843
2008,12,21,13,1827
2008,12,21,14,1843
2008,12,21,15,1861
2008,12,21,16,1895
2008,12,21,17,1945
2008,12,21,18,2001
2008,12,21,19,2033
2008,12,21,20,2021
2008,12,21,21,1944
2008,12,21,22,1824
2008,12,21,23,1702
2008,12,22,0,1624
2008,12,22,1,1612
2008,12,22,2,1657
2008,12,22,3,1741
2008,12,22,4,1853
2008,12,22,5,1990
2008,12,22,6,2140
2008,12,22,7,2270
2008,12,22,8,2344
2008,12,22,9,2318
2008,12,22,10,2205
2008,12,22,11,2059
2008,12,22,12,1928
2008,12,22,13,1853
2008,12,22,14,1819
2008,12,22,15,1809
2008,12,22,16,1815
2008,12,22,17,1837
2008,12,22,18,1888
2008,12,22,19,1945
2008,12,22,20,1982
2008,12,22,21,1979
2008,12,22,22,1915
2008,12,22,23,1803
2008,12,23,0,1693
2008,12,23,1,1624
2008,12,23,2,1621
2008,12,23,3,1670
2008,12,23,4,1762
2008,12,23,5,1898
2008,12,23,6,2062
2008,12,23,7,2225
2008,12,23,8,2344
2008,12,23,9,2387
2008,12,23,10,2334
2008,12,23,11,2212
2008,12,23,12,2067
2008,12,23,13,1942
2008,12,23,14,1845
2008,12,23,15,1771
2008,12,23,16,1735
2008,12,23,17,1749
2008,12,23,18,1793
2008,12,23,19,1864
2008,12,23,20,1939
2008,12,23,21,1988
2008,12,23,22,1982
2008,12,23,23,1908
2008,12,24,0,1795
2008,12,24,1,1686
2008,12,24,2,1619
2008,12,24,3,1614
2008,12,24,4,1672
2008,12,24,5,1790
2008,12,24,6,1949
2008,12,24,7,2129
2008,12,24,8,2295
2008,12,24,9,2411
2008,12,24,10,2426
2008,12,24,11,2347
2008,12,24,12,2208
2008,12,24,13,2041
2008,12,24,14,1892
2008,12,24,15,1762
2008,12,24,16,1681
2008,12,24,17,1661
2008,12,24,18,1693
2008,12,24,19,1768
2008,12,24,20,1851
2008,12,24,21,1938
2008,12,24,22,1998
2008,12,24,23,1984
2008,12,25,0,1911
2008,12,25,1,1803
2008,12,25,2,1674
2008,12,25,3,1565
2008,12,25,4,1539
2008,12,25,5,1617
2008,12,25,6,1781
2008,12,25,7,1987
2008,12,25,8,2182
2008,12,25,9,2334
2008,12,25,10,2417
2008,12,25,11,2418
2008,12,25,12,2327
2008,12,25,13,2159
2008,12,25,14,1964
2008,12,25,15,1779
2008,12,25,16,1643
2008,12,25,17,1588
2008,12,25,18,1614
2008,12,25,19,1693
2008,12,25,20,1787
2008,12,25,21,1880
2008,12,25,22,1975
2008,12,25,23,2018
2008,12,26,0,1995
2008,12,26,1,1891
2008,12,26,2,1734
2008,12,26,3,1582
2008,12,26,4,1513
2008,12,26,5,1555
2008,12,26,6,1691
2008,12,26,7,1873
2008,12,26,8,2071
2008,12,26,9,2254
2008,12,26,10,2393
2008,12,26,11,2465
2008,12,26,12,2437
2008,12,26,13,2305
2008,12,26,14,2093
2008,12,26,15,1861
2008,12,26,16,1674
2008,12,26,17,1567
2008,12,26,18,1540
2008,12,26,19,1569
2008,12,26,20,1649
2008,12,26,21,1779
2008,12,26,22,1913
2008,12,26,23,2003
2008,12,27,0,2014
2008,12,27,1,1939
2008,12,27,2,1787
2008,12,27,3,1616
2008,12,27,4,1495
2008,12,27,5,1463
2008,12,27,6,1553
2008,12,27,7,1721
2008,12,27,8,1920
2008,12,27,9,2127
2008,12,27,10,2323
2008,12,27,11,2444
2008,12,27,12,2490
2008,12,27,13,2421
2008,12,27,14,2244
2008,12,27,15,1992
2008,12,27,16,1743
2008,12,27,17,1568
2008,12,27,18,1489
2008,12,27,19,1505
2008,12,27,20,1594
2008,12,27,21,1717
2008,12,27,22,1860
2008,12,27,23,1978
2008,12,28,0,2038
2008,12,28,1,2021
2008,12,28,2,1909
2008,12,28,3,1745
2008,12,28,4,1587
2008,12,28,5,1499
2008,12,28,6,1525
2008,12,28,7,1653
2008,12,28,8,1828
2008,12,28,9,2028
2008,12,28,10,2240
2008,12,28,11,2406
2008,12,28,12,2502
2008,12,28,13,2493
2008,12,28,14,2374
2008,12,28,15,2144
2008,12,28,16,1878
2008,12,28,17,1652
2008,12,28,18,1513
2008,12,28,19,1487
2008,12,28,20,1533
2008,12,28,21,1642
2008,12,28,22,1779
2008,12,28,23,1919
2008,12,29,0,2038
2008,12,29,1,2077
2008,12,29,2,2003
2008,12,29,3,1829
2008,12,29,4,1632
2008,12,29,5,1490
2008,12,29,6,1456
2008,12,29,7,1534
2008,12,29,8,1693
2008,12,29,9,1899
2008,12,29,10,2120
2008,12,29,11,2322
2008,12,29,12,2463
2008,12,29,13,2516
2008,12,29,14,2447
2008,12,29,15,2260
2008,12,29,16,2001
2008,12,29,17,1739
2008,12,29,18,1544
2008,12,29,19,1451
2008,12,29,20,1459
2008,12,29,21,1544
2008,12,29,22,1681
2008,12,29,23,1843
2008,12,30,0,1991
2008,12,30,1,2083
2008,12,30,2,2063
2008,12,30,3,1925
2008,12,30,4,1722
2008,12,30,5,1541
2008,12,30,6,1448
2008,12,30,7,1466
2008,12,30,8,1574
2008,12,30,9,1739
2008,12,30,10,1931
2008,12,30,11,2161
2008,12,30,12,2321
2008,12,30,13,2431
2008,12,30,14,2426
2008,12,30,15,2298
2008,12,30,16,2078
2008,12,30,17,1830
2008,12,30,18,1605
2008,12,30,19,1456
2008,12,30,20,1407
2008,12,30,21,1460
2008,12,30,22,1590
2008,12,30,23,1771
2008,12,31,0,1954
2008,12,31,1,2090
2008,12,31,2,2115
2008,12,31,3,2027
2008,12,31,4,1857
2008,12,31,5,1674
2008,12,31,6,1533
2008,12,31,7,1473
2008,12,31,8,1516
2008,12,31,9,1648
2008,12,31,10,1820
2008,12,31,11,2057
2008,12,31,12,2241
2008,12,31,13,2372
2008,12,31,14,2414
2008,12,31,15,2348
2008,12,31,16,2176
2008,12,31,17,1939
2008,12,31,18,1708
2008,12,31,19,1537
2008,12,31,20,1448
2008,12,31,21,1453
2008,12,31,22,1542
2008,12,31,23,1701
2009,1,1,0,1905
2009,1,1,1,2080
2009,1,1,2,2156
2009,1,1,3,2112
2009,1,1,4,1984
2009,1,1,5,1817
2009,1,1,6,1662
2009,1,1,7,1564
2009,1,1,8,1544
2009,1,1,9,1602
2009,1,1,10,1728
2009,1,1,11,1910
2009,1,1,12,2120
2009,1,1,13,2299
2009,1,1,14,2398
2009,1,1,15,2391
2009,1,1,16,2282
2009,1,1,17,2082
2009,1,1,18,1846
2009,1,1,19,1640
2009,1,1,20,1505
2009,1,1,21,1470
2009,1,1,22,1537
2009,1,1,23,1683
2009,1,2,0,1882
2009,1,2,1,2054
2009,1,2,2,2165
2009,1,2,3,2191
2009,1,2,4,2134
2009,1,2,5,2008
2009,1,2,6,1846
2009,1,2,7,1695
2009,1,2,8,1605
2009,1,2,9,1616
2009,1,2,10,1702
2009,1,2,11,1845
2009,1,2,12,2012
2009,1,2,13,2174
2009,1,2,14,2308
2009,1,2,15,2375
2009,1,2,16,2330
2009,1,2,17,2170
2009,1,2,18,1943
2009,1,2,19,1721
2009,1,2,20,1565
2009,1,2,21,1499
2009,1,2,22,1513
2009,1,2,23,1612
2009,1,3,0,1779
2009,1,3,1,1966
2009,1,3,2,2115
2009,1,3,3,2174
2009,1,3,4,2171
2009,1,3,5,2115
2009,1,3,6,2001
2009,1,3,7,1854
2009,1,3,8,1715
2009,1,3,9,1641
2009,1,3,10,1661
2009,1,3,11,1768
2009,1,3,12,1902
2009,1,3,13,2038
2009,1,3,14,2143
2009,1,3,15,2217
2009,1,3,16,2235
2009,1,3,17,2167
2009,1,3,18,2011
2009,1,3,19,1808
2009,1,3,20,1615
2009,1,3,21,1496
2009,1,3,22,1472
2009,1,3,23,1533
2009,1,4,0,1659
2009,1,4,1,1831
2009,1,4,2,2000
2009,1,4,3,2119
2009,1,4,4,2178
2009,1,4,5,2178
2009,1,4,6,2116
2009,1,4,7,2010
2009,1,4,8,1880
2009,1,4,9,1761
2009,1,4,10,1697
2009,1,4,11,1713
2009,1,4,12,1792
2009,1,4,13,1883
2009,1,4,14,1975
2009,1,4,15,2058
2009,1,4,16,2114
2009,1,4,17,2123
2009,1,4,18,2050
2009,1,4,19,1898
2009,1,4,20,1713
2009,1,4,21,1565
2009,1,4,22,1490
2009,1,4,23,1500
2009,1,5,0,1587
2009,1,5,1,1725
2009,1,5,2,1872
2009,1,5,3,2010
2009,1,5,4,2138
2009,1,5,5,2227
2009,1,5,6,2246
2009,1,5,7,2191
2009,1,5,8,2064
2009,1,5,9,1932
2009,1,5,10,1781
2009,1,5,11,1730
2009,1,5,12,1735
2009,1,5,13,1783
2009,1,5,14,1839
2009,1,5,15,1889
2009,1,5,16,1937
2009,1,5,17,1969
2009,1,5,18,1968
2009,1,5,19,1908
2009,1,5,20,1787
2009,1,5,21,1642
2009,1,5,22,1525
2009,1,5,23,1486
2009,1,6,0,1512
2009,1,6,1,1594
2009,1,6,2,1709
2009,1,6,3,1833
2009,1,6,4,1982
2009,1,6,5,2125
2009,1,6,6,2230
2009,1,6,7,2258
2009,1,6,8,2184
2009,1,6,9,2048
2009,1,6,10,1895
2009,1,6,11,1778
2009,1,6,12,1715
2009,1,6,13,1689
2009,1,6,14,1689
2009,1,6,15,1708
2009,1,6,16,1745
2009,1,6,17,1799
2009,1,6,18,1858
2009,1,6,19,1871
2009,1,6,20,1824
2009,1,6,21,1729
2009,1,6,22,1617
2009,1,6,23,1526
2009,1,7,0,1479
2009,1,7,1,1496
2009,1,7,2,1559
2009,1,7,3,1658
2009,1,7,4,1805
2009,1,7,5,1980
2009,1,7,6,2149
2009,1,7,7,2269
2009,1,7,8,2299
2009,1,7,9,2227
2009,1,7,10,2085
2009,1,7,11,1926
2009,1,7,12,1795
2009,1,7,13,1703
2009,1,7,14,1638
2009,1,7,15,1599
2009,1,7,16,1588
2009,1,7,17,1628
2009,1,7,18,1710
2009,1,7,19,1792
2009,1,7,20,1837
2009,1,7,21,1814
2009,1,7,22,1724
2009,1,7,23,1619
2009,1,8,0,1524
2009,1,8,1,1469
2009,1,8,2,1468
2009,1,8,3,1528
2009,1,8,4,1648
2009,1,8,5,1820
2009,1,8,6,2020
2009,1,8,7,2210
2009,1,8,8,2346
2009,1,8,9,2388
2009,1,8,10,2312
2009,1,8,11,2155
2009,1,8,12,1966
2009,1,8,13,1786
2009,1,8,14,1639
2009,1,8,15,1534
2009,1,8,16,1480
2009,1,8,17,1491
2009,1,8,18,1572
2009,1,8,19,1696
2009,1,8,20,1804
2009,1,8,21,1853
2009,1,8,22,1842
2009,1,8,23,1771
2009,1,9,0,1657
2009,1,9,1,1540
2009,1,9,2,1438
2009,1,9,3,1389
2009,1,9,4,1439
2009,1,9,5,1586
2009,1,9,6,1801
2009,1,9,7,2041
2009,1,9,8,2260
2009,1,9,9,2406
2009,1,9,10,2448
2009,1,9,11,2387
2009,1,9,12,2226
2009,1,9,13,2002
2009,1,9,14,1766
2009,1,9,15,1568
2009,1,9,16,1435
2009,1,9,17,1394
2009,1,9,18,1427
2009,1,9,19,1522
2009,1,9,20,1665
2009,1,9,21,1810
2009,1,9,22,1910
2009,1,9,23,1915
2009,1,10,0,1814
2009,1,10,1,1654
2009,1,10,2,1481
2009,1,10,3,1344
2009,1,10,4,1299
2009,1,10,5,1366
2009,1,10,6,1540
2009,1,10,7,1765
2009,1,10,8,2063
2009,1,10,9,2288
2009,1,10,10,2439
2009,1,10,11,2470
2009,1,10,12,2381
2009,1,10,13,2188
2009,1,10,14,1921
2009,1,10,15,1638
2009,1,10,16,1408
2009,1,10,17,1278
2009,1,10,18,1266
2009,1,10,19,1345
2009,1,10,20,1489
2009,1,10,21,1670
2009,1,10,22,1847
2009,1,10,23,1969
2009,1,11,0,1972
2009,1,11,1,1855
2009,1,11,2,1643
2009,1,11,3,1424
2009,1,11,4,1281
2009,1,11,5,1258
2009,1,11,6,1356
2009,1,11,7,1542
2009,1,11,8,1791
2009,1,11,9,2082
2009,1,11,10,2351
2009,1,11,11,2531
2009,1,11,12,2560
2009,1,11,13,2431
2009,1,11,14,2176
2009,1,11,15,1856
2009,1,11,16,1556
2009,1,11,17,1335
2009,1,11,18,1242
2009,1,11,19,1257
2009,1,11,20,1371
2009,1,11,21,1555
2009,1,11,22,1774
2009,1,11,23,1979
2009,1,12,0,2090
2009,1,12,1,2077
2009,1,12,2,1916
2009,1,12,3,1666
2009,1,12,4,1428
2009,1,12,5,1286
2009,1,12,6,1281
2009,1,12,7,1384
2009,1,12,8,1578
2009,1,12,9,1838
2009,1,12,10,2128
2009,1,12,11,2396
2009,1,12,12,2554
2009,1,12,13,2549
2009,1,12,14,2394
2009,1,12,15,2126
2009,1,12,16,1801
2009,1,12,17,1491
2009,1,12,18,1270
2009,1,12,19,1189
2009,1,12,20,1238
2009,1,12,21,1404
2009,1,12,22,1641
2009,1,12,23,1881
2009,1,13,0,2085
2009,1,13,1,2189
2009,1,13,2,2144
2009,1,13,3,1942
2009,1,13,4,1672
2009,1,13,5,1436
2009,1,13,6,1297
2009,1,13,7,1283
2009,1,13,8,1384
2009,1,13,9,1574
2009,1,13,10,1843
2009,1,13,11,2150
2009,1,13,12,2413
2009,1,13,13,2545
2009,1,13,14,2503
2009,1,13,15,2305
2009,1,13,16,1994
2009,1,13,17,1660
2009,1,13,18,1370
2009,1,13,19,1191
2009,1,13,20,1172
2009,1,13,21,1285
2009,1,13,22,1493
2009,1,13,23,1733
2009,1,14,0,1963
2009,1,14,1,2147
2009,1,14,2,2225
2009,1,14,3,2146
2009,1,14,4,1918
2009,1,14,5,1634
2009,1,14,6,1415
2009,1,14,7,1326
2009,1,14,8,1364
2009,1,14,9,1477
2009,1,14,10,1653
2009,1,14,11,1897
2009,1,14,12,2157
2009,1,14,13,2366
2009,1,14,14,2443
2009,1,14,15,2369
2009,1,14,16,2155
2009,1,14,17,1848
2009,1,14,18,1537
2009,1,14,19,1294
2009,1,14,20,1187
2009,1,14,21,1226
2009,1,14,22,1388
2009,1,14,23,1624
2009,1,15,0,1871
2009,1,15,1,2088
2009,1,15,2,2233
2009,1,15,3,2264
2009,1,15,4,2157
2009,1,15,5,1937
2009,1,15,6,1694
2009,1,15,7,1498
2009,1,15,8,1423
2009,1,15,9,1453
2009,1,15,10,1567
2009,1,15,11,1758
2009,1,15,12,1976
2009,1,15,13,2182
2009,1,15,14,2312
2009,1,15,15,2324
2009,1,15,16,2205
2009,1,15,17,1984
2009,1,15,18,1701
2009,1,15,19,1426
2009,1,15,20,1240
2009,1,15,21,1194
2009,1,15,22,1285
2009,1,15,23,1479
2009,1,16,0,1707
2009,1,16,1,1917
2009,1,16,2,2074
2009,1,16,3,2169
2009,1,16,4,2182
2009,1,16,5,2093
2009,1,16,6,1905
2009,1,16,7,1679
2009,1,16,8,1495
2009,1,16,9,1423
2009,1,16,10,1472
2009,1,16,11,1605
2009,1,16,12,1779
2009,1,16,13,1950
2009,1,16,14,2074
2009,1,16,15,2134
2009,1,16,16,2115
2009,1,16,17,1999
2009,1,16,18,1788
2009,1,16,19,1539
2009,1,16,20,1338
2009,1,16,21,1222
2009,1,16,22,1224
2009,1,16,23,1342
2009,1,17,0,1553
2009,1,17,1,1774
2009,1,17,2,1960
2009,1,17,3,2085
2009,1,17,4,2149
2009,1,17,5,2154
2009,1,17,6,2056
2009,1,17,7,1870
2009,1,17,8,1664
2009,1,17,9,1519
2009,1,17,10,1475
2009,1,17,11,1543
2009,1,17,12,1675
2009,1,17,13,1811
2009,1,17,14,1915
2009,1,17,15,1962
2009,1,17,16,1970
2009,1,17,17,1932
2009,1,17,18,1828
2009,1,17,19,1655
2009,1,17,20,1455
2009,1,17,21,1305
2009,1,17,22,1255
2009,1,17,23,1313
2009,1,18,0,1467
2009,1,18,1,1661
2009,1,18,2,1831
2009,1,18,3,1962
2009,1,18,4,2061
2009,1,18,5,2117
2009,1,18,6,2110
2009,1,18,7,2021
2009,1,18,8,1850
2009,1,18,9,1685
2009,1,18,10,1578
2009,1,18,11,1558
2009,1,18,12,1615
2009,1,18,13,1701
2009,1,18,14,1781
2009,1,18,15,1822
2009,1,18,16,1842
2009,1,18,17,1844
2009,1,18,18,1810
2009,1,18,19,1719
2009,1,18,20,1578
2009,1,18,21,1431
2009,1,18,22,1352
2009,1,18,23,1361
2009,1,19,0,1445
2009,1,19,1,1572
2009,1,19,2,1702
2009,1,19,3,1828
2009,1,19,4,1944
2009,1,19,5,2038
2009,1,19,6,2096
2009,1,19,7,2071
2009,1,19,8,1974
2009,1,19,9,1823
2009,1,19,10,1712
2009,1,19,11,1642
2009,1,19,12,1631
2009,1,19,13,1663
2009,1,19,14,1703
2009,1,19,15,1721
2009,1,19,16,1723
2009,1,19,17,1724
2009,1,19,18,1740
2009,1,19,19,1732
2009,1,19,20,1671
2009,1,19,21,1576
2009,1,19,22,1468
2009,1,19,23,1416
2009,1,20,0,1444
2009,1,20,1,1518
2009,1,20,2,1604
2009,1,20,3,1676
2009,1,20,4,1758
2009,1,20,5,1868
2009,1,20,6,1994
2009,1,20,7,2081
2009,1,20,8,2061
2009,1,20,9,1946
2009,1,20,10,1808
2009,1,20,11,1702
2009,1,20,12,1639
2009,1,20,13,1624
2009,1,20,14,1627
2009,1,20,15,1634
2009,1,20,16,1628
2009,1,20,17,1628
2009,1,20,18,1652
2009,1,20,19,1674
2009,1,20,20,1675
2009,1,20,21,1634
2009,1,20,22,1565
2009,1,20,23,1491
2009,1,21,0,1453
2009,1,21,1,1463
2009,1,21,2,1518
2009,1,21,3,1587
2009,1,21,4,1668
2009,1,21,5,1773
2009,1,21,6,1892
2009,1,21,7,2015
2009,1,21,8,2089
2009,1,21,9,2083
2009,1,21,10,1999
2009,1,21,11,1872
2009,1,21,12,1756
2009,1,21,13,1672
2009,1,21,14,1616
2009,1,21,15,1578
2009,1,21,16,1539
2009,1,21,17,1532
2009,1,21,18,1567
2009,1,21,19,1628
2009,1,21,20,1687
2009,1,21,21,1708
2009,1,21,22,1686
2009,1,21,23,1631
2009,1,22,0,1559
2009,1,22,1,1499
2009,1,22,2,1466
2009,1,22,3,1477
2009,1,22,4,1534
2009,1,22,5,1634
2009,1,22,6,1774
2009,1,22,7,1919
2009,1,22,8,2035
2009,1,22,9,2106
2009,1,22,10,2099
2009,1,22,11,2013
2009,1,22,12,1888
2009,1,22,13,1771
2009,1,22,14,1659
2009,1,22,15,1559
2009,1,22,16,1484
2009,1,22,17,1454
2009,1,22,18,1479
2009,1,22,19,1548
2009,1,22,20,1648
2009,1,22,21,1735
2009,1,22,22,1782
2009,1,22,23,1767
2009,1,23,0,1691
2009,1,23,1,1593
2009,1,23,2,1520
2009,1,23,3,1481
2009,1,23,4,1495
2009,1,23,5,1576
2009,1,23,6,1709
2009,1,23,7,1855
2009,1,23,8,2006
2009,1,23,9,2144
2009,1,23,10,2227
2009,1,23,11,2210
2009,1,23,12,2092
2009,1,23,13,1931
2009,1,23,14,1772
2009,1,23,15,1618
2009,1,23,16,1501
2009,1,23,17,1448
2009,1,23,18,1465
2009,1,23,19,1539
2009,1,23,20,1645
2009,1,23,21,1746
2009,1,23,22,1821
2009,1,23,23,1845
2009,1,24,0,1817
2009,1,24,1,1736
2009,1,24,2,1621
2009,1,24,3,1512
2009,1,24,4,1461
2009,1,24,5,1501
2009,1,24,6,1615
2009,1,24,7,1773
2009,1,24,8,1937
2009,1,24,9,2100
2009,1,24,10,2231
2009,1,24,11,2269
2009,1,24,12,2213
2009,1,24,13,2061
2009,1,24,14,1849
2009,1,24,15,1645
2009,1,24,16,1495
2009,1,24,17,1425
2009,1,24,18,1425
2009,1,24,19,1471
2009,1,24,20,1575
2009,1,24,21,1709
2009,1,24,22,1845
2009,1,24,23,1925
2009,1,25,0,1916
2009,1,25,1,1829
2009,1,25,2,1686
2009,1,25,3,1536
2009,1,25,4,1444
2009,1,25,5,1448
2009,1,25,6,1541
2009,1,25,7,1705
2009,1,25,8,1897
2009,1,25,9,2095
2009,1,25,10,2264
2009,1,25,11,2347
2009,1,25,12,2328
2009,1,25,13,2218
2009,1,25,14,2017
2009,1,25,15,1785
2009,1,25,16,1571
2009,1,25,17,1432
2009,1,25,18,1384
2009,1,25,19,1411
2009,1,25,20,1510
2009,1,25,21,1654
2009,1,25,22,1825
2009,1,25,23,1964
2009,1,26,0,2026
2009,1,26,1,1974
2009,1,26,2,1823
2009,1,26,3,1641
2009,1,26,4,1489
2009,1,26,5,1431
2009,1,26,6,1466
2009,1,26,7,1587
2009,1,26,8,1783
2009,1,26,9,2003
2009,1,26,10,2203
2009,1,26,11,2349
2009,1,26,12,2396
2009,1,26,13,2339
2009,1,26,14,2179
2009,1,26,15,1932
2009,1,26,16,1664
2009,1,26,17,1458
2009,1,26,18,1363
2009,1,26,19,1362
2009,1,26,20,1428
2009,1,26,21,1567
2009,1,26,22,1753
2009,1,26,23,1931
2009,1,27,0,2042
2009,1,27,1,2049
2009,1,27,2,1937
2009,1,27,3,1751
2009,1,27,4,1558
2009,1,27,5,1428
2009,1,27,6,1400
2009,1,27,7,1469
2009,1,27,8,1620
2009,1,27,9,1829
2009,1,27,10,2055
2009,1,27,11,2264
2009,1,27,12,2384
2009,1,27,13,2382
2009,1,27,14,2273
2009,1,27,15,2071
2009,1,27,16,1792
2009,1,27,17,1527
2009,1,27,18,1341
2009,1,27,19,1277
2009,1,27,20,1322
2009,1,27,21,1476
2009,1,27,22,1691
2009,1,27,23,1905
2009,1,28,0,2060
2009,1,28,1,2109
2009,1,28,2,2053
2009,1,28,3,1899
2009,1,28,4,1700
2009,1,28,5,1522
2009,1,28,6,1409
2009,1,28,7,1403
2009,1,28,8,1498
2009,1,28,9,1687
2009,1,28,10,1933
2009,1,28,11,2172
2009,1,28,12,2340
2009,1,28,13,2386
2009,1,28,14,2305
2009,1,28,15,2121
2009,1,28,16,1867
2009,1,28,17,1605
2009,1,28,18,1383
2009,1,28,19,1263
2009,1,28,20,1253
2009,1,28,21,1363
2009,1,28,22,1565
2009,1,28,23,1795
2009,1,29,0,1986
2009,1,29,1,2075
2009,1,29,2,2051
2009,1,29,3,1940
2009,1,29,4,1761
2009,1,29,5,1560
2009,1,29,6,1405
2009,1,29,7,1348
2009,1,29,8,1392
2009,1,29,9,1518
2009,1,29,10,1716
2009,1,29,11,1937
2009,1,29,12,2132
2009,1,29,13,2260
2009,1,29,14,2261
2009,1,29,15,2129
2009,1,29,16,1891
2009,1,29,17,1615
2009,1,29,18,1380
2009,1,29,19,1239
2009,1,29,20,1211
2009,1,29,21,1288
2009,1,29,22,1453
2009,1,29,23,1682
2009,1,30,0,1920
2009,1,30,1,2077
2009,1,30,2,2105
2009,1,30,3,2013
2009,1,30,4,1841
2009,1,30,5,1634
2009,1,30,6,1464
2009,1,30,7,1356
2009,1,30,8,1338
2009,1,30,9,1425
2009,1,30,10,1604
2009,1,30,11,1828
2009,1,30,12,2027
2009,1,30,13,2161
2009,1,30,14,2207
2009,1,30,15,2144
2009,1,30,16,1961
2009,1,30,17,1706
2009,1,30,18,1438
2009,1,30,19,1246
2009,1,30,20,1184
2009,1,30,21,1236
2009,1,30,22,1380
2009,1,30,23,1589
2009,1,31,0,1812
2009,1,31,1,2000
2009,1,31,2,2098
2009,1,31,3,2102
2009,1,31,4,2011
2009,1,31,5,1840
2009,1,31,6,1647
2009,1,31,7,1489
2009,1,31,8,1407
2009,1,31,9,1432
2009,1,31,10,1542
2009,1,31,11,1723
2009,1,31,12,1910
2009,1,31,13,2043
2009,1,31,14,2122
2009,1,31,15,2122
2009,1,31,16,2030
2009,1,31,17,1849
2009,1,31,18,1593
2009,1,31,19,1373
2009,1,31,20,1250
2009,1,31,21,1240
2009,1,31,22,1337
2009,1,31,23,1505
2009,2,1,0,1711
2009,2,1,1,1911
2009,2,1,2,2068
2009,2,1,3,2136
2009,2,1,4,2116
2009,2,1,5,2003
2009,2,1,6,1808
2009,2,1,7,1599
2009,2,1,8,1466
2009,2,1,9,1442
2009,2,1,10,1493
2009,2,1,11,1589
2009,2,1,12,1720
2009,2,1,13,1865
2009,2,1,14,1974
2009,2,1,15,2020
2009,2,1,16,1984
2009,2,1,17,1869
2009,2,1,18,1670
2009,2,1,19,1450
2009,2,1,20,1281
2009,2,1,21,1222
2009,2,1,22,1284
2009,2,1,23,1422
2009,2,2,0,1607
2009,2,2,1,1794
2009,2,2,2,1955
2009,2,2,3,2061
2009,2,2,4,2116
2009,2,2,5,2091
2009,2,2,6,1967
2009,2,2,7,1783
2009,2,2,8,1610
2009,2,2,9,1513
2009,2,2,10,1496
2009,2,2,11,1551
2009,2,2,12,1648
2009,2,2,13,1749
2009,2,2,14,1842
2009,2,2,15,1905
2009,2,2,16,1916
2009,2,2,17,1854
2009,2,2,18,1726
2009,2,2,19,1548
2009,2,2,20,1370
2009,2,2,21,1257
2009,2,2,22,1244
2009,2,2,23,1339
2009,2,3,0,1510
2009,2,3,1,1705
2009,2,3,2,1864
2009,2,3,3,1985
2009,2,3,4,2067
2009,2,3,5,2105
2009,2,3,6,2071
2009,2,3,7,1968
2009,2,3,8,1806
2009,2,3,9,1656
2009,2,3,10,1561
2009,2,3,11,1535
2009,2,3,12,1567
2009,2,3,13,1637
2009,2,3,14,1712
2009,2,3,15,1768
2009,2,3,16,1808
2009,2,3,17,1815
2009,2,3,18,1758
2009,2,3,19,1644
2009,2,3,20,1524
2009,2,3,21,1421
2009,2,3,22,1363
2009,2,3,23,1373
2009,2,4,0,1454
2009,2,4,1,1584
2009,2,4,2,1724
2009,2,4,3,1876
2009,2,4,4,2002
2009,2,4,5,2088
2009,2,4,6,2129
2009,2,4,7,2110
2009,2,4,8,2027
2009,2,4,9,1894
2009,2,4,10,1763
2009,2,4,11,1665
2009,2,4,12,1608
2009,2,4,13,1601
2009,2,4,14,1615
2009,2,4,15,1633
2009,2,4,16,1653
2009,2,4,17,1684
2009,2,4,18,1705
2009,2,4,19,1680
2009,2,4,20,1623
2009,2,4,21,1543
2009,2,4,22,1463
2009,2,4,23,1420
2009,2,5,0,1445
2009,2,5,1,1531
2009,2,5,2,1638
2009,2,5,3,1764
2009,2,5,4,1874
2009,2,5,5,1985
2009,2,5,6,2099
2009,2,5,7,2177
2009,2,5,8,2173
2009,2,5,9,2088
2009,2,5,10,1964
2009,2,5,11,1832
2009,2,5,12,1723
2009,2,5,13,1647
2009,2,5,14,1602
2009,2,5,15,1561
2009,2,5,16,1545
2009,2,5,17,1571
2009,2,5,18,1633
2009,2,5,19,1690
2009,2,5,20,1724
2009,2,5,21,1695
2009,2,5,22,1620
2009,2,5,23,1534
2009,2,6,0,1475
2009,2,6,1,1483
2009,2,6,2,1523
2009,2,6,3,1585
2009,2,6,4,1676
2009,2,6,5,1809
2009,2,6,6,1978
2009,2,6,7,2140
2009,2,6,8,2251
2009,2,6,9,2264
2009,2,6,10,2191
2009,2,6,11,2052
2009,2,6,12,1888
2009,2,6,13,1735
2009,2,6,14,1615
2009,2,6,15,1534
2009,2,6,16,1487
2009,2,6,17,1495
2009,2,6,18,1556
2009,2,6,19,1646
2009,2,6,20,1734
2009,2,6,21,1783
2009,2,6,22,1769
2009,2,6,23,1695
2009,2,7,0,1587
2009,2,7,1,1486
2009,2,7,2,1422
2009,2,7,3,1417
2009,2,7,4,1484
2009,2,7,5,1614
2009,2,7,6,1801
2009,2,7,7,2014
2009,2,7,8,2208
2009,2,7,9,2340
2009,2,7,10,2362
2009,2,7,11,2283
2009,2,7,12,2122
2009,2,7,13,1921
2009,2,7,14,1712
2009,2,7,15,1533
2009,2,7,16,1426
2009,2,7,17,1407
2009,2,7,18,1458
2009,2,7,19,1555
2009,2,7,20,1690
2009,2,7,21,1826
2009,2,7,22,1909
2009,2,7,23,1910
2009,2,8,0,1823
2009,2,8,1,1673
2009,2,8,2,1513
2009,2,8,3,1412
2009,2,8,4,1378
2009,2,8,5,1442
2009,2,8,6,1575
2009,2,8,7,1811
2009,2,8,8,2017
2009,2,8,9,2257
2009,2,8,10,2410
2009,2,8,11,2457
2009,2,8,12,2366
2009,2,8,13,2159
2009,2,8,14,1883
2009,2,8,15,1601
2009,2,8,16,1383
2009,2,8,17,1268
2009,2,8,18,1263
2009,2,8,19,1358
2009,2,8,20,1536
2009,2,8,21,1745
2009,2,8,22,1922
2009,2,8,23,2021
2009,2,9,0,2009
2009,2,9,1,1889
2009,2,9,2,1698
2009,2,9,3,1481
2009,2,9,4,1314
2009,2,9,5,1279
2009,2,9,6,1365
2009,2,9,7,1542
2009,2,9,8,1772
2009,2,9,9,2033
2009,2,9,10,2292
2009,2,9,11,2465
2009,2,9,12,2494
2009,2,9,13,2358
2009,2,9,14,2077
2009,2,9,15,1749
2009,2,9,16,1459
2009,2,9,17,1271
2009,2,9,18,1199
2009,2,9,19,1230
2009,2,9,20,1369
2009,2,9,21,1594
2009,2,9,22,1853
2009,2,9,23,2067
2009,2,10,0,2162
2009,2,10,1,2106
2009,2,10,2,1922
2009,2,10,3,1670
2009,2,10,4,1433
2009,2,10,5,1282
2009,2,10,6,1263
2009,2,10,7,1368
2009,2,10,8,1560
2009,2,10,9,1824
2009,2,10,10,2110
2009,2,10,11,2367
2009,2,10,12,2512
2009,2,10,13,2483
2009,2,10,14,2286
2009,2,10,15,1972
2009,2,10,16,1644
2009,2,10,17,1361
2009,2,10,18,1189
2009,2,10,19,1156
2009,2,10,20,1263
2009,2,10,21,1486
2009,2,10,22,1769
2009,2,10,23,2039
2009,2,11,0,2223
2009,2,11,1,2264
2009,2,11,2,2146
2009,2,11,3,1913
2009,2,11,4,1630
2009,2,11,5,1382
2009,2,11,6,1249
2009,2,11,7,1265
2009,2,11,8,1406
2009,2,11,9,1624
2009,2,11,10,1880
2009,2,11,11,2141
2009,2,11,12,2355
2009,2,11,13,2462
2009,2,11,14,2397
2009,2,11,15,2151
2009,2,11,16,1796
2009,2,11,17,1453
2009,2,11,18,1216
2009,2,11,19,1125
2009,2,11,20,1168
2009,2,11,21,1327
2009,2,11,22,1580
2009,2,11,23,1865
2009,2,12,0,2130
2009,2,12,1,2300
2009,2,12,2,2316
2009,2,12,3,2148
2009,2,12,4,1852
2009,2,12,5,1545
2009,2,12,6,1343
2009,2,12,7,1244
2009,2,12,8,1290
2009,2,12,9,1448
2009,2,12,10,1681
2009,2,12,11,1913
2009,2,12,12,2117
2009,2,12,13,2270
2009,2,12,14,2304
2009,2,12,15,2194
2009,2,12,16,1916
2009,2,12,17,1552
2009,2,12,18,1240
2009,2,12,19,1100
2009,2,12,20,1138
2009,2,12,21,1273
2009,2,12,22,1477
2009,2,12,23,1724
2009,2,13,0,1971
2009,2,13,1,2197
2009,2,13,2,2332
2009,2,13,3,2304
2009,2,13,4,2101
2009,2,13,5,1780
2009,2,13,6,1478
2009,2,13,7,1298
2009,2,13,8,1288
2009,2,13,9,1400
2009,2,13,10,1585
2009,2,13,11,1805
2009,2,13,12,2020
2009,2,13,13,2179
2009,2,13,14,2254
2009,2,13,15,2217
2009,2,13,16,2055
2009,2,13,17,1765
2009,2,13,18,1442
2009,2,13,19,1209
2009,2,13,20,1150
2009,2,13,21,1246
2009,2,13,22,1432
2009,2,13,23,1679
2009,2,14,0,1921
2009,2,14,1,2128
2009,2,14,2,2270
2009,2,14,3,2321
2009,2,14,4,2236
2009,2,14,5,2019
2009,2,14,6,1749
2009,2,14,7,1515
2009,2,14,8,1382
2009,2,14,9,1380
2009,2,14,10,1507
2009,2,14,11,1703
2009,2,14,12,1902
2009,2,14,13,2046
2009,2,14,14,2123
2009,2,14,15,2126
2009,2,14,16,2049
2009,2,14,17,1873
2009,2,14,18,1638
2009,2,14,19,1410
2009,2,14,20,1272
2009,2,14,21,1258
2009,2,14,22,1375
2009,2,14,23,1576
2009,2,15,0,1806
2009,2,15,1,2007
2009,2,15,2,2147
2009,2,15,3,2232
2009,2,15,4,2244
2009,2,15,5,2153
2009,2,15,6,1975
2009,2,15,7,1748
2009,2,15,8,1568
2009,2,15,9,1498
2009,2,15,10,1520
2009,2,15,11,1616
2009,2,15,12,1746
2009,2,15,13,1863
2009,2,15,14,1946
2009,2,15,15,1988
2009,2,15,16,1977
2009,2,15,17,1896
2009,2,15,18,1731
2009,2,15,19,1527
2009,2,15,20,1369
2009,2,15,21,1322
2009,2,15,22,1386
2009,2,15,23,1525
2009,2,16,0,1691
2009,2,16,1,1864
2009,2,16,2,2005
2009,2,16,3,2117
2009,2,16,4,2197
2009,2,16,5,2212
2009,2,16,6,2115
2009,2,16,7,1906
2009,2,16,8,1707
2009,2,16,9,1601
2009,2,16,10,1593
2009,2,16,11,1655
2009,2,16,12,1750
2009,2,16,13,1818
2009,2,16,14,1854
2009,2,16,15,1876
2009,2,16,16,1886
2009,2,16,17,1866
2009,2,16,18,1777
2009,2,16,19,1638
2009,2,16,20,1505
2009,2,16,21,1428
2009,2,16,22,1448
2009,2,16,23,1550
2009,2,17,0,1684
2009,2,17,1,1818
2009,2,17,2,1935
2009,2,17,3,2036
2009,2,17,4,2132
2009,2,17,5,2181
2009,2,17,6,2166
2009,2,17,7,2074
2009,2,17,8,1934
2009,2,17,9,1806
2009,2,17,10,1744
2009,2,17,11,1737
2009,2,17,12,1764
2009,2,17,13,1798
2009,2,17,14,1811
2009,2,17,15,1808
2009,2,17,16,1813
2009,2,17,17,1824
2009,2,17,18,1808
2009,2,17,19,1742
2009,2,17,20,1645
2009,2,17,21,1557
2009,2,17,22,1524
2009,2,17,23,1551
2009,2,18,0,1620
2009,2,18,1,1712
2009,2,18,2,1816
2009,2,18,3,1928
2009,2,18,4,2026
2009,2,18,5,2103
2009,2,18,6,2142
2009,2,18,7,2130
2009,2,18,8,2057
2009,2,18,9,1956
2009,2,18,10,1864
2009,2,18,11,1796
2009,2,18,12,1758
2009,2,18,13,1752
2009,2,18,14,1766
2009,2,18,15,1767
2009,2,18,16,1766
2009,2,18,17,1782
2009,2,18,18,1790
2009,2,18,19,1770
2009,2,18,20,1737
2009,2,18,21,1679
2009,2,18,22,1631
2009,2,18,23,1613
2009,2,19,0,1615
2009,2,19,1,1649
2009,2,19,2,1713
2009,2,19,3,1796
2009,2,19,4,1886
2009,2,19,5,1983
2009,2,19,6,2062
2009,2,19,7,2099
2009,2,19,8,2091
2009,2,19,9,2047
2009,2,19,10,1985
2009,2,19,11,1910
2009,2,19,12,1826
2009,2,19,13,1751
2009,2,19,14,1696
2009,2,19,15,1674
2009,2,19,16,1685
2009,2,19,17,1706
2009,2,19,18,1729
2009,2,19,19,1744
2009,2,19,20,1760
2009,2,19,21,1763
2009,2,19,22,1749
2009,2,19,23,1719
2009,2,20,0,1683
2009,2,20,1,1660
2009,2,20,2,1658
2009,2,20,3,1688
2009,2,20,4,1743
2009,2,20,5,1847
2009,2,20,6,1973
2009,2,20,7,2076
2009,2,20,8,2140
2009,2,20,9,2154
2009,2,20,10,2121
2009,2,20,11,2040
2009,2,20,12,1944
2009,2,20,13,1841
2009,2,20,14,1744
2009,2,20,15,1675
2009,2,20,16,1639
2009,2,20,17,1649
2009,2,20,18,1689
2009,2,20,19,1748
2009,2,20,20,1813
2009,2,20,21,1848
2009,2,20,22,1847
2009,2,20,23,1824
2009,2,21,0,1783
2009,2,21,1,1733
2009,2,21,2,1688
2009,2,21,3,1667
2009,2,21,4,1681
2009,2,21,5,1739
2009,2,21,6,1843
2009,2,21,7,1981
2009,2,21,8,2128
2009,2,21,9,2226
2009,2,21,10,2246
2009,2,21,11,2169
2009,2,21,12,2046
2009,2,21,13,1905
2009,2,21,14,1755
2009,2,21,15,1625
2009,2,21,16,1532
2009,2,21,17,1500
2009,2,21,18,1538
2009,2,21,19,1639
2009,2,21,20,1771
2009,2,21,21,1877
2009,2,21,22,1924
2009,2,21,23,1906
2009,2,22,0,1833
2009,2,22,1,1741
2009,2,22,2,1633
2009,2,22,3,1546
2009,2,22,4,1510
2009,2,22,5,1556
2009,2,22,6,1681
2009,2,22,7,1862
2009,2,22,8,2051
2009,2,22,9,2193
2009,2,22,10,2276
2009,2,22,11,2281
2009,2,22,12,2195
2009,2,22,13,2027
2009,2,22,14,1828
2009,2,22,15,1647
2009,2,22,16,1521
2009,2,22,17,1464
2009,2,22,18,1481
2009,2,22,19,1568
2009,2,22,20,1712
2009,2,22,21,1863
2009,2,22,22,1984
2009,2,22,23,2029
2009,2,23,0,1994
2009,2,23,1,1883
2009,2,23,2,1726
2009,2,23,3,1578
2009,2,23,4,1483
2009,2,23,5,1490
2009,2,23,6,1574
2009,2,23,7,1753
2009,2,23,8,1936
2009,2,23,9,2131
2009,2,23,10,2283
2009,2,23,11,2351
2009,2,23,12,2316
2009,2,23,13,2171
2009,2,23,14,1945
2009,2,23,15,1702
2009,2,23,16,1506
2009,2,23,17,1419
2009,2,23,18,1424
2009,2,23,19,1501
2009,2,23,20,1645
2009,2,23,21,1830
2009,2,23,22,1999
2009,2,23,23,2108
2009,2,24,0,2122
2009,2,24,1,2039
2009,2,24,2,1876
2009,2,24,3,1672
2009,2,24,4,1508
2009,2,24,5,1434
2009,2,24,6,1474
2009,2,24,7,1624
2009,2,24,8,1814
2009,2,24,9,2021
2009,2,24,10,2201
2009,2,24,11,2321
2009,2,24,12,2346
2009,2,24,13,2259
2009,2,24,14,2058
2009,2,24,15,1791
2009,2,24,16,1544
2009,2,24,17,1378
2009,2,24,18,1334
2009,2,24,19,1405
2009,2,24,20,1561
2009,2,24,21,1763
2009,2,24,22,1953
2009,2,24,23,2101
2009,2,25,0,2173
2009,2,25,1,2138
2009,2,25,2,1996
2009,2,25,3,1788
2009,2,25,4,1575
2009,2,25,5,1435
2009,2,25,6,1416
2009,2,25,7,1505
2009,2,25,8,1675
2009,2,25,9,1890
2009,2,25,10,2112
2009,2,25,11,2282
2009,2,25,12,2358
2009,2,25,13,2317
2009,2,25,14,2153
2009,2,25,15,1902
2009,2,25,16,1625
2009,2,25,17,1405
2009,2,25,18,1285
2009,2,25,19,1301
2009,2,25,20,1448
2009,2,25,21,1674
2009,2,25,22,1916
2009,2,25,23,2115
2009,2,26,0,2235
2009,2,26,1,2248
2009,2,26,2,2143
2009,2,26,3,1929
2009,2,26,4,1661
2009,2,26,5,1450
2009,2,26,6,1367
2009,2,26,7,1420
2009,2,26,8,1560
2009,2,26,9,1749
2009,2,26,10,1968
2009,2,26,11,2177
2009,2,26,12,2327
2009,2,26,13,2353
2009,2,26,14,2232
2009,2,26,15,1982
2009,2,26,16,1677
2009,2,26,17,1418
2009,2,26,18,1273
2009,2,26,19,1263
2009,2,26,20,1378
2009,2,26,21,1570
2009,2,26,22,1822
2009,2,26,23,2064
2009,2,27,0,2248
2009,2,27,1,2329
2009,2,27,2,2267
2009,2,27,3,2082
2009,2,27,4,1827
2009,2,27,5,1572
2009,2,27,6,1386
2009,2,27,7,1337
2009,2,27,8,1419
2009,2,27,9,1591
2009,2,27,10,1813
2009,2,27,11,2030
2009,2,27,12,2200
2009,2,27,13,2285
2009,2,27,14,2243
2009,2,27,15,2061
2009,2,27,16,1776
2009,2,27,17,1479
2009,2,27,18,1271
2009,2,27,19,1215
2009,2,27,20,1298
2009,2,27,21,1476
2009,2,27,22,1705
2009,2,27,23,1955
2009,2,28,0,2188
2009,2,28,1,2341
2009,2,28,2,2348
2009,2,28,3,2231
2009,2,28,4,2005
2009,2,28,5,1734
2009,2,28,6,1499
2009,2,28,7,1377
2009,2,28,8,1393
2009,2,28,9,1513
2009,2,28,10,1705
2009,2,28,11,1914
2009,2,28,12,2078
2009,2,28,13,2190
2009,2,28,14,2217
2009,2,28,15,2122
2009,2,28,16,1908
2009,2,28,17,1606
2009,2,28,18,1329
2009,2,28,19,1192
2009,2,28,20,1223
2009,2,28,21,1386
2009,2,28,22,1609
2009,2,28,23,1856
2009,3,1,0,2091
2009,3,1,1,2270
2009,3,1,2,2378
2009,3,1,3,2380
2009,3,1,4,2228
2009,3,1,5,1903
2009,3,1,6,1700
2009,3,1,7,1475
2009,3,1,8,1400
2009,3,1,9,1445
2009,3,1,10,1595
2009,3,1,11,1773
2009,3,1,12,1940
2009,3,1,13,2064
2009,3,1,14,2123
2009,3,1,15,2097
2009,3,1,16,1967
2009,3,1,17,1726
2009,3,1,18,1456
2009,3,1,19,1271
2009,3,1,20,1232
2009,3,1,21,1319
2009,3,1,22,1493
2009,3,1,23,1718
2009,3,2,0,1943
2009,3,2,1,2163
2009,3,2,2,2325
2009,3,2,3,2399
2009,3,2,4,2310
2009,3,2,5,2134
2009,3,2,6,1887
2009,3,2,7,1650
2009,3,2,8,1501
2009,3,2,9,1476
2009,3,2,10,1546
2009,3,2,11,1667
2009,3,2,12,1823
2009,3,2,13,1942
2009,3,2,14,2004
2009,3,2,15,2021
2009,3,2,16,1974
2009,3,2,17,1833
2009,3,2,18,1613
2009,3,2,19,1389
2009,3,2,20,1272
2009,3,2,21,1302
2009,3,2,22,1447
2009,3,2,23,1632
2009,3,3,0,1821
2009,3,3,1,2006
2009,3,3,2,2175
2009,3,3,3,2305
2009,3,3,4,2331
2009,3,3,5,2229
2009,3,3,6,2031
2009,3,3,7,1779
2009,3,3,8,1624
2009,3,3,9,1566
2009,3,3,10,1594
2009,3,3,11,1660
2009,3,3,12,1758
2009,3,3,13,1855
2009,3,3,14,1939
2009,3,3,15,1977
2009,3,3,16,1966
2009,3,3,17,1884
2009,3,3,18,1720
2009,3,3,19,1541
2009,3,3,20,1416
2009,3,3,21,1385
2009,3,3,22,1428
2009,3,3,23,1525
2009,3,4,0,1661
2009,3,4,1,1837
2009,3,4,2,2033
2009,3,4,3,2204
2009,3,4,4,2272
2009,3,4,5,2248
2009,3,4,6,2137
2009,3,4,7,2007
2009,3,4,8,1863
2009,3,4,9,1734
2009,3,4,10,1659
2009,3,4,11,1635
2009,3,4,12,1674
2009,3,4,13,1751
2009,3,4,14,1813
2009,3,4,15,1837
2009,3,4,16,1838
2009,3,4,17,1833
2009,3,4,18,1788
2009,3,4,19,1690
2009,3,4,20,1573
2009,3,4,21,1484
2009,3,4,22,1446
2009,3,4,23,1482
2009,3,5,0,1563
2009,3,5,1,1684
2009,3,5,2,1828
2009,3,5,3,1946
2009,3,5,4,2085
2009,3,5,5,2168
2009,3,5,6,2150
2009,3,5,7,2057
2009,3,5,8,1967
2009,3,5,9,1855
2009,3,5,10,1742
2009,3,5,11,1645
2009,3,5,12,1600
2009,3,5,13,1596
2009,3,5,14,1615
2009,3,5,15,1646
2009,3,5,16,1676
2009,3,5,17,1715
2009,3,5,18,1736
2009,3,5,19,1720
2009,3,5,20,1664
2009,3,5,21,1574
2009,3,5,22,1497
2009,3,5,23,1469
2009,3,6,0,1500
2009,3,6,1,1563
2009,3,6,2,1649
2009,3,6,3,1770
2009,3,6,4,1895
2009,3,6,5,2020
2009,3,6,6,2111
2009,3,6,7,2129
2009,3,6,8,2095
2009,3,6,9,2023
2009,3,6,10,1922
2009,3,6,11,1807
2009,3,6,12,1698
2009,3,6,13,1611
2009,3,6,14,1568
2009,3,6,15,1568
2009,3,6,16,1603
2009,3,6,17,1649
2009,3,6,18,1705
2009,3,6,19,1759
2009,3,6,20,1791
2009,3,6,21,1762
2009,3,6,22,1697
2009,3,6,23,1621
2009,3,7,0,1564
2009,3,7,1,1544
2009,3,7,2,1554
2009,3,7,3,1602
2009,3,7,4,1721
2009,3,7,5,1858
2009,3,7,6,2011
2009,3,7,7,2150
2009,3,7,8,2240
2009,3,7,9,2249
2009,3,7,10,2167
2009,3,7,11,2022
2009,3,7,12,1855
2009,3,7,13,1693
2009,3,7,14,1570
2009,3,7,15,1496
2009,3,7,16,1479
2009,3,7,17,1526
2009,3,7,18,1618
2009,3,7,19,1731
2009,3,7,20,1849
2009,3,7,21,1914
2009,3,7,22,1893
2009,3,7,23,1803
2009,3,8,0,1682
2009,3,8,1,1573
2009,3,8,2,1502
2009,3,8,3,1475
2009,3,8,4,1526
2009,3,8,5,1641
2009,3,8,6,1802
2009,3,8,7,2002
2009,3,8,8,2198
2009,3,8,9,2280
2009,3,8,10,2300
2009,3,8,11,2227
2009,3,8,12,2071
2009,3,8,13,1861
2009,3,8,14,1637
2009,3,8,15,1461
2009,3,8,16,1361
2009,3,8,17,1356
2009,3,8,18,1464
2009,3,8,19,1637
2009,3,8,20,1821
2009,3,8,21,1970
2009,3,8,22,2050
2009,3,8,23,2022
2009,3,9,0,1893
2009,3,9,1,1712
2009,3,9,2,1533
2009,3,9,3,1405
2009,3,9,4,1382
2009,3,9,5,1423
2009,3,9,6,1595
2009,3,9,7,1822
2009,3,9,8,2011
2009,3,9,9,2213
2009,3,9,10,2331
2009,3,9,11,2327
2009,3,9,12,2208
2009,3,9,13,2004
2009,3,9,14,1752
2009,3,9,15,1513
2009,3,9,16,1335
2009,3,9,17,1263
2009,3,9,18,1308
2009,3,9,19,1457
2009,3,9,20,1682
2009,3,9,21,1914
2009,3,9,22,2091
2009,3,9,23,2173
2009,3,10,0,2128
2009,3,10,1,1966
2009,3,10,2,1745
2009,3,10,3,1535
2009,3,10,4,1349
2009,3,10,5,1338
2009,3,10,6,1418
2009,3,10,7,1583
2009,3,10,8,1808
2009,3,10,9,2043
2009,3,10,10,2251
2009,3,10,11,2365
2009,3,10,12,2347
2009,3,10,13,2193
2009,3,10,14,1933
2009,3,10,15,1639
2009,3,10,16,1389
2009,3,10,17,1229
2009,3,10,18,1207
2009,3,10,19,1310
2009,3,10,20,1525
2009,3,10,21,1796
2009,3,10,22,2057
2009,3,10,23,2242
2009,3,11,0,2292
2009,3,11,1,2192
2009,3,11,2,1968
2009,3,11,3,1687
2009,3,11,4,1443
2009,3,11,5,1310
2009,3,11,6,1317
2009,3,11,7,1436
2009,3,11,8,1630
2009,3,11,9,1868
2009,3,11,10,2097
2009,3,11,11,2280
2009,3,11,12,2355
2009,3,11,13,2302
2009,3,11,14,2098
2009,3,11,15,1792
2009,3,11,16,1479
2009,3,11,17,1249
2009,3,11,18,1164
2009,3,11,19,1229
2009,3,11,20,1422
2009,3,11,21,1681
2009,3,11,22,1951
2009,3,11,23,2184
2009,3,12,0,2330
2009,3,12,1,2346
2009,3,12,2,2205
2009,3,12,3,1933
2009,3,12,4,1617
2009,3,12,5,1376
2009,3,12,6,1271
2009,3,12,7,1323
2009,3,12,8,1479
2009,3,12,9,1708
2009,3,12,10,1957
2009,3,12,11,2154
2009,3,12,12,2273
2009,3,12,13,2284
2009,3,12,14,2175
2009,3,12,15,1943
2009,3,12,16,1631
2009,3,12,17,1332
2009,3,12,18,1157
2009,3,12,19,1161
2009,3,12,20,1321
2009,3,12,21,1578
2009,3,12,22,1864
2009,3,12,23,2121
2009,3,13,0,2322
2009,3,13,1,2415
2009,3,13,2,2364
2009,3,13,3,2153
2009,3,13,4,1841
2009,3,13,5,1532
2009,3,13,6,1340
2009,3,13,7,1297
2009,3,13,8,1377
2009,3,13,9,1544
2009,3,13,10,1758
2009,3,13,11,1968
2009,3,13,12,2118
2009,3,13,13,2183
2009,3,13,14,2154
2009,3,13,15,2010
2009,3,13,16,1753
2009,3,13,17,1472
2009,3,13,18,1261
2009,3,13,19,1189
2009,3,13,20,1269
2009,3,13,21,1470
2009,3,13,22,1736
2009,3,13,23,1997
2009,3,14,0,2215
2009,3,14,1,2363
2009,3,14,2,2399
2009,3,14,3,2295
2009,3,14,4,2093
2009,3,14,5,1759
2009,3,14,6,1500
2009,3,14,7,1364
2009,3,14,8,1361
2009,3,14,9,1480
2009,3,14,10,1668
2009,3,14,11,1877
2009,3,14,12,2041
2009,3,14,13,2145
2009,3,14,14,2175
2009,3,14,15,2101
2009,3,14,16,1912
2009,3,14,17,1656
2009,3,14,18,1410
2009,3,14,19,1265
2009,3,14,20,1283
2009,3,14,21,1428
2009,3,14,22,1648
2009,3,14,23,1886
2009,3,15,0,2096
2009,3,15,1,2262
2009,3,15,2,2357
2009,3,15,3,2354
2009,3,15,4,2216
2009,3,15,5,1949
2009,3,15,6,1673
2009,3,15,7,1466
2009,3,15,8,1397
2009,3,15,9,1455
2009,3,15,10,1591
2009,3,15,11,1764
2009,3,15,12,1912
2009,3,15,13,2020
2009,3,15,14,2076
2009,3,15,15,2059
2009,3,15,16,1947
2009,3,15,17,1745
2009,3,15,18,1520
2009,3,15,19,1345
2009,3,15,20,1296
2009,3,15,21,1387
2009,3,15,22,1575
2009,3,15,23,1785
2009,3,16,0,1981
2009,3,16,1,2128
2009,3,16,2,2225
2009,3,16,3,2276
2009,3,16,4,2233
2009,3,16,5,2076
2009,3,16,6,1829
2009,3,16,7,1586
2009,3,16,8,1452
2009,3,16,9,1447
2009,3,16,10,1546
2009,3,16,11,1682
2009,3,16,12,1801
2009,3,16,13,1894
2009,3,16,14,1940
2009,3,16,15,1956
2009,3,16,16,1917
2009,3,16,17,1806
2009,3,16,18,1627
2009,3,16,19,1455
2009,3,16,20,1359
2009,3,16,21,1379
2009,3,16,22,1509
2009,3,16,23,1702
2009,3,17,0,1893
2009,3,17,1,2040
2009,3,17,2,2135
2009,3,17,3,2198
2009,3,17,4,2205
2009,3,17,5,2138
2009,3,17,6,1984
2009,3,17,7,1751
2009,3,17,8,1562
2009,3,17,9,1476
2009,3,17,10,1517
2009,3,17,11,1628
2009,3,17,12,1748
2009,3,17,13,1827
2009,3,17,14,1862
2009,3,17,15,1880
2009,3,17,16,1883
2009,3,17,17,1838
2009,3,17,18,1727
2009,3,17,19,1574
2009,3,17,20,1444
2009,3,17,21,1418
2009,3,17,22,1494
2009,3,17,23,1647
2009,3,18,0,1800
2009,3,18,1,1919
2009,3,18,2,2003
2009,3,18,3,2067
2009,3,18,4,2120
2009,3,18,5,2118
2009,3,18,6,2049
2009,3,18,7,1900
2009,3,18,8,1743
2009,3,18,9,1635
2009,3,18,10,1607
2009,3,18,11,1641
2009,3,18,12,1698
2009,3,18,13,1737
2009,3,18,14,1755
2009,3,18,15,1757
2009,3,18,16,1759
2009,3,18,17,1760
2009,3,18,18,1733
2009,3,18,19,1658
2009,3,18,20,1580
2009,3,18,21,1536
2009,3,18,22,1548
2009,3,18,23,1620
2009,3,19,0,1721
2009,3,19,1,1821
2009,3,19,2,1889
2009,3,19,3,1942
2009,3,19,4,1995
2009,3,19,5,2026
2009,3,19,6,2028
2009,3,19,7,1980
2009,3,19,8,1879
2009,3,19,9,1780
2009,3,19,10,1712
2009,3,19,11,1688
2009,3,19,12,1687
2009,3,19,13,1687
2009,3,19,14,1699
2009,3,19,15,1699
2009,3,19,16,1704
2009,3,19,17,1719
2009,3,19,18,1727
2009,3,19,19,1699
2009,3,19,20,1652
2009,3,19,21,1616
2009,3,19,22,1602
2009,3,19,23,1624
2009,3,20,0,1675
2009,3,20,1,1736
2009,3,20,2,1794
2009,3,20,3,1852
2009,3,20,4,1899
2009,3,20,5,1944
2009,3,20,6,1980
2009,3,20,7,1996
2009,3,20,8,1965
2009,3,20,9,1887
2009,3,20,10,1790
2009,3,20,11,1708
2009,3,20,12,1662
2009,3,20,13,1643
2009,3,20,14,1631
2009,3,20,15,1617
2009,3,20,16,1610
2009,3,20,17,1628
2009,3,20,18,1681
2009,3,20,19,1725
2009,3,20,20,1737
2009,3,20,21,1716
2009,3,20,22,1682
2009,3,20,23,1662
2009,3,21,0,1657
2009,3,21,1,1653
2009,3,21,2,1660
2009,3,21,3,1693
2009,3,21,4,1760
2009,3,21,5,1848
2009,3,21,6,1938
2009,3,21,7,1996
2009,3,21,8,2021
2009,3,21,9,1991
2009,3,21,10,1922
2009,3,21,11,1837
2009,3,21,12,1747
2009,3,21,13,1670
2009,3,21,14,1591
2009,3,21,15,1537
2009,3,21,16,1522
2009,3,21,17,1561
2009,3,21,18,1643
2009,3,21,19,1729
2009,3,21,20,1799
2009,3,21,21,1826
2009,3,21,22,1815
2009,3,21,23,1777
2009,3,22,0,1716
2009,3,22,1,1655
2009,3,22,2,1615
2009,3,22,3,1628
2009,3,22,4,1692
2009,3,22,5,1783
2009,3,22,6,1892
2009,3,22,7,1999
2009,3,22,8,2081
2009,3,22,9,2112
2009,3,22,10,2076
2009,3,22,11,1990
2009,3,22,12,1868
2009,3,22,13,1731
2009,3,22,14,1607
2009,3,22,15,1522
2009,3,22,16,1493
2009,3,22,17,1525
2009,3,22,18,1615
2009,3,22,19,1729
2009,3,22,20,1837
2009,3,22,21,1922
2009,3,22,22,1953
2009,3,22,23,1925
2009,3,23,0,1850
2009,3,23,1,1745
2009,3,23,2,1648
2009,3,23,3,1591
2009,3,23,4,1597
2009,3,23,5,1665
2009,3,23,6,1783
2009,3,23,7,1923
2009,3,23,8,2047
2009,3,23,9,2140
2009,3,23,10,2178
2009,3,23,11,2133
2009,3,23,12,2007
2009,3,23,13,1826
2009,3,23,14,1634
2009,3,23,15,1484
2009,3,23,16,1408
2009,3,23,17,1425
2009,3,23,18,1517
2009,3,23,19,1653
2009,3,23,20,1811
2009,3,23,21,1952
2009,3,23,22,2046
2009,3,23,23,2053
2009,3,24,0,1970
2009,3,24,1,1831
2009,3,24,2,1667
2009,3,24,3,1544
2009,3,24,4,1507
2009,3,24,5,1551
2009,3,24,6,1665
2009,3,24,7,1819
2009,3,24,8,1990
2009,3,24,9,2147
2009,3,24,10,2243
2009,3,24,11,2251
2009,3,24,12,2145
2009,3,24,13,1954
2009,3,24,14,1723
2009,3,24,15,1517
2009,3,24,16,1391
2009,3,24,17,1373
2009,3,24,18,1452
2009,3,24,19,1600
2009,3,24,20,1781
2009,3,24,21,1975
2009,3,24,22,2123
2009,3,24,23,2188
2009,3,25,0,2152
2009,3,25,1,2024
2009,3,25,2,1830
2009,3,25,3,1631
2009,3,25,4,1494
2009,3,25,5,1473
2009,3,25,6,1559
2009,3,25,7,1712
2009,3,25,8,1911
2009,3,25,9,2105
2009,3,25,10,2254
2009,3,25,11,2317
2009,3,25,12,2267
2009,3,25,13,2106
2009,3,25,14,1867
2009,3,25,15,1601
2009,3,25,16,1397
2009,3,25,17,1322
2009,3,25,18,1381
2009,3,25,19,1528
2009,3,25,20,1735
2009,3,25,21,1955
2009,3,25,22,2144
2009,3,25,23,2259
2009,3,26,0,2276
2009,3,26,1,2173
2009,3,26,2,1958
2009,3,26,3,1714
2009,3,26,4,1508
2009,3,26,5,1403
2009,3,26,6,1424
2009,3,26,7,1549
2009,3,26,8,1745
2009,3,26,9,1958
2009,3,26,10,2155
2009,3,26,11,2282
2009,3,26,12,2291
2009,3,26,13,2181
2009,3,26,14,1959
2009,3,26,15,1681
2009,3,26,16,1426
2009,3,26,17,1283
2009,3,26,18,1273
2009,3,26,19,1399
2009,3,26,20,1625
2009,3,26,21,1884
2009,3,26,22,2126
2009,3,26,23,2305
2009,3,27,0,2375
2009,3,27,1,2313
2009,3,27,2,2127
2009,3,27,3,1864
2009,3,27,4,1602
2009,3,27,5,1406
2009,3,27,6,1336
2009,3,27,7,1401
2009,3,27,8,1578
2009,3,27,9,1812
2009,3,27,10,2037
2009,3,27,11,2200
2009,3,27,12,2274
2009,3,27,13,2230
2009,3,27,14,2071
2009,3,27,15,1809
2009,3,27,16,1517
2009,3,27,17,1295
2009,3,27,18,1218
2009,3,27,19,1303
2009,3,27,20,1516
2009,3,27,21,1788
2009,3,27,22,2061
2009,3,27,23,2293
2009,3,28,0,2424
2009,3,28,1,2436
2009,3,28,2,2319
2009,3,28,3,2078
2009,3,28,4,1771
2009,3,28,5,1496
2009,3,28,6,1340
2009,3,28,7,1315
2009,3,28,8,1422
2009,3,28,9,1634
2009,3,28,10,1876
2009,3,28,11,2087
2009,3,28,12,2223
2009,3,28,13,2247
2009,3,28,14,2151
2009,3,28,15,1927
2009,3,28,16,1631
2009,3,28,17,1353
2009,3,28,18,1196
2009,3,28,19,1233
2009,3,28,20,1407
2009,3,28,21,1669
2009,3,28,22,1973
2009,3,28,23,2248
2009,3,29,0,2440
2009,3,29,1,2507
2009,3,29,2,2459
2009,3,29,3,2282
2009,3,29,4,1998
2009,3,29,5,1695
2009,3,29,6,1461
2009,3,29,7,1360
2009,3,29,8,1397
2009,3,29,9,1542
2009,3,29,10,1752
2009,3,29,11,1956
2009,3,29,12,2120
2009,3,29,13,2205
2009,3,29,14,2177
2009,3,29,15,2027
2009,3,29,16,1775
2009,3,29,17,1514
2009,3,29,18,1323
2009,3,29,19,1260
2009,3,29,20,1352
2009,3,29,21,1545
2009,3,29,22,1807
2009,3,29,23,2093
2009,3,30,0,2328
2009,3,30,1,2469
2009,3,30,2,2493
2009,3,30,3,2390
2009,3,30,4,2155
2009,3,30,5,1853
2009,3,30,6,1573
2009,3,30,7,1387
2009,3,30,8,1335
2009,3,30,9,1402
2009,3,30,10,1570
2009,3,30,11,1779
2009,3,30,12,1954
2009,3,30,13,2066
2009,3,30,14,2088
2009,3,30,15,2019
2009,3,30,16,1850
2009,3,30,17,1612
2009,3,30,18,1382
2009,3,30,19,1237
2009,3,30,20,1250
2009,3,30,21,1405
2009,3,30,22,1660
2009,3,30,23,1922
2009,3,31,0,2131
2009,3,31,1,2289
2009,3,31,2,2389
2009,3,31,3,2422
2009,3,31,4,2322
2009,3,31,5,2086
2009,3,31,6,1787
2009,3,31,7,1534
2009,3,31,8,1423
2009,3,31,9,1435
2009,3,31,10,1534
2009,3,31,11,1680
2009,3,31,12,1826
2009,3,31,13,1949
2009,3,31,14,2027
2009,3,31,15,2052
2009,3,31,16,1985
2009,3,31,17,1806
2009,3,31,18,1584
2009,3,31,19,1410
2009,3,31,20,1341
2009,3,31,21,1412
2009,3,31,22,1573
2009,3,31,23,1767
2009,4,1,0,1964
2009,4,1,1,2146
2009,4,1,2,2289
2009,4,1,3,2370
2009,4,1,4,2359
2009,4,1,5,2243
2009,4,1,6,2032
2009,4,1,7,1786
2009,4,1,8,1605
2009,4,1,9,1531
2009,4,1,10,1543
2009,4,1,11,1617
2009,4,1,12,1717
2009,4,1,13,1807
2009,4,1,14,1903
2009,4,1,15,1950
2009,4,1,16,1946
2009,4,1,17,1853
2009,4,1,18,1704
2009,4,1,19,1537
2009,4,1,20,1439
2009,4,1,21,1441
2009,4,1,22,1515
2009,4,1,23,1649
2009,4,2,0,1811
2009,4,2,1,1977
2009,4,2,2,2123
2009,4,2,3,2234
2009,4,2,4,2288
2009,4,2,5,2270
2009,4,2,6,2157
2009,4,2,7,1976
2009,4,2,8,1785
2009,4,2,9,1643
2009,4,2,10,1594
2009,4,2,11,1608
2009,4,2,12,1661
2009,4,2,13,1721
2009,4,2,14,1766
2009,4,2,15,1815
2009,4,2,16,1861
2009,4,2,17,1879
2009,4,2,18,1824
2009,4,2,19,1702
2009,4,2,20,1573
2009,4,2,21,1502
2009,4,2,22,1506
2009,4,2,23,1581
2009,4,3,0,1694
2009,4,3,1,1819
2009,4,3,2,1940
2009,4,3,3,2043
2009,4,3,4,2166
2009,4,3,5,2234
2009,4,3,6,2234
2009,4,3,7,2143
2009,4,3,8,1989
2009,4,3,9,1811
2009,4,3,10,1693
2009,4,3,11,1630
2009,4,3,12,1612
2009,4,3,13,1622
2009,4,3,14,1644
2009,4,3,15,1680
2009,4,3,16,1729
2009,4,3,17,1801
2009,4,3,18,1856
2009,4,3,19,1847
2009,4,3,20,1764
2009,4,3,21,1653
2009,4,3,22,1584
2009,4,3,23,1560
2009,4,4,0,1586
2009,4,4,1,1654
2009,4,4,2,1746
2009,4,4,3,1848
2009,4,4,4,1958
2009,4,4,5,2078
2009,4,4,6,2170
2009,4,4,7,2197
2009,4,4,8,2144
2009,4,4,9,2041
2009,4,4,10,1910
2009,4,4,11,1782
2009,4,4,12,1670
2009,4,4,13,1586
2009,4,4,14,1547
2009,4,4,15,1555
2009,4,4,16,1614
2009,4,4,17,1713
2009,4,4,18,1826
2009,4,4,19,1903
2009,4,4,20,1917
2009,4,4,21,1887
2009,4,4,22,1819
2009,4,4,23,1736
2009,4,5,0,1661
2009,4,5,1,1619
2009,4,5,2,1623
2009,4,5,3,1664
2009,4,5,4,1766
2009,4,5,5,1894
2009,4,5,6,2040
2009,4,5,7,2158
2009,4,5,8,2213
2009,4,5,9,2187
2009,4,5,10,2094
2009,4,5,11,1949
2009,4,5,12,1777
2009,4,5,13,1620
2009,4,5,14,1522
2009,4,5,15,1490
2009,4,5,16,1508
2009,4,5,17,1577
2009,4,5,18,1711
2009,4,5,19,1861
2009,4,5,20,1988
2009,4,5,21,2052
2009,4,5,22,2023
2009,4,5,23,1903
2009,4,6,0,1748
2009,4,6,1,1630
2009,4,6,2,1583
2009,4,6,3,1588
2009,4,6,4,1638
2009,4,6,5,1709
2009,4,6,6,1821
2009,4,6,7,1985
2009,4,6,8,2155
2009,4,6,9,2259
2009,4,6,10,2238
2009,4,6,11,2107
2009,4,6,12,1908
2009,4,6,13,1706
2009,4,6,14,1542
2009,4,6,15,1434
2009,4,6,16,1397
2009,4,6,17,1451
2009,4,6,18,1591
2009,4,6,19,1788
2009,4,6,20,1986
2009,4,6,21,2144
2009,4,6,22,2205
2009,4,6,23,2142
2009,4,7,0,1988
2009,4,7,1,1799
2009,4,7,2,1623
2009,4,7,3,1509
2009,4,7,4,1487
2009,4,7,5,1542
2009,4,7,6,1667
2009,4,7,7,1855
2009,4,7,8,2056
2009,4,7,9,2222
2009,4,7,10,2298
2009,4,7,11,2262
2009,4,7,12,2121
2009,4,7,13,1892
2009,4,7,14,1641
2009,4,7,15,1437
2009,4,7,16,1336
2009,4,7,17,1362
2009,4,7,18,1501
2009,4,7,19,1718
2009,4,7,20,1955
2009,4,7,21,2174
2009,4,7,22,2325
2009,4,7,23,2361
2009,4,8,0,2260
2009,4,8,1,2050
2009,4,8,2,1809
2009,4,8,3,1603
2009,4,8,4,1470
2009,4,8,5,1449
2009,4,8,6,1536
2009,4,8,7,1704
2009,4,8,8,1916
2009,4,8,9,2119
2009,4,8,10,2268
2009,4,8,11,2324
2009,4,8,12,2268
2009,4,8,13,2080
2009,4,8,14,1799
2009,4,8,15,1532
2009,4,8,16,1358
2009,4,8,17,1314
2009,4,8,18,1400
2009,4,8,19,1583
2009,4,8,20,1826
2009,4,8,21,2084
2009,4,8,22,2307
2009,4,8,23,2431
2009,4,9,0,2418
2009,4,9,1,2264
2009,4,9,2,2002
2009,4,9,3,1741
2009,4,9,4,1521
2009,4,9,5,1410
2009,4,9,6,1428
2009,4,9,7,1537
2009,4,9,8,1724
2009,4,9,9,1947
2009,4,9,10,2147
2009,4,9,11,2282
2009,4,9,12,2306
2009,4,9,13,2192
2009,4,9,14,1955
2009,4,9,15,1657
2009,4,9,16,1399
2009,4,9,17,1276
2009,4,9,18,1316
2009,4,9,19,1470
2009,4,9,20,1697
2009,4,9,21,1969
2009,4,9,22,2230
2009,4,9,23,2427
2009,4,10,0,2501
2009,4,10,1,2421
2009,4,10,2,2195
2009,4,10,3,1887
2009,4,10,4,1589
2009,4,10,5,1395
2009,4,10,6,1337
2009,4,10,7,1392
2009,4,10,8,1542
2009,4,10,9,1751
2009,4,10,10,1961
2009,4,10,11,2129
2009,4,10,12,2226
2009,4,10,13,2205
2009,4,10,14,2044
2009,4,10,15,1784
2009,4,10,16,1503
2009,4,10,17,1304
2009,4,10,18,1276
2009,4,10,19,1393
2009,4,10,20,1598
2009,4,10,21,1852
2009,4,10,22,2098
2009,4,10,23,2306
2009,4,11,0,2455
2009,4,11,1,2496
2009,4,11,2,2385
2009,4,11,3,2142
2009,4,11,4,1799
2009,4,11,5,1544
2009,4,11,6,1376
2009,4,11,7,1342
2009,4,11,8,1432
2009,4,11,9,1593
2009,4,11,10,1801
2009,4,11,11,1987
2009,4,11,12,2107
2009,4,11,13,2152
2009,4,11,14,2090
2009,4,11,15,1900
2009,4,11,16,1638
2009,4,11,17,1389
2009,4,11,18,1269
2009,4,11,19,1314
2009,4,11,20,1484
2009,4,11,21,1718
2009,4,11,22,1968
2009,4,11,23,2193
2009,4,12,0,2364
2009,4,12,1,2463
2009,4,12,2,2433
2009,4,12,3,2256
2009,4,12,4,1958
2009,4,12,5,1646
2009,4,12,6,1438
2009,4,12,7,1375
2009,4,12,8,1430
2009,4,12,9,1548
2009,4,12,10,1692
2009,4,12,11,1850
2009,4,12,12,1976
2009,4,12,13,2053
2009,4,12,14,2052
2009,4,12,15,1954
2009,4,12,16,1761
2009,4,12,17,1518
2009,4,12,18,1347
2009,4,12,19,1318
2009,4,12,20,1414
2009,4,12,21,1600
2009,4,12,22,1840
2009,4,12,23,2060
2009,4,13,0,2241
2009,4,13,1,2368
2009,4,13,2,2403
2009,4,13,3,2317
2009,4,13,4,2146
2009,4,13,5,1841
2009,4,13,6,1580
2009,4,13,7,1424
2009,4,13,8,1405
2009,4,13,9,1479
2009,4,13,10,1625
2009,4,13,11,1794
2009,4,13,12,1940
2009,4,13,13,2025
2009,4,13,14,2045
2009,4,13,15,1992
2009,4,13,16,1859
2009,4,13,17,1652
2009,4,13,18,1456
2009,4,13,19,1357
2009,4,13,20,1394
2009,4,13,21,1538
2009,4,13,22,1748
2009,4,13,23,1965
2009,4,14,0,2163
2009,4,14,1,2294
2009,4,14,2,2367
2009,4,14,3,2357
2009,4,14,4,2235
2009,4,14,5,2008
2009,4,14,6,1739
2009,4,14,7,1530
2009,4,14,8,1456
2009,4,14,9,1496
2009,4,14,10,1595
2009,4,14,11,1727
2009,4,14,12,1860
2009,4,14,13,1955
2009,4,14,14,2010
2009,4,14,15,2011
2009,4,14,16,1926
2009,4,14,17,1763
2009,4,14,18,1580
2009,4,14,19,1452
2009,4,14,20,1420
2009,4,14,21,1489
2009,4,14,22,1629
2009,4,14,23,1811
2009,4,15,0,1994
2009,4,15,1,2151
2009,4,15,2,2237
2009,4,15,3,2252
2009,4,15,4,2203
2009,4,15,5,2100
2009,4,15,6,1891
2009,4,15,7,1687
2009,4,15,8,1545
2009,4,15,9,1505
2009,4,15,10,1546
2009,4,15,11,1651
2009,4,15,12,1759
2009,4,15,13,1842
2009,4,15,14,1894
2009,4,15,15,1920
2009,4,15,16,1900
2009,4,15,17,1817
2009,4,15,18,1690
2009,4,15,19,1560
2009,4,15,20,1481
2009,4,15,21,1495
2009,4,15,22,1599
2009,4,15,23,1752
2009,4,16,0,1886
2009,4,16,1,2045
2009,4,16,2,2115
2009,4,16,3,2172
2009,4,16,4,2184
2009,4,16,5,2145
2009,4,16,6,2019
2009,4,16,7,1835
2009,4,16,8,1668
2009,4,16,9,1577
2009,4,16,10,1587
2009,4,16,11,1662
2009,4,16,12,1748
2009,4,16,13,1796
2009,4,16,14,1823
2009,4,16,15,1852
2009,4,16,16,1867
2009,4,16,17,1837
2009,4,16,18,1766
2009,4,16,19,1672
2009,4,16,20,1599
2009,4,16,21,1576
2009,4,16,22,1610
2009,4,16,23,1695
2009,4,17,0,1814
2009,4,17,1,1920
2009,4,17,2,2024
2009,4,17,3,2102
2009,4,17,4,2160
2009,4,17,5,2170
2009,4,17,6,2102
2009,4,17,7,1985
2009,4,17,8,1860
2009,4,17,9,1763
2009,4,17,10,1714
2009,4,17,11,1707
2009,4,17,12,1735
2009,4,17,13,1773
2009,4,17,14,1807
2009,4,17,15,1835
2009,4,17,16,1860
2009,4,17,17,1867
2009,4,17,18,1848
2009,4,17,19,1800
2009,4,17,20,1745
2009,4,17,21,1710
2009,4,17,22,1713
2009,4,17,23,1746
2009,4,18,0,1786
2009,4,18,1,1850
2009,4,18,2,1923
2009,4,18,3,2001
2009,4,18,4,2085
2009,4,18,5,2150
2009,4,18,6,2141
2009,4,18,7,2070
2009,4,18,8,1971
2009,4,18,9,1873
2009,4,18,10,1801
2009,4,18,11,1755
2009,4,18,12,1732
2009,4,18,13,1718
2009,4,18,14,1728
2009,4,18,15,1771
2009,4,18,16,1833
2009,4,18,17,1886
2009,4,18,18,1920
2009,4,18,19,1930
2009,4,18,20,1911
2009,4,18,21,1868
2009,4,18,22,1824
2009,4,18,23,1794
2009,4,19,0,1787
2009,4,19,1,1804
2009,4,19,2,1848
2009,4,19,3,1927
2009,4,19,4,2031
2009,4,19,5,2124
2009,4,19,6,2179
2009,4,19,7,2188
2009,4,19,8,2149
2009,4,19,9,2068
2009,4,19,10,1977
2009,4,19,11,1886
2009,4,19,12,1805
2009,4,19,13,1746
2009,4,19,14,1721
2009,4,19,15,1754
2009,4,19,16,1817
2009,4,19,17,1899
2009,4,19,18,1982
2009,4,19,19,2034
2009,4,19,20,2054
2009,4,19,21,2034
2009,4,19,22,1991
2009,4,19,23,1923
2009,4,20,0,1837
2009,4,20,1,1790
2009,4,20,2,1792
2009,4,20,3,1849
2009,4,20,4,1928
2009,4,20,5,2034
2009,4,20,6,2130
2009,4,20,7,2204
2009,4,20,8,2232
2009,4,20,9,2209
2009,4,20,10,2135
2009,4,20,11,2009
2009,4,20,12,1875
2009,4,20,13,1780
2009,4,20,14,1727
2009,4,20,15,1723
2009,4,20,16,1758
2009,4,20,17,1832
2009,4,20,18,1951
2009,4,20,19,2077
2009,4,20,20,2177
2009,4,20,21,2227
2009,4,20,22,2193
2009,4,20,23,2087
2009,4,21,0,1941
2009,4,21,1,1819
2009,4,21,2,1765
2009,4,21,3,1762
2009,4,21,4,1807
2009,4,21,5,1888
2009,4,21,6,1997
2009,4,21,7,2112
2009,4,21,8,2211
2009,4,21,9,2259
2009,4,21,10,2230
2009,4,21,11,2121
2009,4,21,12,1974
2009,4,21,13,1819
2009,4,21,14,1698
2009,4,21,15,1654
2009,4,21,16,1664
2009,4,21,17,1732
2009,4,21,18,1862
2009,4,21,19,2029
2009,4,21,20,2188
2009,4,21,21,2283
2009,4,21,22,2292
2009,4,21,23,2224
2009,4,22,0,2074
2009,4,22,1,1895
2009,4,22,2,1764
2009,4,22,3,1655
2009,4,22,4,1644
2009,4,22,5,1694
2009,4,22,6,1808
2009,4,22,7,1963
2009,4,22,8,2126
2009,4,22,9,2240
2009,4,22,10,2267
2009,4,22,11,2208
2009,4,22,12,2059
2009,4,22,13,1872
2009,4,22,14,1697
2009,4,22,15,1578
2009,4,22,16,1538
2009,4,22,17,1581
2009,4,22,18,1715
2009,4,22,19,1922
2009,4,22,20,2146
2009,4,22,21,2332
2009,4,22,22,2425
2009,4,22,23,2386
2009,4,23,0,2255
2009,4,23,1,2074
2009,4,23,2,1888
2009,4,23,3,1710
2009,4,23,4,1614
2009,4,23,5,1605
2009,4,23,6,1689
2009,4,23,7,1845
2009,4,23,8,2037
2009,4,23,9,2210
2009,4,23,10,2307
2009,4,23,11,2309
2009,4,23,12,2212
2009,4,23,13,2030
2009,4,23,14,1801
2009,4,23,15,1596
2009,4,23,16,1495
2009,4,23,17,1508
2009,4,23,18,1638
2009,4,23,19,1844
2009,4,23,20,2090
2009,4,23,21,2319
2009,4,23,22,2485
2009,4,23,23,2535
2009,4,24,0,2454
2009,4,24,1,2268
2009,4,24,2,2020
2009,4,24,3,1773
2009,4,24,4,1590
2009,4,24,5,1518
2009,4,24,6,1563
2009,4,24,7,1689
2009,4,24,8,1873
2009,4,24,9,2062
2009,4,24,10,2228
2009,4,24,11,2322
2009,4,24,12,2291
2009,4,24,13,2125
2009,4,24,14,1862
2009,4,24,15,1605
2009,4,24,16,1432
2009,4,24,17,1390
2009,4,24,18,1485
2009,4,24,19,1676
2009,4,24,20,1924
2009,4,24,21,2187
2009,4,24,22,2429
2009,4,24,23,2574
2009,4,25,0,2573
2009,4,25,1,2433
2009,4,25,2,2184
2009,4,25,3,1900
2009,4,25,4,1623
2009,4,25,5,1484
2009,4,25,6,1462
2009,4,25,7,1543
2009,4,25,8,1704
2009,4,25,9,1910
2009,4,25,10,2125
2009,4,25,11,2292
2009,4,25,12,2342
2009,4,25,13,2244
2009,4,25,14,2022
2009,4,25,15,1755
2009,4,25,16,1515
2009,4,25,17,1388
2009,4,25,18,1420
2009,4,25,19,1581
2009,4,25,20,1824
2009,4,25,21,2114
2009,4,25,22,2384
2009,4,25,23,2586
2009,4,26,0,2668
2009,4,26,1,2618
2009,4,26,2,2435
2009,4,26,3,2146
2009,4,26,4,1838
2009,4,26,5,1592
2009,4,26,6,1462
2009,4,26,7,1462
2009,4,26,8,1573
2009,4,26,9,1761
2009,4,26,10,1978
2009,4,26,11,2182
2009,4,26,12,2313
2009,4,26,13,2308
2009,4,26,14,2153
2009,4,26,15,1891
2009,4,26,16,1610
2009,4,26,17,1406
2009,4,26,18,1355
2009,4,26,19,1450
2009,4,26,20,1655
2009,4,26,21,1922
2009,4,26,22,2212
2009,4,26,23,2470
2009,4,27,0,2639
2009,4,27,1,2691
2009,4,27,2,2597
2009,4,27,3,2359
2009,4,27,4,2041
2009,4,27,5,1749
2009,4,27,6,1542
2009,4,27,7,1448
2009,4,27,8,1474
2009,4,27,9,1605
2009,4,27,10,1813
2009,4,27,11,2042
2009,4,27,12,2219
2009,4,27,13,2292
2009,4,27,14,2234
2009,4,27,15,2048
2009,4,27,16,1786
2009,4,27,17,1535
2009,4,27,18,1381
2009,4,27,19,1375
2009,4,27,20,1506
2009,4,27,21,1744
2009,4,27,22,2042
2009,4,27,23,2324
2009,4,28,0,2541
2009,4,28,1,2657
2009,4,28,2,2663
2009,4,28,3,2540
2009,4,28,4,2287
2009,4,28,5,1978
2009,4,28,6,1693
2009,4,28,7,1509
2009,4,28,8,1460
2009,4,28,9,1521
2009,4,28,10,1675
2009,4,28,11,1880
2009,4,28,12,2060
2009,4,28,13,2175
2009,4,28,14,2199
2009,4,28,15,2119
2009,4,28,16,1922
2009,4,28,17,1669
2009,4,28,18,1455
2009,4,28,19,1358
2009,4,28,20,1405
2009,4,28,21,1583
2009,4,28,22,1838
2009,4,28,23,2101
2009,4,29,0,2324
2009,4,29,1,2491
2009,4,29,2,2591
2009,4,29,3,2578
2009,4,29,4,2434
2009,4,29,5,2176
2009,4,29,6,1875
2009,4,29,7,1634
2009,4,29,8,1519
2009,4,29,9,1518
2009,4,29,10,1610
2009,4,29,11,1754
2009,4,29,12,1905
2009,4,29,13,2022
2009,4,29,14,2090
2009,4,29,15,2102
2009,4,29,16,2020
2009,4,29,17,1837
2009,4,29,18,1624
2009,4,29,19,1457
2009,4,29,20,1400
2009,4,29,21,1487
2009,4,29,22,1669
2009,4,29,23,1885
2009,4,30,0,2089
2009,4,30,1,2274
2009,4,30,2,2431
2009,4,30,3,2509
2009,4,30,4,2478
2009,4,30,5,2319
2009,4,30,6,2078
2009,4,30,7,1826
2009,4,30,8,1636
2009,4,30,9,1554
2009,4,30,10,1552
2009,4,30,11,1629
2009,4,30,12,1738
2009,4,30,13,1853
2009,4,30,14,1953
2009,4,30,15,2019
2009,4,30,16,2023
2009,4,30,17,1930
2009,4,30,18,1773
2009,4,30,19,1607
2009,4,30,20,1487
2009,4,30,21,1464
2009,4,30,22,1545
2009,4,30,23,1697
2009,5,1,0,1827
2009,5,1,1,1971
2009,5,1,2,2138
2009,5,1,3,2252
2009,5,1,4,2308
2009,5,1,5,2279
2009,5,1,6,2156
2009,5,1,7,1959
2009,5,1,8,1744
2009,5,1,9,1583
2009,5,1,10,1502
2009,5,1,11,1515
2009,5,1,12,1590
2009,5,1,13,1673
2009,5,1,14,1752
2009,5,1,15,1824
2009,5,1,16,1882
2009,5,1,17,1898
2009,5,1,18,1852
2009,5,1,19,1747
2009,5,1,20,1604
2009,5,1,21,1504
2009,5,1,22,1484
2009,5,1,23,1539
2009,5,2,0,1650
2009,5,2,1,1789
2009,5,2,2,1924
2009,5,2,3,2044
2009,5,2,4,2151
2009,5,2,5,2224
2009,5,2,6,2206
2009,5,2,7,2093
2009,5,2,8,1920
2009,5,2,9,1746
2009,5,2,10,1619
2009,5,2,11,1550
2009,5,2,12,1536
2009,5,2,13,1557
2009,5,2,14,1609
2009,5,2,15,1683
2009,5,2,16,1758
2009,5,2,17,1837
2009,5,2,18,1904
2009,5,2,19,1889
2009,5,2,20,1806
2009,5,2,21,1695
2009,5,2,22,1600
2009,5,2,23,1550
2009,5,3,0,1556
2009,5,3,1,1626
2009,5,3,2,1716
2009,5,3,3,1819
2009,5,3,4,1939
2009,5,3,5,2062
2009,5,3,6,2133
2009,5,3,7,2144
2009,5,3,8,2065
2009,5,3,9,1922
2009,5,3,10,1763
2009,5,3,11,1625
2009,5,3,12,1529
2009,5,3,13,1482
2009,5,3,14,1477
2009,5,3,15,1516
2009,5,3,16,1604
2009,5,3,17,1729
2009,5,3,18,1857
2009,5,3,19,1949
2009,5,3,20,1964
2009,5,3,21,1896
2009,5,3,22,1779
2009,5,3,23,1659
2009,5,4,0,1571
2009,5,4,1,1555
2009,5,4,2,1592
2009,5,4,3,1663
2009,5,4,4,1759
2009,5,4,5,1880
2009,5,4,6,2004
2009,5,4,7,2101
2009,5,4,8,2136
2009,5,4,9,2069
2009,5,4,10,1935
2009,5,4,11,1776
2009,5,4,12,1633
2009,5,4,13,1528
2009,5,4,14,1456
2009,5,4,15,1462
2009,5,4,16,1540
2009,5,4,17,1683
2009,5,4,18,1866
2009,5,4,19,2027
2009,5,4,20,2132
2009,5,4,21,2155
2009,5,4,22,2073
2009,5,4,23,1928
2009,5,5,0,1755
2009,5,5,1,1615
2009,5,5,2,1549
2009,5,5,3,1551
2009,5,5,4,1620
2009,5,5,5,1731
2009,5,5,6,1869
2009,5,5,7,2002
2009,5,5,8,2099
2009,5,5,9,2129
2009,5,5,10,2079
2009,5,5,11,1955
2009,5,5,12,1788
2009,5,5,13,1611
2009,5,5,14,1463
2009,5,5,15,1402
2009,5,5,16,1448
2009,5,5,17,1573
2009,5,5,18,1752
2009,5,5,19,1945
2009,5,5,20,2116
2009,5,5,21,2219
2009,5,5,22,2217
2009,5,5,23,2091
2009,5,6,0,1900
2009,5,6,1,1687
2009,5,6,2,1539
2009,5,6,3,1460
2009,5,6,4,1461
2009,5,6,5,1531
2009,5,6,6,1649
2009,5,6,7,1797
2009,5,6,8,1947
2009,5,6,9,2059
2009,5,6,10,2096
2009,5,6,11,2037
2009,5,6,12,1897
2009,5,6,13,1703
2009,5,6,14,1513
2009,5,6,15,1384
2009,5,6,16,1357
2009,5,6,17,1447
2009,5,6,18,1618
2009,5,6,19,1838
2009,5,6,20,2058
2009,5,6,21,2233
2009,5,6,22,2326
2009,5,6,23,2304
2009,5,7,0,2152
2009,5,7,1,1923
2009,5,7,2,1694
2009,5,7,3,1512
2009,5,7,4,1427
2009,5,7,5,1440
2009,5,7,6,1519
2009,5,7,7,1655
2009,5,7,8,1820
2009,5,7,9,1987
2009,5,7,10,2094
2009,5,7,11,2127
2009,5,7,12,2055
2009,5,7,13,1858
2009,5,7,14,1614
2009,5,7,15,1419
2009,5,7,16,1334
2009,5,7,17,1378
2009,5,7,18,1523
2009,5,7,19,1718
2009,5,7,20,1942
2009,5,7,21,2167
2009,5,7,22,2341
2009,5,7,23,2397
2009,5,8,0,2312
2009,5,8,1,2112
2009,5,8,2,1857
2009,5,8,3,1595
2009,5,8,4,1410
2009,5,8,5,1336
2009,5,8,6,1366
2009,5,8,7,1476
2009,5,8,8,1646
2009,5,8,9,1832
2009,5,8,10,1994
2009,5,8,11,2086
2009,5,8,12,2079
2009,5,8,13,1950
2009,5,8,14,1739
2009,5,8,15,1515
2009,5,8,16,1355
2009,5,8,17,1317
2009,5,8,18,1412
2009,5,8,19,1590
2009,5,8,20,1815
2009,5,8,21,2046
2009,5,8,22,2252
2009,5,8,23,2398
2009,5,9,0,2406
2009,5,9,1,2277
2009,5,9,2,2032
2009,5,9,3,1768
2009,5,9,4,1492
2009,5,9,5,1357
2009,5,9,6,1327
2009,5,9,7,1391
2009,5,9,8,1529
2009,5,9,9,1698
2009,5,9,10,1871
2009,5,9,11,2002
2009,5,9,12,2061
2009,5,9,13,2015
2009,5,9,14,1850
2009,5,9,15,1626
2009,5,9,16,1420
2009,5,9,17,1314
2009,5,9,18,1353
2009,5,9,19,1488
2009,5,9,20,1685
2009,5,9,21,1922
2009,5,9,22,2135
2009,5,9,23,2323
2009,5,10,0,2404
2009,5,10,1,2357
2009,5,10,2,2193
2009,5,10,3,1935
2009,5,10,4,1663
2009,5,10,5,1456
2009,5,10,6,1345
2009,5,10,7,1346
2009,5,10,8,1427
2009,5,10,9,1573
2009,5,10,10,1763
2009,5,10,11,1937
2009,5,10,12,2043
2009,5,10,13,2045
2009,5,10,14,1934
2009,5,10,15,1752
2009,5,10,16,1549
2009,5,10,17,1396
2009,5,10,18,1359
2009,5,10,19,1424
2009,5,10,20,1580
2009,5,10,21,1793
2009,5,10,22,2013
2009,5,10,23,2210
2009,5,11,0,2336
2009,5,11,1,2372
2009,5,11,2,2282
2009,5,11,3,2066
2009,5,11,4,1789
2009,5,11,5,1530
2009,5,11,6,1354
2009,5,11,7,1300
2009,5,11,8,1350
2009,5,11,9,1484
2009,5,11,10,1648
2009,5,11,11,1812
2009,5,11,12,1935
2009,5,11,13,1983
2009,5,11,14,1939
2009,5,11,15,1817
2009,5,11,16,1629
2009,5,11,17,1438
2009,5,11,18,1330
2009,5,11,19,1348
2009,5,11,20,1477
2009,5,11,21,1670
2009,5,11,22,1880
2009,5,11,23,2083
2009,5,12,0,2238
2009,5,12,1,2308
2009,5,12,2,2305
2009,5,12,3,2183
2009,5,12,4,1962
2009,5,12,5,1706
2009,5,12,6,1487
2009,5,12,7,1369
2009,5,12,8,1358
2009,5,12,9,1449
2009,5,12,10,1605
2009,5,12,11,1772
2009,5,12,12,1909
2009,5,12,13,1980
2009,5,12,14,1986
2009,5,12,15,1926
2009,5,12,16,1787
2009,5,12,17,1606
2009,5,12,18,1462
2009,5,12,19,1416
2009,5,12,20,1476
2009,5,12,21,1621
2009,5,12,22,1822
2009,5,12,23,2020
2009,5,13,0,2170
2009,5,13,1,2271
2009,5,13,2,2310
2009,5,13,3,2270
2009,5,13,4,2124
2009,5,13,5,1898
2009,5,13,6,1661
2009,5,13,7,1484
2009,5,13,8,1426
2009,5,13,9,1474
2009,5,13,10,1591
2009,5,13,11,1723
2009,5,13,12,1843
2009,5,13,13,1928
2009,5,13,14,1944
2009,5,13,15,1915
2009,5,13,16,1830
2009,5,13,17,1690
2009,5,13,18,1550
2009,5,13,19,1467
2009,5,13,20,1484
2009,5,13,21,1576
2009,5,13,22,1727
2009,5,13,23,1901
2009,5,14,0,2059
2009,5,14,1,2202
2009,5,14,2,2300
2009,5,14,3,2312
2009,5,14,4,2213
2009,5,14,5,2038
2009,5,14,6,1830
2009,5,14,7,1627
2009,5,14,8,1508
2009,5,14,9,1495
2009,5,14,10,1549
2009,5,14,11,1655
2009,5,14,12,1781
2009,5,14,13,1883
2009,5,14,14,1919
2009,5,14,15,1935
2009,5,14,16,1917
2009,5,14,17,1813
2009,5,14,18,1684
2009,5,14,19,1544
2009,5,14,20,1464
2009,5,14,21,1499
2009,5,14,22,1614
2009,5,14,23,1778
2009,5,15,0,1923
2009,5,15,1,2080
2009,5,15,2,2196
2009,5,15,3,2237
2009,5,15,4,2218
2009,5,17,5,2194
2009,5,17,6,2151
2009,5,17,7,2031
2009,5,17,8,1927
2009,5,17,9,1793
2009,5,17,10,1720
2009,5,17,11,1684
2009,5,17,12,1709
2009,5,17,13,1764
2009,5,17,14,1813
2009,5,17,15,1863
2009,5,17,16,1922
2009,5,17,17,1997
2009,5,17,18,2039
2009,5,17,19,2020
2009,5,17,20,1947
2009,5,17,21,1849
2009,5,17,22,1777
2009,5,17,23,1759
2009,5,18,0,1788
2009,5,18,1,1848
2009,5,18,2,1931
2009,5,18,3,2021
2009,5,18,4,2116
2009,5,18,5,2190
2009,5,18,6,2207
2009,5,18,7,2162
2009,5,18,8,2061
2009,5,18,9,1935
2009,5,18,10,1829
2009,5,18,11,1752
2009,5,18,12,1711
2009,5,18,13,1711
2009,5,18,14,1745
2009,5,18,15,1818
2009,5,18,16,1922
2009,5,18,17,2035
2009,5,18,18,2118
2009,5,18,19,2138
2009,5,18,20,2093
2009,5,18,21,2008
2009,5,18,22,1927
2009,5,18,23,1852
2009,5,19,0,1792
2009,5,19,1,1774
2009,5,19,2,1824
2009,5,19,3,1920
2009,5,19,4,2020
2009,5,19,5,2108
2009,5,19,6,2156
2009,5,19,7,2157
2009,5,19,8,2117
2009,5,19,9,2040
2009,5,19,10,1937
2009,5,19,11,1814
2009,5,19,12,1718
2009,5,19,13,1669
2009,5,19,14,1672
2009,5,19,15,1719
2009,5,19,16,1816
2009,5,19,17,1951
2009,5,19,18,2085
2009,5,19,19,2180
2009,5,19,20,2213
2009,5,19,21,2167
2009,5,19,22,2060
2009,5,19,23,1932
2009,5,20,0,1822
2009,5,20,1,1764
2009,5,20,2,1756
2009,5,20,3,1788
2009,5,20,4,1851
2009,5,20,5,1937
2009,5,20,6,2034
2009,5,20,7,2109
2009,5,20,8,2146
2009,5,20,9,2119
2009,5,20,10,2030
2009,5,20,11,1892
2009,5,20,12,1747
2009,5,20,13,1640
2009,5,20,14,1598
2009,5,20,15,1634
2009,5,20,16,1724
2009,5,20,17,1856
2009,5,20,18,2006
2009,5,20,19,2156
2009,5,20,20,2276
2009,5,20,21,2313
2009,5,20,22,2246
2009,5,20,23,2104
2009,5,21,0,1944
2009,5,21,1,1804
2009,5,21,2,1704
2009,5,21,3,1665
2009,5,21,4,1680
2009,5,21,5,1747
2009,5,21,6,1859
2009,5,21,7,1985
2009,5,21,8,2096
2009,5,21,9,2144
2009,5,21,10,2108
2009,5,21,11,1990
2009,5,21,12,1824
2009,5,21,13,1663
2009,5,21,14,1556
2009,5,21,15,1534
2009,5,21,16,1602
2009,5,21,17,1741
2009,5,21,18,1924
2009,5,21,19,2123
2009,5,21,20,2302
2009,5,21,21,2411
2009,5,21,22,2414
2009,5,21,23,2301
2009,5,22,0,2120
2009,5,22,1,1925
2009,5,22,2,1758
2009,5,22,3,1647
2009,5,22,4,1605
2009,5,22,5,1637
2009,5,22,6,1738
2009,5,22,7,1885
2009,5,22,8,2025
2009,5,22,9,2131
2009,5,22,10,2166
2009,5,22,11,2102
2009,5,22,12,1963
2009,5,22,13,1785
2009,5,22,14,1619
2009,5,22,15,1521
2009,5,22,16,1516
2009,5,22,17,1611
2009,5,22,18,1798
2009,5,22,19,2029
2009,5,22,20,2257
2009,5,22,21,2432
2009,5,22,22,2517
2009,5,22,23,2498
2009,5,23,0,2356
2009,5,23,1,2127
2009,5,23,2,1878
2009,5,23,3,1672
2009,5,23,4,1557
2009,5,23,5,1543
2009,5,23,6,1609
2009,5,23,7,1726
2009,5,23,8,1874
2009,5,23,9,2030
2009,5,23,10,2154
2009,5,23,11,2184
2009,5,23,12,2092
2009,5,23,13,1895
2009,5,23,14,1669
2009,5,23,15,1489
2009,5,23,16,1409
2009,5,23,17,1469
2009,5,23,18,1640
2009,5,23,19,1873
2009,5,23,20,2124
2009,5,23,21,2352
2009,5,23,22,2517
2009,5,23,23,2584
2009,5,24,0,2527
2009,5,24,1,2340
2009,5,24,2,2066
2009,5,24,3,1792
2009,5,24,4,1579
2009,5,24,5,1467
2009,5,24,6,1462
2009,5,24,7,1554
2009,5,24,8,1715
2009,5,24,9,1896
2009,5,24,10,2058
2009,5,24,11,2157
2009,5,24,12,2151
2009,5,24,13,2014
2009,5,24,14,1787
2009,5,24,15,1554
2009,5,24,16,1401
2009,5,24,17,1365
2009,5,24,18,1448
2009,5,24,19,1645
2009,5,24,20,1908
2009,5,24,21,2189
2009,5,24,22,2435
2009,5,24,23,2592
2009,5,25,0,2625
2009,5,25,1,2523
2009,5,25,2,2303
2009,5,25,3,2009
2009,5,25,4,1727
2009,5,25,5,1522
2009,5,25,6,1430
2009,5,25,7,1457
2009,5,25,8,1579
2009,5,25,9,1754
2009,5,25,10,1941
2009,5,25,11,2095
2009,5,25,12,2170
2009,5,25,13,2127
2009,5,25,14,1962
2009,5,25,15,1719
2009,5,25,16,1476
2009,5,25,17,1320
2009,5,25,18,1309
2009,5,25,19,1445
2009,5,25,20,1694
2009,5,25,21,1990
2009,5,25,22,2271
2009,5,25,23,2492
2009,5,26,0,2604
2009,5,26,1,2602
2009,5,26,2,2483
2009,5,26,3,2243
2009,5,26,4,1944
2009,5,26,5,1651
2009,5,26,6,1440
2009,5,26,7,1366
2009,5,26,8,1415
2009,5,26,9,1559
2009,5,26,10,1737
2009,5,26,11,1922
2009,5,26,12,2070
2009,5,26,13,2123
2009,5,26,14,2060
2009,5,26,15,1891
2009,5,26,16,1643
2009,5,26,17,1412
2009,5,26,18,1292
2009,5,26,19,1326
2009,5,26,20,1492
2009,5,26,21,1752
2009,5,26,22,2035
2009,5,26,23,2280
2009,5,27,0,2464
2009,5,27,1,2571
2009,5,27,2,2593
2009,5,27,3,2474
2009,5,27,4,2208
2009,5,27,5,1879
2009,5,27,6,1598
2009,5,27,7,1446
2009,5,27,8,1423
2009,5,27,9,1499
2009,5,27,10,1639
2009,5,27,11,1799
2009,5,27,12,1960
2009,5,27,13,2093
2009,5,27,14,2145
2009,5,27,15,2068
2009,5,27,16,1864
2009,5,27,17,1619
2009,5,27,18,1430
2009,5,27,19,1364
2009,5,27,20,1434
2009,5,27,21,1589
2009,5,27,22,1806
2009,5,27,23,2058
2009,5,28,0,2291
2009,5,28,1,2463
2009,5,28,2,2550
2009,5,28,3,2517
2009,5,28,4,2349
2009,5,28,5,2080
2009,5,28,6,1792
2009,5,28,7,1567
2009,5,28,8,1465
2009,5,28,9,1470
2009,5,28,10,1551
2009,5,28,11,1673
2009,5,28,12,1811
2009,5,28,13,1956
2009,5,28,14,2069
2009,5,28,15,2118
2009,5,28,16,2043
2009,5,28,17,1844
2009,5,28,18,1614
2009,5,28,19,1461
2009,5,28,20,1439
2009,5,28,21,1507
2009,5,28,22,1635
2009,5,28,23,1817
2009,5,29,0,2021
2009,5,29,1,2233
2009,5,29,2,2407
2009,5,29,3,2481
2009,5,29,4,2430
2009,5,29,5,2261
2009,5,29,6,2021
2009,5,29,7,1776
2009,5,29,8,1597
2009,5,29,9,1522
2009,5,29,10,1537
2009,5,29,11,1620
2009,5,29,12,1736
2009,5,29,13,1860
2009,5,29,14,1975
2009,5,29,15,2082
2009,5,29,16,2115
2009,5,29,17,2028
2009,5,29,18,1849
2009,5,29,19,1662
2009,5,29,20,1536
2009,5,29,21,1506
2009,5,29,22,1553
2009,5,29,23,1675
2009,5,30,0,1835
2009,5,30,1,2025
2009,5,30,2,2212
2009,5,30,3,2334
2009,5,30,4,2369
2009,5,30,5,2316
2009,5,30,6,2174
2009,5,30,7,1963
2009,5,30,8,1736
2009,5,30,9,1573
2009,5,30,10,1525
2009,5,30,11,1574
2009,5,30,12,1666
2009,5,30,13,1770
2009,5,30,14,1880
2009,5,30,15,1998
2009,5,30,16,2106
2009,5,30,17,2148
2009,5,30,18,2083
2009,5,30,19,1938
2009,5,30,20,1780
2009,5,30,21,1672
2009,5,30,22,1635
2009,5,30,23,1672
2009,5,31,0,1752
2009,5,31,1,1873
2009,5,31,2,2027
2009,5,31,3,2174
2009,5,31,4,2266
2009,5,31,5,2290
2009,5,31,6,2235
2009,5,31,7,2095
2009,5,31,8,1909
2009,5,31,9,1731
2009,5,31,10,1614
2009,5,31,11,1591
2009,5,31,12,1636
2009,5,31,13,1711
2009,5,31,14,1798
2009,5,31,15,1900
2009,5,31,16,2019
2009,5,31,17,2134
2009,5,31,18,2195
2009,5,31,19,2151
2009,5,31,20,2019
2009,5,31,21,1864
2009,5,31,22,1737
2009,5,31,23,1676
2009,6,1,0,1689
2009,6,1,1,1750
2009,6,1,2,1843
2009,6,1,3,1966
2009,6,1,4,2082
2009,6,1,5,2157
2009,6,1,6,2184
2009,6,1,7,2132
2009,6,1,8,2017
2009,6,1,9,1873
2009,6,1,10,1732
2009,6,1,11,1631
2009,6,1,12,1598
2009,6,1,13,1616
2009,6,1,14,1670
2009,6,1,15,1768
2009,6,1,16,1900
2009,6,1,17,2051
2009,6,1,18,2182
2009,6,1,19,2250
2009,6,1,20,2211
2009,6,1,21,2076
2009,6,1,22,1914
2009,6,1,23,1785
2009,6,2,0,1716
2009,6,2,1,1697
2009,6,2,2,1729
2009,6,2,3,1792
2009,6,2,4,1888
2009,6,2,5,1975
2009,6,2,6,2046
2009,6,2,7,2093
2009,6,2,8,2082
2009,6,2,9,1999
2009,6,2,10,1868
2009,6,2,11,1712
2009,6,2,12,1601
2009,6,2,13,1566
2009,6,2,14,1603
2009,6,2,15,1689
2009,6,2,16,1799
2009,6,2,17,1928
2009,6,2,18,2083
2009,6,2,19,2244
2009,6,2,20,2325
2009,6,2,21,2278
2009,6,2,22,2130
2009,6,2,23,1953
2009,6,3,0,1794
2009,6,3,1,1695
2009,6,3,2,1663
2009,6,3,3,1681
2009,6,3,4,1742
2009,6,3,5,1822
2009,6,3,6,1906
2009,6,3,7,1983
2009,6,3,8,2029
2009,6,3,9,2029
2009,6,3,10,1970
2009,6,3,11,1837
2009,6,3,12,1673
2009,6,3,13,1553
2009,6,3,14,1522
2009,6,3,15,1580
2009,6,3,16,1679
2009,6,3,17,1819
2009,6,3,18,1983
2009,6,3,19,2153
2009,6,3,20,2296
2009,6,3,21,2360
2009,6,3,22,2308
2009,6,3,23,2160
2009,6,4,0,1977
2009,6,4,1,1808
2009,6,4,2,1689
2009,6,4,3,1628
2009,6,4,4,1632
2009,6,4,5,1689
2009,6,4,6,1767
2009,6,4,7,1865
2009,6,4,8,1953
2009,6,4,9,2012
2009,6,4,10,2025
2009,6,4,11,1953
2009,6,4,12,1817
2009,6,4,13,1660
2009,6,4,14,1549
2009,6,4,15,1526
2009,6,4,16,1593
2009,6,4,17,1726
2009,6,4,18,1896
2009,6,4,19,2062
2009,6,4,20,2222
2009,6,4,21,2348
2009,6,4,22,2394
2009,6,4,23,2334
2009,6,5,0,2166
2009,6,5,1,1949
2009,6,5,2,1756
2009,6,5,3,1631
2009,6,5,4,1586
2009,6,5,5,1597
2009,6,5,6,1650
2009,6,5,7,1746
2009,6,5,8,1856
2009,6,5,9,1972
2009,6,5,10,2059
2009,6,5,11,2067
2009,6,5,12,1982
2009,6,5,13,1820
2009,6,5,14,1638
2009,6,5,15,1525
2009,6,5,16,1517
2009,6,5,17,1622
2009,6,5,18,1784
2009,6,5,19,1973
2009,6,5,20,2160
2009,6,5,21,2320
2009,6,5,22,2409
2009,6,5,23,2417
2009,6,6,0,2308
2009,6,6,1,2115
2009,6,6,2,1904
2009,6,6,3,1713
2009,6,6,4,1592
2009,6,6,5,1542
2009,6,6,6,1567
2009,6,6,7,1647
2009,6,6,8,1764
2009,6,6,9,1898
2009,6,6,10,2020
2009,6,6,11,2077
2009,6,6,12,2038
2009,6,6,13,1909
2009,6,6,14,1719
2009,6,6,15,1565
2009,6,6,16,1494
2009,6,6,17,1521
2009,6,6,18,1628
2009,6,6,19,1794
2009,6,6,20,2011
2009,6,6,21,2217
2009,6,6,22,2374
2009,6,6,23,2448
2009,6,7,0,2406
2009,6,7,1,2266
2009,6,7,2,2047
2009,6,7,3,1811
2009,6,7,4,1626
2009,6,7,5,1521
2009,6,7,6,1506
2009,6,7,7,1561
2009,6,7,8,1662
2009,6,7,9,1816
2009,6,7,10,1968
2009,6,7,11,2074
2009,6,7,12,2086
2009,6,7,13,1985
2009,6,7,14,1817
2009,6,7,15,1637
2009,6,7,16,1505
2009,6,7,17,1468
2009,6,7,18,1525
2009,6,7,19,1659
2009,6,7,20,1847
2009,6,7,21,2068
2009,6,7,22,2277
2009,6,7,23,2402
2009,6,8,0,2424
2009,6,8,1,2347
2009,6,8,2,2184
2009,6,8,3,1954
2009,6,8,4,1716
2009,6,8,5,1537
2009,6,8,6,1468
2009,6,8,7,1494
2009,6,8,8,1585
2009,6,8,9,1718
2009,6,8,10,1864
2009,6,8,11,1991
2009,6,8,12,2066
2009,6,8,13,2056
2009,6,8,14,1937
2009,6,8,15,1744
2009,6,8,16,1554
2009,6,8,17,1446
2009,6,8,18,1450
2009,6,8,19,1561
2009,6,8,20,1737
2009,6,8,21,1950
2009,6,8,22,2144
2009,6,8,23,2310
2009,6,9,0,2397
2009,6,9,1,2391
2009,6,9,2,2297
2009,6,9,3,2098
2009,6,9,4,1854
2009,6,9,5,1627
2009,6,9,6,1487
2009,6,9,7,1458
2009,6,9,8,1521
2009,6,9,9,1646
2009,6,9,10,1802
2009,6,9,11,1945
2009,6,9,12,2047
2009,6,9,13,2079
2009,6,9,14,2010
2009,6,9,15,1855
2009,6,9,16,1659
2009,6,9,17,1507
2009,6,9,18,1443
2009,6,9,19,1487
2009,6,9,20,1627
2009,6,9,21,1816
2009,6,9,22,2024
2009,6,9,23,2218
2009,6,10,0,2348
2009,6,10,1,2391
2009,6,10,2,2349
2009,6,10,3,2214
2009,6,10,4,1995
2009,6,10,5,1747
2009,6,10,6,1548
2009,6,10,7,1461
2009,6,10,8,1485
2009,6,10,9,1589
2009,6,10,10,1734
2009,6,10,11,1874
2009,6,10,12,1986
2009,6,10,13,2040
2009,6,10,14,2026
2009,6,10,15,1937
2009,6,10,16,1772
2009,6,10,17,1602
2009,6,10,18,1485
2009,6,10,19,1475
2009,6,10,20,1561
2009,6,10,21,1716
2009,6,10,22,1918
2009,6,10,23,2131
2009,6,11,0,2296
2009,6,11,1,2380
2009,6,11,2,2378
2009,6,11,3,2292
2009,6,11,4,2120
2009,6,11,5,1895
2009,6,11,6,1681
2009,6,11,7,1540
2009,6,11,8,1505
2009,6,11,9,1571
2009,6,11,10,1702
2009,6,11,11,1847
2009,6,11,12,1980
2009,6,11,13,2070
2009,6,11,14,2104
2009,6,11,15,2068
2009,6,11,16,1957
2009,6,11,17,1786
2009,6,11,18,1610
2009,6,11,19,1520
2009,6,11,20,1555
2009,6,11,21,1684
2009,6,11,22,1866
2009,6,11,23,2051
2009,6,12,0,2210
2009,6,12,1,2321
2009,6,12,2,2375
2009,6,12,3,2355
2009,6,12,4,2233
2009,6,12,5,2043
2009,6,12,6,1825
2009,6,12,7,1645
2009,6,12,8,1551
2009,6,12,9,1558
2009,6,12,10,1659
2009,6,12,11,1799
2009,6,12,12,1943
2009,6,12,13,2055
2009,6,12,14,2111
2009,6,12,15,2103
2009,6,12,16,2042
2009,6,12,17,1922
2009,6,12,18,1769
2009,6,12,19,1636
2009,6,12,20,1581
2009,6,12,21,1628
2009,6,12,22,1771
2009,6,12,23,1962
2009,6,13,0,2139
2009,6,13,1,2266
2009,6,13,2,2332
2009,6,13,3,2342
2009,6,13,4,2286
2009,6,13,5,2151
2009,6,13,6,1944
2009,6,13,7,1725
2009,6,13,8,1585
2009,6,13,9,1559
2009,6,13,10,1624
2009,6,13,11,1739
2009,6,13,12,1854
2009,6,13,13,1959
2009,6,13,14,2041
2009,6,13,15,2080
2009,6,13,16,2066
2009,6,13,17,1973
2009,6,13,18,1830
2009,6,13,19,1691
2009,6,13,20,1611
2009,6,13,21,1613
2009,6,13,22,1667
2009,6,13,23,1790
2009,6,14,0,1953
2009,6,14,1,2110
2009,6,14,2,2233
2009,6,14,3,2284
2009,6,14,4,2256
2009,6,14,5,2166
2009,6,14,6,1972
2009,6,14,7,1807
2009,6,14,8,1642
2009,6,14,9,1567
2009,6,14,10,1586
2009,6,14,11,1663
2009,6,14,12,1782
2009,6,14,13,1891
2009,6,14,14,1985
2009,6,14,15,2059
2009,6,14,16,2089
2009,6,14,17,2069
2009,6,14,18,1981
2009,6,14,19,1851
2009,6,14,20,1732
2009,6,14,21,1670
2009,6,14,22,1686
2009,6,14,23,1759
2009,6,15,0,1868
2009,6,15,1,2006
2009,6,15,2,2120
2009,6,15,3,2172
2009,6,15,4,2198
2009,6,15,5,2147
2009,6,15,6,2024
2009,6,15,7,1867
2009,6,15,8,1705
2009,6,15,9,1588
2009,6,15,10,1561
2009,6,15,11,1595
2009,6,15,12,1677
2009,6,15,13,1775
2009,6,15,14,1881
2009,6,15,15,1971
2009,6,15,16,2037
2009,6,15,17,2084
2009,6,15,18,2067
2009,6,15,19,1984
2009,6,15,20,1864
2009,6,15,21,1753
2009,6,15,22,1694
2009,6,15,23,1703
2009,6,16,0,1770
2009,6,16,1,1856
2009,6,16,2,1958
2009,6,16,3,2043
2009,6,16,4,2103
2009,6,16,5,2102
2009,6,16,6,2043
2009,6,16,7,1945
2009,6,16,8,1793
2009,6,16,9,1640
2009,6,16,10,1545
2009,6,16,11,1521
2009,6,16,12,1575
2009,6,16,13,1673
2009,6,16,14,1789
2009,6,16,15,1892
2009,6,16,16,1987
2009,6,16,17,2081
2009,6,16,18,2134
2009,6,16,19,2102
2009,6,16,20,2005
2009,6,16,21,1877
2009,6,16,22,1757
2009,6,16,23,1705
2009,6,17,0,1716
2009,6,17,1,1764
2009,6,17,2,1828
2009,6,17,3,1914
2009,6,17,4,1997
2009,6,17,5,2036
2009,6,17,6,2031
2009,6,17,7,1976
2009,6,17,8,1857
2009,6,17,9,1719
2009,6,17,10,1613
2009,6,17,11,1551
2009,6,17,12,1551
2009,6,17,13,1592
2009,6,17,14,1670
2009,6,17,15,1770
2009,6,17,16,1886
2009,6,17,17,2021
2009,6,17,18,2120
2009,6,17,19,2167
2009,6,17,20,2137
2009,6,17,21,2035
2009,6,17,22,1900
2009,6,17,23,1782
2009,6,18,0,1707
2009,6,18,1,1678
2009,6,18,2,1698
2009,6,18,3,1765
2009,6,18,4,1855
2009,6,18,5,1928
2009,6,18,6,1977
2009,6,18,7,1977
2009,6,18,8,1926
2009,6,18,9,1837
2009,6,18,10,1730
2009,6,18,11,1627
2009,6,18,12,1559
2009,6,18,13,1543
2009,6,18,14,1594
2009,6,18,15,1698
2009,6,18,16,1833
2009,6,18,17,1983
2009,6,18,18,2115
2009,6,18,19,2211
2009,6,18,20,2266
2009,6,18,21,2238
2009,6,18,22,2128
2009,6,18,23,1972
2009,6,19,0,1811
2009,6,19,1,1703
2009,6,19,2,1665
2009,6,19,3,1682
2009,6,19,4,1732
2009,6,19,5,1796
2009,6,19,6,1867
2009,6,19,7,1924
2009,6,19,8,1953
2009,6,19,9,1926
2009,6,19,10,1842
2009,6,19,11,1722
2009,6,19,12,1600
2009,6,19,13,1515
2009,6,19,14,1499
2009,6,19,15,1568
2009,6,19,16,1694
2009,6,19,17,1855
2009,6,19,18,2027
2009,6,19,19,2187
2009,6,19,20,2307
2009,6,19,21,2349
2009,6,19,22,2302
2009,6,19,23,2158
2009,6,20,0,1960
2009,6,20,1,1768
2009,6,20,2,1633
2009,6,20,3,1577
2009,6,20,4,1582
2009,6,20,5,1626
2009,6,20,6,1708
2009,6,20,7,1805
2009,6,20,8,1892
2009,6,20,9,1941
2009,6,20,10,1931
2009,6,20,11,1842
2009,6,20,12,1689
2009,6,20,13,1527
2009,6,20,14,1425
2009,6,20,15,1422
2009,6,20,16,1515
2009,6,20,17,1677
2009,6,20,18,1871
2009,6,20,19,2074
2009,6,20,20,2258
2009,6,20,21,2397
2009,6,20,22,2440
2009,6,20,23,2358
2009,6,21,0,2165
2009,6,21,1,1931
2009,6,21,2,1712
2009,6,21,3,1555
2009,6,21,4,1478
2009,6,21,5,1466
2009,6,21,6,1519
2009,6,21,7,1620
2009,6,21,8,1760
2009,6,21,9,1886
2009,6,21,10,1965
2009,6,21,11,1953
2009,6,21,12,1836
2009,6,21,13,1658
2009,6,21,14,1476
2009,6,21,15,1359
2009,6,21,16,1339
2009,6,21,17,1432
2009,6,21,18,1628
2009,6,21,19,1875
2009,6,21,20,2128
2009,6,21,21,2341
2009,6,21,22,2476
2009,6,21,23,2506
2009,6,22,0,2400
2009,6,22,1,2168
2009,6,22,2,1887
2009,6,22,3,1624
2009,6,22,4,1424
2009,6,22,5,1336
2009,6,22,6,1354
2009,6,22,7,1455
2009,6,22,8,1601
2009,6,22,9,1755
2009,6,22,10,1897
2009,6,22,11,1984
2009,6,22,12,1968
2009,6,22,13,1833
2009,6,22,14,1611
2009,6,22,15,1400
2009,6,22,16,1275
2009,6,22,17,1276
2009,6,22,18,1405
2009,6,22,19,1615
2009,6,22,20,1877
2009,6,22,21,2150
2009,6,22,22,2375
2009,6,22,23,2515
2009,6,23,0,2526
2009,6,23,1,2400
2009,6,23,2,2151
2009,6,23,3,1840
2009,6,23,4,1554
2009,6,23,5,1360
2009,6,23,6,1282
2009,6,23,7,1304
2009,6,23,8,1406
2009,6,23,9,1577
2009,6,23,10,1792
2009,6,23,11,1989
2009,6,23,12,2070
2009,6,23,13,2002
2009,6,23,14,1816
2009,6,23,15,1570
2009,6,23,16,1353
2009,6,23,17,1241
2009,6,23,18,1270
2009,6,23,19,1404
2009,6,23,20,1631
2009,6,23,21,1907
2009,6,23,22,2182
2009,6,23,23,2406
2009,6,24,0,2523
2009,6,24,1,2516
2009,6,24,2,2364
2009,6,24,3,2107
2009,6,24,4,1791
2009,6,24,5,1490
2009,6,24,6,1296
2009,6,24,7,1229
2009,6,24,8,1282
2009,6,24,9,1433
2009,6,24,10,1647
2009,6,24,11,1874
2009,6,24,12,2048
2009,6,24,13,2110
2009,6,24,14,2020
2009,6,24,15,1816
2009,6,24,16,1572
2009,6,24,17,1372
2009,6,24,18,1292
2009,6,24,19,1345
2009,6,24,20,1504
2009,6,24,21,1721
2009,6,24,22,1982
2009,6,24,23,2260
2009,6,25,0,2483
2009,6,25,1,2598
2009,6,25,2,2554
2009,6,25,3,2356
2009,6,25,4,2055
2009,6,25,5,1729
2009,6,25,6,1459
2009,6,25,7,1291
2009,6,25,8,1240
2009,6,25,9,1321
2009,6,25,10,1507
2009,6,25,11,1733
2009,6,25,12,1948
2009,6,25,13,2093
2009,6,25,14,2115
2009,6,25,15,1996
2009,6,25,16,1774
2009,6,25,17,1527
2009,6,25,18,1335
2009,6,25,19,1271
2009,6,25,20,1335
2009,6,25,21,1485
2009,6,25,22,1701
2009,6,25,23,1941
2009,6,26,0,2179
2009,6,26,1,2383
2009,6,26,2,2491
2009,6,26,3,2445
2009,6,26,4,2230
2009,6,26,5,1905
2009,6,26,6,1582
2009,6,26,7,1362
2009,6,26,8,1268
2009,6,26,9,1302
2009,6,26,10,1435
2009,6,26,11,1615
2009,6,26,12,1807
2009,6,26,13,1997
2009,6,26,14,2131
2009,6,26,15,2152
2009,6,26,16,2044
2009,6,26,17,1843
2009,6,26,18,1598
2009,6,26,19,1417
2009,6,26,20,1363
2009,6,26,21,1422
2009,6,26,22,1555
2009,6,26,23,1748
2009,6,27,0,1979
2009,6,27,1,2204
2009,6,27,2,2377
2009,6,27,3,2429
2009,6,27,4,2335
2009,6,27,5,2103
2009,6,27,6,1803
2009,6,27,7,1521
2009,6,27,8,1332
2009,6,27,9,1257
2009,6,27,10,1298
2009,6,27,11,1437
2009,6,27,12,1636
2009,6,27,13,1846
2009,6,27,14,2019
2009,6,27,15,2132
2009,6,27,16,2146
2009,6,27,17,2045
2009,6,27,18,1845
2009,6,27,19,1611
2009,6,27,20,1437
2009,6,27,21,1396
2009,6,27,22,1461
2009,6,27,23,1589
2009,6,28,0,1774
2009,6,28,1,1981
2009,6,28,2,2180
2009,6,28,3,2300
2009,6,28,4,2303
2009,6,28,5,2175
2009,6,28,6,1956
2009,6,28,7,1694
2009,6,28,8,1468
2009,6,28,9,1333
2009,6,28,10,1308
2009,6,28,11,1387
2009,6,28,12,1539
2009,6,28,13,1727
2009,6,28,14,1912
2009,6,28,15,2069
2009,6,28,16,2153
2009,6,28,17,2141
2009,6,28,18,2045
2009,6,28,19,1868
2009,6,28,20,1682
2009,6,28,21,1557
2009,6,28,22,1499
2009,6,28,23,1534
2009,6,29,0,1643
2009,6,29,1,1791
2009,6,29,2,1967
2009,6,29,3,2094
2009,6,29,4,2160
2009,6,29,5,2135
2009,6,29,6,2025
2009,6,29,7,1848
2009,6,29,8,1641
2009,6,29,9,1457
2009,6,29,10,1360
2009,6,29,11,1371
2009,6,29,12,1464
2009,6,29,13,1614
2009,6,29,14,1783
2009,6,29,15,1950
2009,6,29,16,2081
2009,6,29,17,2152
2009,6,29,18,2170
2009,6,29,19,2102
2009,6,29,20,1959
2009,6,29,21,1789
2009,6,29,22,1655
2009,6,29,23,1596
2009,6,30,0,1626
2009,6,30,1,1714
2009,6,30,2,1829
2009,6,30,3,1936
2009,6,30,4,2021
2009,6,30,5,2059
2009,6,30,6,2033
2009,6,30,7,1942
2009,6,30,8,1791
2009,6,30,9,1615
2009,6,30,10,1489
2009,6,30,11,1438
2009,6,30,12,1475
2009,6,30,13,1582
2009,6,30,14,1723
2009,6,30,15,1864
2009,6,30,16,1986
2009,6,30,17,2096
2009,6,30,18,2197
2009,6,30,19,2241
2009,6,30,20,2165
2009,6,30,21,1992
2009,6,30,22,1808
2009,6,30,23,1684
2009,7,1,0,1647
2009,7,1,1,1669
2009,7,1,2,1721
2009,7,1,3,1784
2009,7,1,4,1848
2009,7,1,5,1903
2009,7,1,6,1937
2009,7,1,7,1928
2009,7,1,8,1845
2009,7,1,9,1721
2009,7,1,10,1601
2009,7,1,11,1515
2009,7,1,12,1486
2009,7,1,13,1515
2009,7,1,14,1590
2009,7,1,15,1709
2009,7,1,16,1847
2009,7,1,17,1984
2009,7,1,18,2111
2009,7,1,19,2207
2009,7,1,20,2228
2009,7,1,21,2137
2009,7,1,22,1972
2009,7,1,23,1814
2009,7,2,0,1699
2009,7,2,1,1653
2009,7,2,2,1655
2009,7,2,3,1678
2009,7,2,4,1710
2009,7,2,5,1749
2009,7,2,6,1799
2009,7,2,7,1848
2009,7,2,8,1849
2009,7,2,9,1800
2009,7,2,10,1700
2009,7,2,11,1589
2009,7,2,12,1501
2009,7,2,13,1460
2009,7,2,14,1486
2009,7,2,15,1572
2009,7,2,16,1696
2009,7,2,17,1838
2009,7,2,18,1979
2009,7,2,19,2105
2009,7,2,20,2200
2009,7,2,21,2220
2009,7,2,22,2140
2009,7,2,23,1992
2009,7,3,0,1824
2009,7,3,1,1699
2009,7,3,2,1638
2009,7,3,3,1633
2009,7,3,4,1639
2009,7,3,5,1660
2009,7,3,6,1704
2009,7,3,7,1750
2009,7,3,8,1806
2009,7,3,9,1840
2009,7,3,10,1824
2009,7,3,11,1743
2009,7,3,12,1618
2009,7,3,13,1507
2009,7,3,14,1452
2009,7,3,15,1479
2009,7,3,16,1567
2009,7,3,17,1709
2009,7,3,18,1877
2009,7,3,19,2044
2009,7,3,20,2182
2009,7,3,21,2268
2009,7,3,22,2265
2009,7,3,23,2167
2009,7,4,0,2010
2009,7,4,1,1842
2009,7,4,2,1701
2009,7,4,3,1619
2009,7,4,4,1586
2009,7,4,5,1590
2009,7,4,6,1626
2009,7,4,7,1674
2009,7,4,8,1742
2009,7,4,9,1806
2009,7,4,10,1848
2009,7,4,11,1825
2009,7,4,12,1718
2009,7,4,13,1568
2009,7,4,14,1437
2009,7,4,15,1389
2009,7,4,16,1434
2009,7,4,17,1551
2009,7,4,18,1711
2009,7,4,19,1880
2009,7,4,20,2042
2009,7,4,21,2180
2009,7,4,22,2255
2009,7,4,23,2243
2009,7,5,0,2127
2009,7,5,1,1949
2009,7,5,2,1755
2009,7,5,3,1608
2009,7,5,4,1522
2009,7,5,5,1487
2009,7,5,6,1497
2009,7,5,7,1548
2009,7,5,8,1641
2009,7,5,9,1750
2009,7,5,10,1842
2009,7,5,11,1872
2009,7,5,12,1826
2009,7,5,13,1689
2009,7,5,14,1520
2009,7,5,15,1384
2009,7,5,16,1344
2009,7,5,17,1410
2009,7,5,18,1549
2009,7,5,19,1730
2009,7,5,20,1925
2009,7,5,21,2105
2009,7,5,22,2226
2009,7,5,23,2270
2009,7,6,0,2219
2009,7,6,1,2078
2009,7,6,2,1883
2009,7,6,3,1686
2009,7,6,4,1532
2009,7,6,5,1443
2009,7,6,6,1433
2009,7,6,7,1476
2009,7,6,8,1574
2009,7,6,9,1687
2009,7,6,10,1810
2009,7,6,11,1897
2009,7,6,12,1898
2009,7,6,13,1813
2009,7,6,14,1650
2009,7,6,15,1482
2009,7,6,16,1372
2009,7,6,17,1357
2009,7,6,18,1446
2009,7,6,19,1600
2009,7,6,20,1790
2009,7,6,21,1998
2009,7,6,22,2175
2009,7,6,23,2297
2009,7,7,0,2321
2009,7,7,1,2231
2009,7,7,2,2052
2009,7,7,3,1835
2009,7,7,4,1633
2009,7,7,5,1495
2009,7,7,6,1439
2009,7,7,7,1462
2009,7,7,8,1540
2009,7,7,9,1649
2009,7,7,10,1791
2009,7,7,11,1926
2009,7,7,12,1982
2009,7,7,13,1939
2009,7,7,14,1802
2009,7,7,15,1610
2009,7,7,16,1445
2009,7,7,17,1369
2009,7,7,18,1389
2009,7,7,19,1493
2009,7,7,20,1662
2009,7,7,21,1878
2009,7,7,22,2075
2009,7,7,23,2232
2009,7,8,0,2308
2009,7,8,1,2257
2009,7,8,2,2116
2009,7,8,3,1925
2009,7,8,4,1694
2009,7,8,5,1488
2009,7,8,6,1365
2009,7,8,7,1342
2009,7,8,8,1417
2009,7,8,9,1543
2009,7,8,10,1696
2009,7,8,11,1830
2009,7,8,12,1910
2009,7,8,13,1925
2009,7,8,14,1837
2009,7,8,15,1680
2009,7,8,16,1495
2009,7,8,17,1351
2009,7,8,18,1322
2009,7,8,19,1403
2009,7,8,20,1557
2009,7,8,21,1742
2009,7,8,22,1928
2009,7,8,23,2114
2009,7,9,0,2256
2009,7,9,1,2288
2009,7,9,2,2186
2009,7,9,3,1979
2009,7,9,4,1727
2009,7,9,5,1502
2009,7,9,6,1366
2009,7,9,7,1325
2009,7,9,8,1371
2009,7,9,9,1487
2009,7,9,10,1651
2009,7,9,11,1823
2009,7,9,12,1956
2009,7,9,13,2002
2009,7,9,14,1952
2009,7,9,15,1795
2009,7,9,16,1633
2009,7,9,17,1471
2009,7,9,18,1368
2009,7,9,19,1374
2009,7,9,20,1488
2009,7,9,21,1664
2009,7,9,22,1864
2009,7,9,23,2040
2009,7,10,0,2184
2009,7,10,1,2268
2009,7,10,2,2262
2009,7,10,3,2128
2009,7,10,4,1886
2009,7,10,5,1621
2009,7,10,6,1419
2009,7,10,7,1324
2009,7,10,8,1331
2009,7,10,9,1404
2009,7,10,10,1531
2009,7,10,11,1728
2009,7,10,12,1911
2009,7,10,13,2021
2009,7,10,14,2034
2009,7,10,15,1955
2009,7,10,16,1796
2009,7,10,17,1595
2009,7,10,18,1432
2009,7,10,19,1382
2009,7,10,20,1448
2009,7,10,21,1599
2009,7,10,22,1794
2009,7,10,23,1974
2009,7,11,0,2104
2009,7,11,1,2199
2009,7,11,2,2254
2009,7,11,3,2207
2009,7,11,4,2035
2009,7,11,5,1761
2009,7,11,6,1488
2009,7,11,7,1320
2009,7,11,8,1295
2009,7,11,9,1373
2009,7,11,10,1514
2009,7,11,11,1678
2009,7,11,12,1836
2009,7,11,13,1958
2009,7,11,14,2027
2009,7,11,15,2026
2009,7,11,16,1923
2009,7,11,17,1739
2009,7,11,18,1558
2009,7,11,19,1456
2009,7,11,20,1443
2009,7,11,21,1527
2009,7,11,22,1683
2009,7,11,23,1865
2009,7,12,0,2018
2009,7,12,1,2130
2009,7,12,2,2203
2009,7,12,3,2195
2009,7,12,4,2083
2009,7,12,5,1873
2009,7,12,6,1609
2009,7,12,7,1387
2009,7,12,8,1293
2009,7,12,9,1316
2009,7,12,10,1443
2009,7,12,11,1596
2009,7,12,12,1745
2009,7,12,13,1883
2009,7,12,14,1987
2009,7,12,15,2053
2009,7,12,16,2014
2009,7,12,17,1871
2009,7,12,18,1689
2009,7,12,19,1540
2009,7,12,20,1482
2009,7,12,21,1518
2009,7,12,22,1628
2009,7,12,23,1784
2009,7,13,0,1946
2009,7,13,1,2074
2009,7,13,2,2152
2009,7,13,3,2175
2009,7,13,4,2128
2009,7,13,5,1995
2009,7,13,6,1776
2009,7,13,7,1537
2009,7,13,8,1375
2009,7,13,9,1333
2009,7,13,10,1416
2009,7,13,11,1561
2009,7,13,12,1696
2009,7,13,13,1831
2009,7,13,14,1951
2009,7,13,15,2059
2009,7,13,16,2092
2009,7,13,17,2013
2009,7,13,18,1853
2009,7,13,19,1669
2009,7,13,20,1552
2009,7,13,21,1534
2009,7,13,22,1595
2009,7,13,23,1703
2009,7,14,0,1833
2009,7,14,1,1950
2009,7,14,2,2033
2009,7,14,3,2085
2009,7,14,4,2096
2009,7,14,5,2011
2009,7,14,6,1833
2009,7,14,7,1609
2009,7,14,8,1415
2009,7,14,9,1314
2009,7,14,10,1348
2009,7,14,11,1484
2009,7,14,12,1644
2009,7,14,13,1775
2009,7,14,14,1870
2009,7,14,15,1963
2009,7,14,16,2044
2009,7,14,17,2051
2009,7,14,18,1964
2009,7,14,19,1812
2009,7,14,20,1647
2009,7,14,21,1544
2009,7,14,22,1527
2009,7,14,23,1588
2009,7,15,0,1700
2009,7,15,1,1811
2009,7,15,2,1903
2009,7,15,3,1973
2009,7,15,4,2016
2009,7,15,5,1991
2009,7,15,6,1871
2009,7,15,7,1690
2009,7,15,8,1505
2009,7,15,9,1376
2009,7,15,10,1344
2009,7,15,11,1403
2009,7,15,12,1512
2009,7,15,13,1655
2009,7,15,14,1782
2009,7,15,15,1901
2009,7,15,16,2002
2009,7,15,17,2056
2009,7,15,18,2052
2009,7,15,19,1976
2009,7,15,20,1835
2009,7,15,21,1694
2009,7,15,22,1615
2009,7,15,23,1608
2009,7,16,0,1648
2009,7,16,1,1718
2009,7,16,2,1801
2009,7,16,3,1881
2009,7,16,4,1935
2009,7,16,5,1940
2009,7,16,6,1885
2009,7,16,7,1759
2009,7,16,8,1600
2009,7,16,9,1466
2009,7,16,10,1402
2009,7,16,11,1411
2009,7,16,12,1474
2009,7,16,13,1590
2009,7,16,14,1722
2009,7,16,15,1836
2009,7,16,16,1946
2009,7,16,17,2042
2009,7,16,18,2106
2009,7,16,19,2094
2009,7,16,20,2009
2009,7,16,21,1876
2009,7,16,22,1738
2009,7,16,23,1661
2009,7,17,0,1638
2009,7,17,1,1666
2009,7,17,2,1720
2009,7,17,3,1777
2009,7,17,4,1821
2009,7,17,5,1849
2009,7,17,6,1864
2009,7,17,7,1838
2009,7,17,8,1758
2009,7,17,9,1620
2009,7,17,10,1499
2009,7,17,11,1453
2009,7,17,12,1477
2009,7,17,13,1540
2009,7,17,14,1625
2009,7,17,15,1723
2009,7,17,16,1828
2009,7,17,17,1963
2009,7,17,18,2101
2009,7,17,19,2188
2009,7,17,20,2179
2009,7,17,21,2089
2009,7,17,22,1952
2009,7,17,23,1811
2009,7,18,0,1694
2009,7,18,1,1623
2009,7,18,2,1611
2009,7,18,3,1631
2009,7,18,4,1675
2009,7,18,5,1727
2009,7,18,6,1784
2009,7,18,7,1822
2009,7,18,8,1810
2009,7,18,9,1735
2009,7,18,10,1641
2009,7,18,11,1551
2009,7,18,12,1486
2009,7,18,13,1468
2009,7,18,14,1493
2009,7,18,15,1554
2009,7,18,16,1657
2009,7,18,17,1812
2009,7,18,18,2008
2009,7,18,19,2173
2009,7,18,20,2261
2009,7,18,21,2236
2009,7,18,22,2111
2009,7,18,23,1953
2009,7,19,0,1801
2009,7,19,1,1681
2009,7,19,2,1606
2009,7,19,3,1566
2009,7,19,4,1554
2009,7,19,5,1581
2009,7,19,6,1653
2009,7,19,7,1740
2009,7,19,8,1802
2009,7,19,9,1809
2009,7,19,10,1771
2009,7,19,11,1681
2009,7,19,12,1580
2009,7,19,13,1494
2009,7,19,14,1431
2009,7,19,15,1434
2009,7,19,16,1489
2009,7,19,17,1605
2009,7,19,18,1806
2009,7,19,19,2044
2009,7,19,20,2235
2009,7,19,21,2326
2009,7,19,22,2295
2009,7,19,23,2177
2009,7,20,0,2002
2009,7,20,1,1818
2009,7,20,2,1640
2009,7,20,3,1496
2009,7,20,4,1412
2009,7,20,5,1420
2009,7,20,6,1503
2009,7,20,7,1630
2009,7,20,8,1769
2009,7,20,9,1880
2009,7,20,10,1925
2009,7,20,11,1877
2009,7,20,12,1751
2009,7,20,13,1575
2009,7,20,14,1408
2009,7,20,15,1319
2009,7,20,16,1321
2009,7,20,17,1406
2009,7,20,18,1569
2009,7,20,19,1796
2009,7,20,20,2052
2009,7,20,21,2272
2009,7,20,22,2388
2009,7,20,23,2364
2009,7,21,0,2217
2009,7,21,1,1988
2009,7,21,2,1749
2009,7,21,3,1517
2009,7,21,4,1348
2009,7,21,5,1264
2009,7,21,6,1292
2009,7,21,7,1409
2009,7,21,8,1577
2009,7,21,9,1749
2009,7,21,10,1881
2009,7,21,11,1934
2009,7,21,12,1866
2009,7,21,13,1708
2009,7,21,14,1509
2009,7,21,15,1330
2009,7,21,16,1236
2009,7,21,17,1254
2009,7,21,18,1387
2009,7,21,19,1603
2009,7,21,20,1846
2009,7,21,21,2109
2009,7,21,22,2319
2009,7,21,23,2432
2009,7,22,0,2416
2009,7,22,1,2241
2009,7,22,2,1966
2009,7,22,3,1662
2009,7,22,4,1410
2009,7,22,5,1258
2009,7,22,6,1214
2009,7,22,7,1265
2009,7,22,8,1394
2009,7,22,9,1591
2009,7,22,10,1801
2009,7,22,11,1993
2009,7,22,12,2044
2009,7,22,13,1947
2009,7,22,14,1718
2009,7,22,15,1453
2009,7,22,16,1238
2009,7,22,17,1148
2009,7,22,18,1204
2009,7,22,19,1385
2009,7,22,20,1634
2009,7,22,21,1906
2009,7,22,22,2161
2009,7,22,23,2365
2009,7,23,0,2468
2009,7,23,1,2436
2009,7,23,2,2241
2009,7,23,3,1914
2009,7,23,4,1571
2009,7,23,5,1297
2009,7,23,6,1150
2009,7,23,7,1150
2009,7,23,8,1269
2009,7,23,9,1456
2009,7,23,10,1681
2009,7,23,11,1916
2009,7,23,12,2085
2009,7,23,13,2119
2009,7,23,14,1995
2009,7,23,15,1752
2009,7,23,16,1477
2009,7,23,17,1269
2009,7,23,18,1184
2009,7,23,19,1231
2009,7,23,20,1398
2009,7,23,21,1658
2009,7,23,22,1946
2009,7,23,23,2201
2009,7,24,0,2387
2009,7,24,1,2460
2009,7,24,2,2396
2009,7,24,3,2179
2009,7,24,4,1855
2009,7,24,5,1510
2009,7,24,6,1252
2009,7,24,7,1132
2009,7,24,8,1151
2009,7,24,9,1286
2009,7,24,10,1512
2009,7,24,11,1764
2009,7,24,12,1978
2009,7,24,13,2112
2009,7,24,14,2127
2009,7,24,15,1986
2009,7,24,16,1729
2009,7,24,17,1444
2009,7,24,18,1231
2009,7,24,19,1175
2009,7,24,20,1267
2009,7,24,21,1473
2009,7,24,22,1725
2009,7,24,23,1975
2009,7,25,0,2194
2009,7,25,1,2339
2009,7,25,2,2376
2009,7,25,3,2277
2009,7,25,4,2034
2009,7,25,5,1689
2009,7,25,6,1360
2009,7,25,7,1152
2009,7,25,8,1115
2009,7,25,9,1220
2009,7,25,10,1416
2009,7,25,11,1671
2009,7,25,12,1898
2009,7,25,13,2063
2009,7,25,14,2152
2009,7,25,15,2121
2009,7,25,16,1950
2009,7,25,17,1684
2009,7,25,18,1420
2009,7,25,19,1271
2009,7,25,20,1275
2009,7,25,21,1393
2009,7,25,22,1577
2009,7,25,23,1788
2009,7,26,0,2012
2009,7,26,1,2200
2009,7,26,2,2329
2009,7,26,3,2328
2009,7,26,4,2172
2009,7,26,5,1879
2009,7,26,6,1552
2009,7,26,7,1296
2009,7,26,8,1169
2009,7,26,9,1204
2009,7,26,10,1362
2009,7,26,11,1570
2009,7,26,12,1790
2009,7,26,13,1977
2009,7,26,14,2130
2009,7,26,15,2216
2009,7,26,16,2172
2009,7,26,17,1984
2009,7,26,18,1712
2009,7,26,19,1468
2009,7,26,20,1356
2009,7,26,21,1392
2009,7,26,22,1507
2009,7,26,23,1667
2009,7,27,0,1834
2009,7,27,1,1997
2009,7,27,2,2149
2009,7,27,3,2231
2009,7,27,4,2199
2009,7,27,5,2028
2009,7,27,6,1774
2009,7,27,7,1507
2009,7,27,8,1307
2009,7,27,9,1230
2009,7,27,10,1298
2009,7,27,11,1473
2009,7,27,12,1697
2009,7,27,13,1906
2009,7,27,14,2061
2009,7,27,15,2168
2009,7,27,16,2209
2009,7,27,17,2159
2009,7,27,18,2013
2009,7,27,19,1799
2009,7,27,20,1594
2009,7,27,21,1491
2009,7,27,22,1481
2009,7,27,23,1547
2009,7,28,0,1648
2009,7,28,1,1775
2009,7,28,2,1909
2009,7,28,3,2020
2009,7,28,4,2082
2009,7,28,5,2037
2009,7,28,6,1874
2009,7,28,7,1639
2009,7,28,8,1424
2009,7,28,9,1301
2009,7,28,10,1313
2009,7,28,11,1398
2009,7,28,12,1528
2009,7,28,13,1681
2009,7,28,14,1819
2009,7,28,15,1951
2009,7,28,16,2062
2009,7,28,17,2105
2009,7,28,18,2031
2009,7,28,19,1859
2009,7,28,20,1653
2009,7,28,21,1509
2009,7,28,22,1458
2009,7,28,23,1487
2009,7,29,0,1561
2009,7,29,1,1642
2009,7,29,2,1714
2009,7,29,3,1777
2009,7,29,4,1835
2009,7,29,5,1866
2009,7,29,6,1808
2009,7,29,7,1656
2009,7,29,8,1485
2009,7,29,9,1366
2009,7,29,10,1349
2009,7,29,11,1415
2009,7,29,12,1505
2009,7,29,13,1615
2009,7,29,14,1727
2009,7,29,15,1845
2009,7,29,16,1957
2009,7,29,17,2037
2009,7,29,18,2073
2009,7,29,19,2016
2009,7,29,20,1867
2009,7,29,21,1679
2009,7,29,22,1552
2009,7,29,23,1532
2009,7,30,0,1568
2009,7,30,1,1617
2009,7,30,2,1673
2009,7,30,3,1729
2009,7,30,4,1790
2009,7,30,5,1837
2009,7,30,6,1833
2009,7,30,7,1761
2009,7,30,8,1634
2009,7,30,9,1505
2009,7,30,10,1446
2009,7,30,11,1453
2009,7,30,12,1518
2009,7,30,13,1614
2009,7,30,14,1707
2009,7,30,15,1805
2009,7,30,16,1898
2009,7,30,17,1977
2009,7,30,18,2043
2009,7,30,19,2068
2009,7,30,20,2009
2009,7,30,21,1897
2009,7,30,22,1762
2009,7,30,23,1662
2009,7,31,0,1614
2009,7,31,1,1616
2009,7,31,2,1655
2009,7,31,3,1687
2009,7,31,4,1719
2009,7,31,5,1750
2009,7,31,6,1769
2009,7,31,7,1774
2009,7,31,8,1749
2009,7,31,9,1694
2009,7,31,10,1605
2009,7,31,11,1542
2009,7,31,12,1521
2009,7,31,13,1534
2009,7,31,14,1585
2009,7,31,15,1661
2009,7,31,16,1742
2009,7,31,17,1835
2009,7,31,18,1940
2009,7,31,19,2024
2009,7,31,20,2062
2009,7,31,21,2025
2009,7,31,22,1933
2009,7,31,23,1815
2009,8,1,0,1701
2009,8,1,1,1619
2009,8,1,2,1589
2009,8,1,3,1576
2009,8,1,4,1576
2009,8,1,5,1591
2009,8,1,6,1638
2009,8,1,7,1684
2009,8,1,8,1714
2009,8,1,9,1708
2009,8,1,10,1660
2009,8,1,11,1607
2009,8,1,12,1545
2009,8,1,13,1508
2009,8,1,14,1495
2009,8,1,15,1536
2009,8,1,16,1607
2009,8,1,17,1695
2009,8,1,18,1806
2009,8,1,19,1923
2009,8,1,20,2021
2009,8,1,21,2071
2009,8,1,22,2042
2009,8,1,23,1943
2009,8,2,0,1803
2009,8,2,1,1672
2009,8,2,2,1591
2009,8,2,3,1542
2009,8,2,4,1519
2009,8,2,5,1522
2009,8,2,6,1566
2009,8,2,7,1637
2009,8,2,8,1711
2009,8,2,9,1756
2009,8,2,10,1764
2009,8,2,11,1724
2009,8,2,12,1645
2009,8,2,13,1564
2009,8,2,14,1479
2009,8,2,15,1448
2009,8,2,16,1475
2009,8,2,17,1550
2009,8,2,18,1671
2009,8,2,19,1814
2009,8,2,20,1968
2009,8,2,21,2086
2009,8,2,22,2125
2009,8,2,23,2074
2009,8,3,0,1943
2009,8,3,1,1778
2009,8,3,2,1639
2009,8,3,3,1536
2009,8,3,4,1474
2009,8,3,5,1446
2009,8,3,6,1452
2009,8,3,7,1509
2009,8,3,8,1611
2009,8,3,9,1725
2009,8,3,10,1804
2009,8,3,11,1820
2009,8,3,12,1759
2009,8,3,13,1646
2009,8,3,14,1512
2009,8,3,15,1430
2009,8,3,16,1406
2009,8,3,17,1449
2009,8,3,18,1566
2009,8,3,19,1723
2009,8,3,20,1895
2009,8,3,21,2043
2009,8,3,22,2143
2009,8,3,23,2167
2009,8,4,0,2091
2009,8,4,1,1927
2009,8,4,2,1729
2009,8,4,3,1535
2009,8,4,4,1406
2009,8,4,5,1360
2009,8,4,6,1381
2009,8,4,7,1447
2009,8,4,8,1550
2009,8,4,9,1671
2009,8,4,10,1792
2009,8,4,11,1869
2009,8,4,12,1852
2009,8,4,13,1749
2009,8,4,14,1579
2009,8,4,15,1424
2009,8,4,16,1336
2009,8,4,17,1341
2009,8,4,18,1443
2009,8,4,19,1602
2009,8,4,20,1780
2009,8,4,21,1957
2009,8,4,22,2094
2009,8,4,23,2166
2009,8,5,0,2141
2009,8,5,1,2024
2009,8,5,2,1845
2009,8,5,3,1617
2009,8,5,4,1417
2009,8,5,5,1310
2009,8,5,6,1283
2009,8,5,7,1333
2009,8,5,8,1451
2009,8,5,9,1592
2009,8,5,10,1726
2009,8,5,11,1836
2009,8,5,12,1891
2009,8,5,13,1833
2009,8,5,14,1681
2009,8,5,15,1503
2009,8,5,16,1353
2009,8,5,17,1285
2009,8,5,18,1339
2009,8,5,19,1484
2009,8,5,20,1675
2009,8,5,21,1880
2009,8,5,22,2063
2009,8,5,23,2177
2009,8,6,0,2192
2009,8,6,1,2111
2009,8,6,2,1952
2009,8,6,3,1723
2009,8,6,4,1486
2009,8,6,5,1333
2009,8,6,6,1270
2009,8,6,7,1299
2009,8,6,8,1401
2009,8,6,9,1558
2009,8,6,10,1733
2009,8,6,11,1879
2009,8,6,12,1947
2009,8,6,13,1912
2009,8,6,14,1777
2009,8,6,15,1594
2009,8,6,16,1409
2009,8,6,17,1282
2009,8,6,18,1267
2009,8,6,19,1375
2009,8,6,20,1566
2009,8,6,21,1806
2009,8,6,22,2022
2009,8,6,23,2166
2009,8,7,0,2221
2009,8,7,1,2185
2009,8,7,2,2058
2009,8,7,3,1841
2009,8,7,4,1594
2009,8,7,5,1371
2009,8,7,6,1238
2009,8,7,7,1232
2009,8,7,8,1341
2009,8,7,9,1509
2009,8,7,10,1707
2009,8,7,11,1882
2009,8,7,12,1985
2009,8,7,13,1993
2009,8,7,14,1899
2009,8,7,15,1726
2009,8,7,16,1524
2009,8,7,17,1355
2009,8,7,18,1266
2009,8,7,19,1302
2009,8,7,20,1443
2009,8,7,21,1652
2009,8,7,22,1889
2009,8,7,23,2089
2009,8,8,0,2216
2009,8,8,1,2243
2009,8,8,2,2166
2009,8,8,3,1979
2009,8,8,4,1719
2009,8,8,5,1453
2009,8,8,6,1265
2009,8,8,7,1218
2009,8,8,8,1285
2009,8,8,9,1445
2009,8,8,10,1657
2009,8,8,11,1863
2009,8,8,12,2019
2009,8,8,13,2083
2009,8,8,14,2051
2009,8,8,15,1920
2009,8,8,16,1706
2009,8,8,17,1480
2009,8,8,18,1329
2009,8,8,19,1312
2009,8,8,20,1413
2009,8,8,21,1594
2009,8,8,22,1810
2009,8,8,23,2016
2009,8,9,0,2160
2009,8,9,1,2242
2009,8,9,2,2237
2009,8,9,3,2106
2009,8,9,4,1882
2009,8,9,5,1615
2009,8,9,6,1395
2009,8,9,7,1289
2009,8,9,8,1322
2009,8,9,9,1448
2009,8,9,10,1639
2009,8,9,11,1844
2009,8,9,12,2011
2009,8,9,13,2130
2009,8,9,14,2151
2009,8,9,15,2063
2009,8,9,16,1885
2009,8,9,17,1656
2009,8,9,18,1458
2009,8,9,19,1356
2009,8,9,20,1380
2009,8,9,21,1509
2009,8,9,22,1699
2009,8,9,23,1909
2009,8,10,0,2066
2009,8,10,1,2169
2009,8,10,2,2214
2009,8,10,3,2162
2009,8,10,4,2015
2009,8,10,5,1770
2009,8,10,6,1504
2009,8,10,7,1317
2009,8,10,8,1288
2009,8,10,9,1400
2009,8,10,10,1589
2009,8,10,11,1786
2009,8,10,12,1955
2009,8,10,13,2110
2009,8,10,14,2194
2009,8,10,15,2186
2009,8,10,16,2054
2009,8,10,17,1840
2009,8,10,18,1620
2009,8,10,19,1458
2009,8,10,20,1400
2009,8,10,21,1459
2009,8,10,22,1604
2009,8,10,23,1792
2009,8,11,0,1978
2009,8,11,1,2108
2009,8,11,2,2171
2009,8,11,3,2156
2009,8,11,4,2072
2009,8,11,5,1898
2009,8,11,6,1654
2009,8,11,7,1436
2009,8,11,8,1332
2009,8,11,9,1365
2009,8,11,10,1513
2009,8,11,11,1715
2009,8,11,12,1910
2009,8,11,13,2054
2009,8,11,14,2160
2009,8,11,15,2221
2009,8,11,16,2176
2009,8,11,17,2029
2009,8,11,18,1810
2009,8,11,19,1606
2009,8,11,20,1493
2009,8,11,21,1497
2009,8,11,22,1581
2009,8,11,23,1696
2009,8,12,0,1830
2009,8,12,1,1962
2009,8,12,2,2076
2009,8,12,3,2126
2009,8,12,4,2083
2009,8,12,5,1933
2009,8,12,6,1719
2009,8,12,7,1512
2009,8,12,8,1395
2009,8,12,9,1393
2009,8,12,10,1473
2009,8,12,11,1631
2009,8,12,12,1814
2009,8,12,13,1994
2009,8,12,14,2131
2009,8,12,15,2219
2009,8,12,16,2223
2009,8,12,17,2131
2009,8,12,18,1972
2009,8,12,19,1778
2009,8,12,20,1613
2009,8,12,21,1535
2009,8,12,22,1546
2009,8,12,23,1624
2009,8,13,0,1737
2009,8,13,1,1864
2009,8,13,2,1972
2009,8,13,3,2027
2009,8,13,4,2032
2009,8,13,5,1953
2009,8,13,6,1796
2009,8,13,7,1597
2009,8,13,8,1435
2009,8,13,9,1367
2009,8,13,10,1410
2009,8,13,11,1562
2009,8,13,12,1741
2009,8,13,13,1906
2009,8,13,14,2027
2009,8,13,15,2124
2009,8,13,16,2194
2009,8,13,17,2199
2009,8,13,18,2126
2009,8,13,19,1973
2009,8,13,20,1802
2009,8,13,21,1671
2009,8,13,22,1629
2009,8,13,23,1655
2009,8,14,0,1710
2009,8,14,1,1782
2009,8,14,2,1841
2009,8,14,3,1888
2009,8,14,4,1929
2009,8,14,5,1925
2009,8,14,6,1867
2009,8,14,7,1747
2009,8,14,8,1603
2009,8,14,9,1488
2009,8,14,10,1438
2009,8,14,11,1495
2009,8,14,12,1599
2009,8,14,13,1720
2009,8,14,14,1851
2009,8,14,15,1978
2009,8,14,16,2089
2009,8,14,17,2167
2009,8,14,18,2180
2009,8,14,19,2112
2009,8,14,20,1986
2009,8,14,21,1849
2009,8,14,22,1742
2009,8,14,23,1678
2009,8,15,0,1652
2009,8,15,1,1657
2009,8,15,2,1689
2009,8,15,3,1746
2009,8,15,4,1817
2009,8,15,5,1873
2009,8,15,6,1876
2009,8,15,7,1813
2009,8,15,8,1713
2009,8,15,9,1610
2009,8,15,10,1539
2009,8,15,11,1510
2009,8,15,12,1533
2009,8,15,13,1592
2009,8,15,14,1681
2009,8,15,15,1818
2009,8,15,16,1979
2009,8,15,17,2114
2009,8,15,18,2194
2009,8,15,19,2197
2009,8,15,20,2140
2009,8,15,21,2037
2009,8,15,22,1933
2009,8,15,23,1837
2009,8,16,0,1739
2009,8,16,1,1682
2009,8,16,2,1654
2009,8,16,3,1658
2009,8,16,4,1701
2009,8,16,5,1761
2009,8,16,6,1803
2009,8,16,7,1812
2009,8,16,8,1789
2009,8,16,9,1744
2009,8,16,10,1678
2009,8,16,11,1610
2009,8,16,12,1564
2009,8,16,13,1554
2009,8,16,14,1574
2009,8,16,15,1639
2009,8,16,16,1760
2009,8,16,17,1921
2009,8,16,18,2084
2009,8,16,19,2200
2009,8,16,20,2243
2009,8,16,21,2200
2009,8,16,22,2108
2009,8,16,23,1985
2009,8,17,0,1847
2009,8,17,1,1727
2009,8,17,2,1635
2009,8,17,3,1590
2009,8,17,4,1592
2009,8,17,5,1641
2009,8,17,6,1724
2009,8,17,7,1803
2009,8,17,8,1864
2009,8,17,9,1877
2009,8,17,10,1841
2009,8,17,11,1755
2009,8,17,12,1642
2009,8,17,13,1539
2009,8,17,14,1487
2009,8,17,15,1502
2009,8,17,16,1592
2009,8,17,17,1739
2009,8,17,18,1930
2009,8,17,19,2120
2009,8,17,20,2266
2009,8,17,21,2341
2009,8,17,22,2324
2009,8,17,23,2225
2009,8,18,0,2049
2009,8,18,1,1854
2009,8,18,2,1686
2009,8,18,3,1568
2009,8,18,4,1524
2009,8,18,5,1540
2009,8,18,6,1614
2009,8,18,7,1729
2009,8,18,8,1869
2009,8,18,9,1989
2009,8,18,10,2025
2009,8,18,11,1971
2009,8,18,12,1831
2009,8,18,13,1651
2009,8,18,14,1505
2009,8,18,15,1432
2009,8,18,16,1439
2009,8,18,17,1528
2009,8,18,18,1700
2009,8,18,19,1931
2009,8,18,20,2181
2009,8,18,21,2380
2009,8,18,22,2478
2009,8,18,23,2446
2009,8,19,0,2289
2009,8,19,1,2060
2009,8,19,2,1820
2009,8,19,3,1609
2009,8,19,4,1471
2009,8,19,5,1426
2009,8,19,6,1471
2009,8,19,7,1598
2009,8,19,8,1775
2009,8,19,9,1974
2009,8,19,10,2133
2009,8,19,11,2183
2009,8,19,12,2093
2009,8,19,13,1886
2009,8,19,14,1648
2009,8,19,15,1458
2009,8,19,16,1358
2009,8,19,17,1371
2009,8,19,18,1496
2009,8,19,19,1709
2009,8,19,20,1965
2009,8,19,21,2222
2009,8,19,22,2444
2009,8,19,23,2562
2009,8,20,0,2530
2009,8,20,1,2353
2009,8,20,2,2071
2009,8,20,3,1763
2009,8,20,4,1523
2009,8,20,5,1402
2009,8,20,6,1409
2009,8,20,7,1507
2009,8,20,8,1672
2009,8,20,9,1895
2009,8,20,10,2130
2009,8,20,11,2311
2009,8,20,12,2352
2009,8,20,13,2218
2009,8,20,14,1963
2009,8,20,15,1671
2009,8,20,16,1438
2009,8,20,17,1321
2009,8,20,18,1336
2009,8,20,19,1489
2009,8,20,20,1732
2009,8,20,21,2034
2009,8,20,22,2325
2009,8,20,23,2528
2009,8,21,0,2589
2009,8,21,1,2493
2009,8,21,2,2307
2009,8,21,3,1972
2009,8,21,4,1662
2009,8,21,5,1437
2009,8,21,6,1338
2009,8,21,7,1373
2009,8,21,8,1521
2009,8,21,9,1749
2009,8,21,10,2013
2009,8,21,11,2278
2009,8,21,12,2441
2009,8,21,13,2423
2009,8,21,14,2229
2009,8,21,15,1928
2009,8,21,16,1615
2009,8,21,17,1385
2009,8,21,18,1285
2009,8,21,19,1320
2009,8,21,20,1483
2009,8,21,21,1748
2009,8,21,22,2065
2009,8,21,23,2343
2009,8,22,0,2519
2009,8,22,1,2550
2009,8,22,2,2433
2009,8,22,3,2166
2009,8,22,4,1829
2009,8,22,5,1503
2009,8,22,6,1304
2009,8,22,7,1276
2009,8,22,8,1379
2009,8,22,9,1579
2009,8,22,10,1845
2009,8,22,11,2135
2009,8,22,12,2385
2009,8,22,13,2513
2009,8,22,14,2455
2009,8,22,15,2209
2009,8,22,16,1864
2009,8,22,17,1537
2009,8,22,18,1314
2009,8,22,19,1233
2009,8,22,20,1303
2009,8,22,21,1505
2009,8,22,22,1796
2009,8,22,23,2087
2009,8,23,0,2309
2009,8,23,1,2424
2009,8,23,2,2413
2009,8,23,3,2265
2009,8,23,4,1991
2009,8,23,5,1655
2009,8,23,6,1373
2009,8,23,7,1247
2009,8,23,8,1291
2009,8,23,9,1460
2009,8,23,10,1704
2009,8,23,11,1989
2009,8,23,12,2253
2009,8,23,13,2446
2009,8,23,14,2527
2009,8,23,15,2441
2009,8,23,16,2177
2009,8,23,17,1830
2009,8,23,18,1532
2009,8,23,19,1341
2009,8,23,20,1304
2009,8,23,21,1399
2009,8,23,22,1606
2009,8,23,23,1863
2009,8,24,0,2087
2009,8,24,1,2252
2009,8,24,2,2313
2009,8,24,3,2262
2009,8,24,4,2088
2009,8,24,5,1818
2009,8,24,6,1528
2009,8,24,7,1317
2009,8,24,8,1270
2009,8,24,9,1385
2009,8,24,10,1595
2009,8,24,11,1858
2009,8,24,12,2113
2009,8,24,13,2324
2009,8,24,14,2453
2009,8,24,15,2469
2009,8,24,16,2344
2009,8,24,17,2063
2009,8,24,18,1755
2009,8,24,19,1516
2009,8,24,20,1391
2009,8,24,21,1401
2009,8,24,22,1510
2009,8,24,23,1699
2009,8,25,0,1891
2009,8,25,1,2050
2009,8,25,2,2156
2009,8,25,3,2178
2009,8,25,4,2103
2009,8,25,5,1923
2009,8,25,6,1684
2009,8,25,7,1451
2009,8,25,8,1327
2009,8,25,9,1356
2009,8,25,10,1513
2009,8,25,11,1741
2009,8,25,12,1981
2009,8,25,13,2181
2009,8,25,14,2318
2009,8,25,15,2382
2009,8,25,16,2352
2009,8,25,17,2210
2009,8,25,18,1977
2009,8,25,19,1732
2009,8,25,20,1559
2009,8,25,21,1495
2009,8,25,22,1535
2009,8,25,23,1647
2009,8,26,0,1790
2009,8,26,1,1919
2009,8,26,2,2024
2009,8,26,3,2077
2009,8,26,4,2058
2009,8,26,5,1967
2009,8,26,6,1793
2009,8,26,7,1592
2009,8,26,8,1446
2009,8,26,9,1409
2009,8,26,10,1486
2009,8,26,11,1656
2009,8,26,12,1850
2009,8,26,13,2022
2009,8,26,14,2161
2009,8,26,15,2255
2009,8,26,16,2290
2009,8,26,17,2247
2009,8,26,18,2118
2009,8,26,19,1924
2009,8,26,20,1737
2009,8,26,21,1631
2009,8,26,22,1606
2009,8,26,23,1646
2009,8,27,0,1725
2009,8,27,1,1802
2009,8,27,2,1873
2009,8,27,3,1915
2009,8,27,4,1929
2009,8,27,5,1897
2009,8,27,6,1808
2009,8,27,7,1681
2009,8,27,8,1551
2009,8,27,9,1473
2009,8,27,10,1472
2009,8,27,11,1573
2009,8,27,12,1723
2009,8,27,13,1876
2009,8,27,14,2001
2009,8,27,15,2088
2009,8,27,16,2131
2009,8,27,17,2143
2009,8,27,18,2123
2009,8,27,19,2032
2009,8,27,20,1885
2009,8,27,21,1743
2009,8,27,22,1664
2009,8,27,23,1650
2009,8,28,0,1683
2009,8,28,1,1750
2009,8,28,2,1798
2009,8,28,3,1820
2009,8,28,4,1848
2009,8,28,5,1869
2009,8,28,6,1845
2009,8,28,7,1770
2009,8,28,8,1666
2009,8,28,9,1563
2009,8,28,10,1519
2009,8,28,11,1567
2009,8,28,12,1668
2009,8,28,13,1788
2009,8,28,14,1892
2009,8,28,15,1971
2009,8,28,16,2022
2009,8,28,17,2069
2009,8,28,18,2108
2009,8,28,19,2082
2009,8,28,20,1998
2009,8,28,21,1883
2009,8,28,22,1776
2009,8,28,23,1722
2009,8,29,0,1716
2009,8,29,1,1744
2009,8,29,2,1756
2009,8,29,3,1747
2009,8,29,4,1747
2009,8,29,5,1773
2009,8,29,6,1803
2009,8,29,7,1804
2009,8,29,8,1753
2009,8,29,9,1681
2009,8,29,10,1630
2009,8,29,11,1629
2009,8,29,12,1674
2009,8,29,13,1736
2009,8,29,14,1796
2009,8,29,15,1858
2009,8,29,16,1912
2009,8,29,17,1980
2009,8,29,18,2063
2009,8,29,19,2117
2009,8,29,20,2108
2009,8,29,21,2049
2009,8,29,22,1963
2009,8,29,23,1876
2009,8,30,0,1794
2009,8,30,1,1740
2009,8,30,2,1717
2009,8,30,3,1692
2009,8,30,4,1686
2009,8,30,5,1693
2009,8,30,6,1710
2009,8,30,7,1761
2009,8,30,8,1786
2009,8,30,9,1762
2009,8,30,10,1710
2009,8,30,11,1656
2009,8,30,12,1629
2009,8,30,13,1637
2009,8,30,14,1668
2009,8,30,15,1717
2009,8,30,16,1775
2009,8,30,17,1853
2009,8,30,18,1956
2009,8,30,19,2056
2009,8,30,20,2120
2009,8,30,21,2122
2009,8,30,22,2065
2009,8,30,23,1977
2009,8,31,0,1868
2009,8,31,1,1778
2009,8,31,2,1696
2009,8,31,3,1630
2009,8,31,4,1608
2009,8,31,5,1618
2009,8,31,6,1654
2009,8,31,7,1719
2009,8,31,8,1803
2009,8,31,9,1864
2009,8,31,10,1870
2009,8,31,11,1821
2009,8,31,12,1745
2009,8,31,13,1663
2009,8,31,14,1614
2009,8,31,15,1611
2009,8,31,16,1645
2009,8,31,17,1712
2009,8,31,18,1814
2009,8,31,19,1945
2009,8,31,20,2065
2009,8,31,21,2146
2009,8,31,22,2145
2009,8,31,23,2066
2009,9,1,0,1945
2009,9,1,1,1811
2009,9,1,2,1695
2009,9,1,3,1602
2009,9,1,4,1540
2009,9,1,5,1520
2009,9,1,6,1562
2009,9,1,7,1662
2009,9,1,8,1781
2009,9,1,9,1880
2009,9,1,10,1929
2009,9,1,11,1907
2009,9,1,12,1828
2009,9,1,13,1723
2009,9,1,14,1623
2009,9,1,15,1558
2009,9,1,16,1545
2009,9,1,17,1596
2009,9,1,18,1710
2009,9,1,19,1860
2009,9,1,20,2009
2009,9,1,21,2125
2009,9,1,22,2187
2009,9,1,23,2162
2009,9,2,0,2062
2009,9,2,1,1898
2009,9,2,2,1719
2009,9,2,3,1558
2009,9,2,4,1462
2009,9,2,5,1453
2009,9,2,6,1516
2009,9,2,7,1625
2009,9,2,8,1749
2009,9,2,9,1870
2009,9,2,10,1970
2009,9,2,11,2010
2009,9,2,12,1962
2009,9,2,13,1835
2009,9,2,14,1661
2009,9,2,15,1516
2009,9,2,16,1455
2009,9,2,17,1496
2009,9,2,18,1609
2009,9,2,19,1763
2009,9,2,20,1936
2009,9,2,21,2094
2009,9,2,22,2213
2009,9,2,23,2244
2009,9,3,0,2171
2009,9,3,1,2019
2009,9,3,2,1820
2009,9,3,3,1613
2009,9,3,4,1456
2009,9,3,5,1401
2009,9,3,6,1441
2009,9,3,7,1561
2009,9,3,8,1718
2009,9,3,9,1879
2009,9,3,10,1996
2009,9,3,11,2070
2009,9,3,12,2074
2009,9,3,13,1972
2009,9,3,14,1793
2009,9,3,15,1596
2009,9,3,16,1450
2009,9,3,17,1393
2009,9,3,18,1456
2009,9,3,19,1600
2009,9,3,20,1796
2009,9,3,21,1993
2009,9,3,22,2153
2009,9,3,23,2246
2009,9,4,0,2235
2009,9,4,1,2116
2009,9,4,2,1909
2009,9,4,3,1671
2009,9,4,4,1468
2009,9,4,5,1361
2009,9,4,6,1363
2009,9,4,7,1473
2009,9,4,8,1637
2009,9,4,9,1822
2009,9,4,10,1997
2009,9,4,11,2116
2009,9,4,12,2151
2009,9,4,13,2074
2009,9,4,14,1905
2009,9,4,15,1681
2009,9,4,16,1476
2009,9,4,17,1358
2009,9,4,18,1371
2009,9,4,19,1491
2009,9,4,20,1673
2009,9,4,21,1877
2009,9,4,22,2054
2009,9,4,23,2176
2009,9,5,0,2218
2009,9,5,1,2159
2009,9,5,2,1992
2009,9,5,3,1760
2009,9,5,4,1528
2009,9,5,5,1338
2009,9,5,6,1305
2009,9,5,7,1401
2009,9,5,8,1566
2009,9,5,9,1763
2009,9,5,10,1963
2009,9,5,11,2131
2009,9,5,12,2218
2009,9,5,13,2202
2009,9,5,14,2063
2009,9,5,15,1829
2009,9,5,16,1579
2009,9,5,17,1386
2009,9,5,18,1330
2009,9,5,19,1397
2009,9,5,20,1566
2009,9,5,21,1797
2009,9,5,22,2022
2009,9,5,23,2191
2009,9,6,0,2260
2009,9,6,1,2227
2009,9,6,2,2086
2009,9,6,3,1859
2009,9,6,4,1604
2009,9,6,5,1388
2009,9,6,6,1289
2009,9,6,7,1319
2009,9,6,8,1452
2009,9,6,9,1668
2009,9,6,10,1908
2009,9,6,11,2113
2009,9,6,12,2240
2009,9,6,13,2254
2009,9,6,14,2161
2009,9,6,15,1973
2009,9,6,16,1723
2009,9,6,17,1482
2009,9,6,18,1333
2009,9,6,19,1328
2009,9,6,20,1456
2009,9,6,21,1667
2009,9,6,22,1893
2009,9,6,23,2083
2009,9,7,0,2213
2009,9,7,1,2244
2009,9,7,2,2167
2009,9,7,3,1983
2009,9,7,4,1728
2009,9,7,5,1490
2009,9,7,6,1338
2009,9,7,7,1310
2009,9,7,8,1399
2009,9,7,9,1586
2009,9,7,10,1836
2009,9,7,11,2074
2009,9,7,12,2254
2009,9,7,13,2331
2009,9,7,14,2291
2009,9,7,15,2148
2009,9,7,16,1920
2009,9,7,17,1656
2009,9,7,18,1441
2009,9,7,19,1348
2009,9,7,20,1406
2009,9,7,21,1562
2009,9,7,22,1763
2009,9,7,23,1947
2009,9,8,0,2083
2009,9,8,1,2155
2009,9,8,2,2147
2009,9,8,3,2054
2009,9,8,4,1857
2009,9,8,5,1612
2009,9,8,6,1388
2009,9,8,7,1278
2009,9,8,8,1331
2009,9,8,9,1510
2009,9,8,10,1759
2009,9,8,11,2000
2009,9,8,12,2178
2009,9,8,13,2297
2009,9,8,14,2338
2009,9,8,15,2275
2009,9,8,16,2085
2009,9,8,17,1818
2009,9,8,18,1550
2009,9,8,19,1387
2009,9,8,20,1382
2009,9,8,21,1463
2009,9,8,22,1613
2009,9,8,23,1796
2009,9,9,0,1953
2009,9,9,1,2055
2009,9,9,2,2083
2009,9,9,3,2043
2009,9,9,4,1909
2009,9,9,5,1689
2009,9,9,6,1454
2009,9,9,7,1296
2009,9,9,8,1282
2009,9,9,9,1409
2009,9,9,10,1620
2009,9,9,11,1871
2009,9,9,12,2088
2009,9,9,13,2248
2009,9,9,14,2337
2009,9,9,15,2341
2009,9,9,16,2234
2009,9,9,17,2008
2009,9,9,18,1721
2009,9,9,19,1501
2009,9,9,20,1409
2009,9,9,21,1443
2009,9,9,22,1557
2009,9,9,23,1703
2009,9,10,0,1837
2009,9,10,1,1957
2009,9,10,2,2036
2009,9,10,3,2046
2009,9,10,4,1964
2009,9,10,5,1788
2009,9,10,6,1570
2009,9,10,7,1393
2009,9,10,8,1324
2009,9,10,9,1386
2009,9,10,10,1547
2009,9,10,11,1776
2009,9,10,12,1993
2009,9,10,13,2155
2009,9,10,14,2264
2009,9,10,15,2305
2009,9,10,16,2262
2009,9,10,17,2121
2009,9,10,18,1901
2009,9,10,19,1680
2009,9,10,20,1526
2009,9,10,21,1469
2009,9,10,22,1507
2009,9,10,23,1609
2009,9,11,0,1747
2009,9,11,1,1864
2009,9,11,2,1929
2009,9,11,3,1947
2009,9,11,4,1916
2009,9,11,5,1828
2009,9,11,6,1681
2009,9,11,7,1517
2009,9,11,8,1400
2009,9,11,9,1374
2009,9,11,10,1450
2009,9,11,11,1622
2009,9,11,12,1824
2009,9,11,13,2004
2009,9,11,14,2120
2009,9,11,15,2176
2009,9,11,16,2175
2009,9,11,17,2118
2009,9,11,18,2001
2009,9,11,19,1833
2009,9,11,20,1670
2009,9,11,21,1560
2009,9,11,22,1522
2009,9,11,23,1554
2009,9,12,0,1631
2009,9,12,1,1710
2009,9,12,2,1772
2009,9,12,3,1809
2009,9,12,4,1829
2009,9,12,5,1816
2009,9,12,6,1744
2009,9,12,7,1611
2009,9,12,8,1475
2009,9,12,9,1408
2009,9,12,10,1437
2009,9,12,11,1536
2009,9,12,12,1684
2009,9,12,13,1827
2009,9,12,14,1945
2009,9,12,15,2050
2009,9,12,16,2119
2009,9,12,17,2149
2009,9,12,18,2102
2009,9,12,19,1987
2009,9,12,20,1841
2009,9,12,21,1707
2009,9,12,22,1624
2009,9,12,23,1583
2009,9,13,0,1589
2009,9,13,1,1631
2009,9,13,2,1686
2009,9,13,3,1722
2009,9,13,4,1753
2009,9,13,5,1789
2009,9,13,6,1798
2009,9,13,7,1749
2009,9,13,8,1661
2009,9,13,9,1573
2009,9,13,10,1534
2009,9,13,11,1551
2009,9,13,12,1622
2009,9,13,13,1725
2009,9,13,14,1829
2009,9,13,15,1927
2009,9,13,16,2022
2009,9,13,17,2105
2009,9,13,18,2154
2009,9,13,19,2148
2009,9,13,20,2093
2009,9,13,21,1979
2009,9,13,22,1853
2009,9,13,23,1754
2009,9,14,0,1677
2009,9,14,1,1638
2009,9,14,2,1633
2009,9,14,3,1641
2009,9,14,4,1670
2009,9,14,5,1737
2009,9,14,6,1819
2009,9,14,7,1854
2009,9,14,8,1838
2009,9,14,9,1778
2009,9,14,10,1708
2009,9,14,11,1651
2009,9,14,12,1625
2009,9,14,13,1625
2009,9,14,14,1657
2009,9,14,15,1729
2009,9,14,16,1820
2009,9,14,17,1942
2009,9,14,18,2070
2009,9,14,19,2168
2009,9,14,20,2206
2009,9,14,21,2179
2009,9,14,22,2086
2009,9,14,23,1944
2009,9,15,0,1777
2009,9,15,1,1641
2009,9,15,2,1566
2009,9,15,3,1535
2009,9,15,4,1548
2009,9,15,5,1605
2009,9,15,6,1704
2009,9,15,7,1818
2009,9,15,8,1911
2009,9,15,9,1956
2009,9,15,10,1914
2009,9,15,11,1815
2009,9,15,12,1711
2009,9,15,13,1624
2009,9,15,14,1572
2009,9,15,15,1578
2009,9,15,16,1658
2009,9,15,17,1788
2009,9,15,18,1949
2009,9,15,19,2121
2009,9,15,20,2252
2009,9,15,21,2318
2009,9,15,22,2306
2009,9,15,23,2201
2009,9,16,0,2011
2009,9,16,1,1803
2009,9,16,2,1628
2009,9,16,3,1515
2009,9,16,4,1472
2009,9,16,5,1513
2009,9,16,6,1628
2009,9,16,7,1800
2009,9,16,8,1975
2009,9,16,9,2108
2009,9,16,10,2147
2009,9,16,11,2087
2009,9,16,12,1942
2009,9,16,13,1747
2009,9,16,14,1585
2009,9,16,15,1503
2009,9,16,16,1512
2009,9,16,17,1591
2009,9,16,18,1743
2009,9,16,19,1957
2009,9,16,20,2183
2009,9,16,21,2369
2009,9,16,22,2450
2009,9,16,23,2399
2009,9,17,0,2221
2009,9,17,1,1971
2009,9,17,2,1716
2009,9,17,3,1517
2009,9,17,4,1411
2009,9,17,5,1408
2009,9,17,6,1503
2009,9,17,7,1675
2009,9,17,8,1893
2009,9,17,9,2108
2009,9,17,10,2254
2009,9,17,11,2294
2009,9,17,12,2189
2009,9,17,13,1969
2009,9,17,14,1714
2009,9,17,15,1521
2009,9,17,16,1422
2009,9,17,17,1443
2009,9,17,18,1554
2009,9,17,19,1743
2009,9,17,20,1982
2009,9,17,21,2230
2009,9,17,22,2432
2009,9,17,23,2500
2009,9,18,0,2408
2009,9,18,1,2173
2009,9,18,2,1869
2009,9,18,3,1588
2009,9,18,4,1396
2009,9,18,5,1331
2009,9,18,6,1383
2009,9,18,7,1527
2009,9,18,8,1761
2009,9,18,9,2035
2009,9,18,10,2268
2009,9,18,11,2408
2009,9,18,12,2406
2009,9,18,13,2227
2009,9,18,14,1935
2009,9,18,15,1641
2009,9,18,16,1423
2009,9,18,17,1339
2009,9,18,18,1381
2009,9,18,19,1529
2009,9,18,20,1758
2009,9,18,21,2033
2009,9,18,22,2290
2009,9,18,23,2448
2009,9,19,0,2466
2009,9,19,1,2337
2009,9,19,2,2070
2009,9,19,3,1732
2009,9,19,4,1434
2009,9,19,5,1262
2009,9,19,6,1258
2009,9,19,7,1402
2009,9,19,8,1642
2009,9,19,9,1934
2009,9,19,10,2222
2009,9,19,11,2449
2009,9,19,12,2551
2009,9,19,13,2477
2009,9,19,14,2222
2009,9,19,15,1871
2009,9,19,16,1543
2009,9,19,17,1348
2009,9,19,18,1320
2009,9,19,19,1419
2009,9,19,20,1600
2009,9,19,21,1835
2009,9,19,22,2089
2009,9,19,23,2302
2009,9,20,0,2420
2009,9,20,1,2391
2009,9,20,2,2191
2009,9,20,3,1878
2009,9,20,4,1559
2009,9,20,5,1327
2009,9,20,6,1265
2009,9,20,7,1369
2009,9,20,8,1570
2009,9,20,9,1831
2009,9,20,10,2125
2009,9,20,11,2398
2009,9,20,12,2586
2009,9,20,13,2610
2009,9,20,14,2439
2009,9,20,15,2122
2009,9,20,16,1766
2009,9,20,17,1501
2009,9,20,18,1376
2009,9,20,19,1395
2009,9,20,20,1509
2009,9,20,21,1697
2009,9,20,22,1928
2009,9,20,23,2139
2009,9,21,0,2304
2009,9,21,1,2371
2009,9,21,2,2312
2009,9,21,3,2101
2009,9,21,4,1801
2009,9,21,5,1527
2009,9,21,6,1369
2009,9,21,7,1368
2009,9,21,8,1496
2009,9,21,9,1719
2009,9,21,10,2000
2009,9,21,11,2296
2009,9,21,12,2538
2009,9,21,13,2661
2009,9,21,14,2627
2009,9,21,15,2421
2009,9,21,16,2083
2009,9,21,17,1752
2009,9,21,18,1525
2009,9,21,19,1435
2009,9,21,20,1467
2009,9,21,21,1593
2009,9,21,22,1785
2009,9,21,23,1986
2009,9,22,0,2171
2009,9,22,1,2301
2009,9,22,2,2300
2009,9,22,3,2173
2009,9,22,4,1941
2009,9,22,5,1670
2009,9,22,6,1452
2009,9,22,7,1356
2009,9,22,8,1420
2009,9,22,9,1605
2009,9,22,10,1863
2009,9,22,11,2139
2009,9,22,12,2378
2009,9,22,13,2535
2009,9,22,14,2578
2009,9,22,15,2501
2009,9,22,16,2269
2009,9,22,17,1971
2009,9,22,18,1706
2009,9,22,19,1517
2009,9,22,20,1466
2009,9,22,21,1534
2009,9,22,22,1680
2009,9,22,23,1852
2009,9,23,0,2014
2009,9,23,1,2155
2009,9,23,2,2216
2009,9,23,3,2172
2009,9,23,4,2015
2009,9,23,5,1780
2009,9,23,6,1536
2009,9,23,7,1377
2009,9,23,8,1368
2009,9,23,9,1501
2009,9,23,10,1732
2009,9,23,11,1997
2009,9,23,12,2230
2009,9,23,13,2390
2009,9,23,14,2462
2009,9,23,15,2438
2009,9,23,16,2319
2009,9,23,17,2113
2009,9,23,18,1873
2009,9,23,19,1664
2009,9,23,20,1543
2009,9,23,21,1527
2009,9,23,22,1605
2009,9,23,23,1732
2009,9,24,0,1879
2009,9,24,1,2006
2009,9,24,2,2074
2009,9,24,3,2082
2009,9,24,4,2013
2009,9,24,5,1869
2009,9,24,6,1678
2009,9,24,7,1511
2009,9,24,8,1435
2009,9,24,9,1471
2009,9,24,10,1618
2009,9,24,11,1829
2009,9,24,12,2024
2009,9,24,13,2185
2009,9,24,14,2294
2009,9,24,15,2329
2009,9,24,16,2284
2009,9,24,17,2168
2009,9,24,18,1992
2009,9,24,19,1799
2009,9,24,20,1657
2009,9,24,21,1595
2009,9,24,22,1611
2009,9,24,23,1685
2009,9,25,0,1773
2009,9,25,1,1861
2009,9,25,2,1931
2009,9,25,3,1964
2009,9,25,4,1959
2009,9,25,5,1890
2009,9,25,6,1751
2009,9,25,7,1597
2009,9,25,8,1503
2009,9,25,9,1505
2009,9,25,10,1582
2009,9,25,11,1723
2009,9,25,12,1865
2009,9,25,13,1989
2009,9,25,14,2092
2009,9,25,15,2167
2009,9,25,16,2197
2009,9,25,17,2175
2009,9,25,18,2070
2009,9,25,19,1906
2009,9,25,20,1770
2009,9,25,21,1697
2009,9,25,22,1685
2009,9,25,23,1701
2009,9,26,0,1732
2009,9,26,1,1773
2009,9,26,2,1818
2009,9,26,3,1868
2009,9,26,4,1895
2009,9,26,5,1887
2009,9,26,6,1824
2009,9,26,7,1719
2009,9,26,8,1617
2009,9,26,9,1579
2009,9,26,10,1610
2009,9,26,11,1690
2009,9,26,12,1785
2009,9,26,13,1871
2009,9,26,14,1949
2009,9,26,15,2017
2009,9,26,16,2075
2009,9,26,17,2098
2009,9,26,18,2067
2009,9,26,19,1979
2009,9,26,20,1877
2009,9,26,21,1794
2009,9,26,22,1748
2009,9,26,23,1724
2009,9,27,0,1716
2009,9,27,1,1733
2009,9,27,2,1760
2009,9,27,3,1781
2009,9,27,4,1800
2009,9,27,5,1818
2009,9,27,6,1821
2009,9,27,7,1793
2009,9,27,8,1728
2009,9,27,9,1677
2009,9,27,10,1666
2009,9,27,11,1698
2009,9,27,12,1749
2009,9,27,13,1799
2009,9,27,14,1839
2009,9,27,15,1885
2009,9,27,16,1939
2009,9,27,17,1991
2009,9,27,18,2031
2009,9,27,19,2026
2009,9,27,20,1986
2009,9,27,21,1924
2009,9,27,22,1862
2009,9,27,23,1807
2009,9,28,0,1753
2009,9,28,1,1706
2009,9,28,2,1688
2009,9,28,3,1705
2009,9,28,4,1736
2009,9,28,5,1775
2009,9,28,6,1803
2009,9,28,7,1815
2009,9,28,8,1821
2009,9,28,9,1811
2009,9,28,10,1785
2009,9,28,11,1754
2009,9,28,12,1731
2009,9,28,13,1732
2009,9,28,14,1767
2009,9,28,15,1805
2009,9,28,16,1868
2009,9,28,17,1926
2009,9,28,18,1998
2009,9,28,19,2056
2009,9,28,20,2084
2009,9,28,21,2065
2009,9,28,22,1998
2009,9,28,23,1900
2009,9,29,0,1808
2009,9,29,1,1734
2009,9,29,2,1691
2009,9,29,3,1688
2009,9,29,4,1711
2009,9,29,5,1756
2009,9,29,6,1813
2009,9,29,7,1874
2009,9,29,8,1928
2009,9,29,9,1944
2009,9,29,10,1922
2009,9,29,11,1870
2009,9,29,12,1794
2009,9,29,13,1734
2009,9,29,14,1707
2009,9,29,15,1713
2009,9,29,16,1758
2009,9,29,17,1841
2009,9,29,18,1931
2009,9,29,19,2034
2009,9,29,20,2114
2009,9,29,21,2154
2009,9,29,22,2122
2009,9,29,23,2027
2009,9,30,0,1904
2009,9,30,1,1761
2009,9,30,2,1640
2009,9,30,3,1592
2009,9,30,4,1608
2009,9,30,5,1675
2009,9,30,6,1774
2009,9,30,7,1877
2009,9,30,8,1977
2009,9,30,9,2046
2009,9,30,10,2068
2009,9,30,11,2020
2009,9,30,12,1902
2009,9,30,13,1773
2009,9,30,14,1663
2009,9,30,15,1608
2009,9,30,16,1630
2009,9,30,17,1715
2009,9,30,18,1839
2009,9,30,19,1971
2009,9,30,20,2101
2009,9,30,21,2192
2009,9,30,22,2219
2009,9,30,23,2143
2009,10,1,0,1997
2009,10,1,1,1807
2009,10,1,2,1621
2009,10,1,3,1525
2009,10,1,4,1527
2009,10,1,5,1596
2009,10,1,6,1710
2009,10,1,7,1849
2009,10,1,8,1988
2009,10,1,9,2099
2009,10,1,10,2151
2009,10,1,11,2126
2009,10,1,12,2029
2009,10,1,13,1904
2009,10,1,14,1709
2009,10,1,15,1591
2009,10,1,16,1541
2009,10,1,17,1583
2009,10,1,18,1698
2009,10,1,19,1865
2009,10,1,20,2042
2009,10,1,21,2193
2009,10,1,22,2269
2009,10,1,23,2241
2009,10,2,0,2118
2009,10,2,1,1937
2009,10,2,2,1741
2009,10,2,3,1581
2009,10,2,4,1508
2009,10,2,5,1532
2009,10,2,6,1634
2009,10,2,7,1792
2009,10,2,8,1972
2009,10,2,9,2139
2009,10,2,10,2257
2009,10,2,11,2286
2009,10,2,12,2207
2009,10,2,13,2047
2009,10,2,14,1836
2009,10,2,15,1636
2009,10,2,16,1515
2009,10,2,17,1501
2009,10,2,18,1588
2009,10,2,19,1742
2009,10,2,20,1944
2009,10,2,21,2140
2009,10,2,22,2274
2009,10,2,23,2311
2009,10,3,0,2236
2009,10,3,1,2062
2009,10,3,2,1844
2009,10,3,3,1630
2009,10,3,4,1494
2009,10,3,5,1476
2009,10,3,6,1566
2009,10,3,7,1727
2009,10,3,8,1920
2009,10,3,9,2129
2009,10,3,10,2317
2009,10,3,11,2401
2009,10,3,12,2356
2009,10,3,13,2198
2009,10,3,14,1948
2009,10,3,15,1692
2009,10,3,16,1497
2009,10,3,17,1418
2009,10,3,18,1464
2009,10,3,19,1589
2009,10,3,20,1791
2009,10,3,21,2016
2009,10,3,22,2194
2009,10,3,23,2292
2009,10,4,0,2259
2009,10,4,1,2113
2009,10,4,2,1891
2009,10,4,3,1651
2009,10,4,4,1459
2009,10,4,5,1382
2009,10,4,6,1431
2009,10,4,7,1584
2009,10,4,8,1810
2009,10,4,9,2064
2009,10,4,10,2283
2009,10,4,11,2418
2009,10,4,12,2424
2009,10,4,13,2305
2009,10,4,14,2091
2009,10,4,15,1815
2009,10,4,16,1565
2009,10,4,17,1398
2009,10,4,18,1362
2009,10,4,19,1444
2009,10,4,20,1629
2009,10,4,21,1860
2009,10,4,22,2067
2009,10,4,23,2206
2009,10,5,0,2242
2009,10,5,1,2167
2009,10,5,2,1983
2009,10,5,3,1728
2009,10,5,4,1474
2009,10,5,5,1338
2009,10,5,6,1352
2009,10,5,7,1466
2009,10,5,8,1681
2009,10,5,9,1944
2009,10,5,10,2199
2009,10,5,11,2403
2009,10,5,12,2491
2009,10,5,13,2446
2009,10,5,14,2271
2009,10,5,15,2001
2009,10,5,16,1709
2009,10,5,17,1456
2009,10,5,18,1313
2009,10,5,19,1331
2009,10,5,20,1484
2009,10,5,21,1711
2009,10,5,22,1941
2009,10,5,23,2113
2009,10,6,0,2202
2009,10,6,1,2201
2009,10,6,2,2092
2009,10,6,3,1878
2009,10,6,4,1614
2009,10,6,5,1401
2009,10,6,6,1314
2009,10,6,7,1378
2009,10,6,8,1561
2009,10,6,9,1817
2009,10,6,10,2097
2009,10,6,11,2341
2009,10,6,12,2493
2009,10,6,13,2524
2009,10,6,14,2427
2009,10,6,15,2199
2009,10,6,16,1886
2009,10,6,17,1577
2009,10,6,18,1355
2009,10,6,19,1287
2009,10,6,20,1369
2009,10,6,21,1560
2009,10,6,22,1771
2009,10,6,23,1958
2009,10,7,0,2090
2009,10,7,1,2152
2009,10,7,2,2119
2009,10,7,3,1969
2009,10,7,4,1736
2009,10,7,5,1502
2009,10,7,6,1341
2009,10,7,7,1342
2009,10,7,8,1480
2009,10,7,9,1703
2009,10,7,10,1969
2009,10,7,11,2220
2009,10,7,12,2419
2009,10,7,13,2522
2009,10,7,14,2508
2009,10,7,15,2350
2009,10,7,16,2069
2009,10,7,17,1758
2009,10,7,18,1507
2009,10,7,19,1378
2009,10,7,20,1373
2009,10,7,21,1468
2009,10,7,22,1631
2009,10,7,23,1825
2009,10,8,0,1992
2009,10,8,1,2096
2009,10,8,2,2114
2009,10,8,3,2041
2009,10,8,4,1870
2009,10,8,5,1646
2009,10,8,6,1463
2009,10,8,7,1387
2009,10,8,8,1435
2009,10,8,9,1586
2009,10,8,10,1817
2009,10,8,11,2076
2009,10,8,12,2301
2009,10,8,13,2451
2009,10,8,14,2507
2009,10,8,15,2451
2009,10,8,16,2271
2009,10,8,17,2003
2009,10,8,18,1730
2009,10,8,19,1526
2009,10,8,20,1448
2009,10,8,21,1469
2009,10,8,22,1568
2009,10,8,23,1717
2009,10,9,0,1872
2009,10,9,1,2001
2009,10,9,2,2080
2009,10,9,3,2090
2009,10,9,4,1981
2009,10,9,5,1795
2009,10,9,6,1583
2009,10,9,7,1430
2009,10,9,8,1410
2009,10,9,9,1503
2009,10,9,10,1677
2009,10,9,11,1902
2009,10,9,12,2120
2009,10,9,13,2287
2009,10,9,14,2385
2009,10,9,15,2410
2009,10,9,16,2332
2009,10,9,17,2155
2009,10,9,18,1908
2009,10,9,19,1669
2009,10,9,20,1523
2009,10,9,21,1496
2009,10,9,22,1540
2009,10,9,23,1633
2009,10,10,0,1751
2009,10,10,1,1865
2009,10,10,2,1955
2009,10,10,3,2010
2009,10,10,4,1988
2009,10,10,5,1881
2009,10,10,6,1724
2009,10,10,7,1558
2009,10,10,8,1451
2009,10,10,9,1448
2009,10,10,10,1549
2009,10,10,11,1734
2009,10,10,12,1942
2009,10,10,13,2098
2009,10,10,14,2187
2009,10,10,15,2232
2009,10,10,16,2248
2009,10,10,17,2217
2009,10,10,18,2091
2009,10,10,19,1883
2009,10,10,20,1689
2009,10,10,21,1577
2009,10,10,22,1557
2009,10,10,23,1594
2009,10,11,0,1661
2009,10,11,1,1720
2009,10,11,2,1778
2009,10,11,3,1854
2009,10,11,4,1911
2009,10,11,5,1910
2009,10,11,6,1841
2009,10,11,7,1716
2009,10,11,8,1595
2009,10,11,9,1523
2009,10,11,10,1551
2009,10,11,11,1650
2009,10,11,12,1779
2009,10,11,13,1906
2009,10,11,14,1995
2009,10,11,15,2073
2009,10,11,16,2155
2009,10,11,17,2211
2009,10,11,18,2177
2009,10,11,19,2039
2009,10,11,20,1872
2009,10,11,21,1747
2009,10,11,22,1688
2009,10,11,23,1670
2009,10,12,0,1654
2009,10,12,1,1651
2009,10,12,2,1671
2009,10,12,3,1741
2009,10,12,4,1841
2009,10,12,5,1931
2009,10,12,6,1954
2009,10,12,7,1888
2009,10,12,8,1779
2009,10,12,9,1677
2009,10,12,10,1631
2009,10,12,11,1638
2009,10,12,12,1675
2009,10,12,13,1732
2009,10,12,14,1800
2009,10,12,15,1890
2009,10,12,16,2003
2009,10,12,17,2110
2009,10,12,18,2180
2009,10,12,19,2185
2009,10,12,20,2104
2009,10,12,21,1980
2009,10,12,22,1839
2009,10,12,23,1735
2009,10,13,0,1668
2009,10,13,1,1632
2009,10,13,2,1635
2009,10,13,3,1674
2009,10,13,4,1754
2009,10,13,5,1875
2009,10,13,6,1996
2009,10,13,7,2043
2009,10,13,8,2011
2009,10,13,9,1923
2009,10,13,10,1822
2009,10,13,11,1732
2009,10,13,12,1679
2009,10,13,13,1664
2009,10,13,14,1690
2009,10,13,15,1760
2009,10,13,16,1862
2009,10,13,17,1976
2009,10,13,18,2088
2009,10,13,19,2184
2009,10,13,20,2215
2009,10,13,21,2160
2009,10,13,22,2027
2009,10,13,23,1865
2009,10,14,0,1716
2009,10,14,1,1602
2009,10,14,2,1546
2009,10,14,3,1555
2009,10,14,4,1629
2009,10,14,5,1758
2009,10,14,6,1918
2009,10,14,7,2058
2009,10,14,8,2136
2009,10,14,9,2132
2009,10,14,10,2048
2009,10,14,11,1909
2009,10,14,12,1749
2009,10,14,13,1631
2009,10,14,14,1571
2009,10,14,15,1579
2009,10,14,16,1654
2009,10,14,17,1774
2009,10,14,18,1930
2009,10,14,19,2098
2009,10,14,20,2229
2009,10,14,21,2267
2009,10,14,22,2199
2009,10,14,23,2041
2009,10,15,0,1845
2009,10,15,1,1664
2009,10,15,2,1537
2009,10,15,3,1489
2009,10,15,4,1510
2009,10,15,5,1613
2009,10,15,6,1791
2009,10,15,7,2009
2009,10,15,8,2210
2009,10,15,9,2319
2009,10,15,10,2310
2009,10,15,11,2180
2009,10,15,12,1986
2009,10,15,13,1789
2009,10,15,14,1619
2009,10,15,15,1517
2009,10,15,16,1504
2009,10,15,17,1585
2009,10,15,18,1748
2009,10,15,19,1952
2009,10,15,20,2150
2009,10,15,21,2294
2009,10,15,22,2329
2009,10,15,23,2252
2009,10,16,0,2064
2009,10,16,1,1822
2009,10,16,2,1595
2009,10,16,3,1449
2009,10,16,4,1425
2009,10,16,5,1519
2009,10,16,6,1706
2009,10,16,7,1951
2009,10,16,8,2204
2009,10,16,9,2410
2009,10,16,10,2511
2009,10,16,11,2456
2009,10,16,12,2275
2009,10,16,13,2019
2009,10,16,14,1750
2009,10,16,15,1540
2009,10,16,16,1444
2009,10,16,17,1458
2009,10,16,18,1570
2009,10,16,19,1763
2009,10,16,20,1984
2009,10,16,21,2191
2009,10,16,22,2326
2009,10,16,23,2347
2009,10,17,0,2229
2009,10,17,1,1979
2009,10,17,2,1698
2009,10,17,3,1483
2009,10,17,4,1390
2009,10,17,5,1431
2009,10,17,6,1584
2009,10,17,7,1802
2009,10,17,8,2050
2009,10,17,9,2306
2009,10,17,10,2511
2009,10,17,11,2586
2009,10,17,12,2488
2009,10,17,13,2249
2009,10,17,14,1929
2009,10,17,15,1629
2009,10,17,16,1431
2009,10,17,17,1350
2009,10,17,18,1386
2009,10,17,19,1530
2009,10,17,20,1760
2009,10,17,21,1998
2009,10,17,22,2190
2009,10,17,23,2302
2009,10,18,0,2275
2009,10,18,1,2106
2009,10,18,2,1836
2009,10,18,3,1559
2009,10,18,4,1369
2009,10,18,5,1323
2009,10,18,6,1428
2009,10,18,7,1618
2009,10,18,8,1870
2009,10,18,9,2147
2009,10,18,10,2406
2009,10,18,11,2578
2009,10,18,12,2595
2009,10,18,13,2452
2009,10,18,14,2164
2009,10,18,15,1811
2009,10,18,16,1507
2009,10,18,17,1329
2009,10,18,18,1304
2009,10,18,19,1399
2009,10,18,20,1589
2009,10,18,21,1810
2009,10,18,22,2018
2009,10,18,23,2190
2009,10,19,0,2273
2009,10,19,1,2215
2009,10,19,2,2010
2009,10,19,3,1725
2009,10,19,4,1463
2009,10,19,5,1318
2009,10,19,6,1332
2009,10,19,7,1471
2009,10,19,8,1695
2009,10,19,9,1983
2009,10,19,10,2281
2009,10,19,11,2497
2009,10,19,12,2596
2009,10,19,13,2555
2009,10,19,14,2352
2009,10,19,15,2033
2009,10,19,16,1693
2009,10,19,17,1431
2009,10,19,18,1305
2009,10,19,19,1316
2009,10,19,20,1446
2009,10,19,21,1634
2009,10,19,22,1828
2009,10,19,23,2018
2009,10,20,0,2147
2009,10,20,1,2184
2009,10,20,2,2092
2009,10,20,3,1864
2009,10,20,4,1590
2009,10,20,5,1376
2009,10,20,6,1310
2009,10,20,7,1384
2009,10,20,8,1574
2009,10,20,9,1834
2009,10,20,10,2108
2009,10,20,11,2325
2009,10,20,12,2464
2009,10,20,13,2501
2009,10,20,14,2415
2009,10,20,15,2201
2009,10,20,16,1893
2009,10,20,17,1581
2009,10,20,18,1367
2009,10,20,19,1305
2009,10,20,20,1364
2009,10,20,21,1497
2009,10,20,22,1670
2009,10,20,23,1837
2009,10,21,0,1971
2009,10,21,1,2043
2009,10,21,2,2034
2009,10,21,3,1916
2009,10,21,4,1708
2009,10,21,5,1480
2009,10,21,6,1334
2009,10,21,7,1325
2009,10,21,8,1447
2009,10,21,9,1666
2009,10,21,10,1925
2009,10,21,11,2153
2009,10,21,12,2309
2009,10,21,13,2385
2009,10,21,14,2370
2009,10,21,15,2246
2009,10,21,16,2015
2009,10,21,17,1728
2009,10,21,18,1462
2009,10,21,19,1309
2009,10,21,20,1305
2009,10,21,21,1404
2009,10,21,22,1560
2009,10,21,23,1716
2009,10,22,0,1835
2009,10,22,1,1910
2009,10,22,2,1939
2009,10,22,3,1895
2009,10,22,4,1761
2009,10,22,5,1570
2009,10,22,6,1402
2009,10,22,7,1329
2009,10,22,8,1389
2009,10,22,9,1552
2009,10,22,10,1773
2009,10,22,11,1992
2009,10,22,12,2164
2009,10,22,13,2277
2009,10,22,14,2302
2009,10,22,15,2238
2009,10,22,16,2088
2009,10,22,17,1865
2009,10,22,18,1628
2009,10,22,19,1450
2009,10,22,20,1379
2009,10,22,21,1407
2009,10,22,22,1509
2009,10,22,23,1653
2009,10,23,0,1784
2009,10,23,1,1876
2009,10,23,2,1925
2009,10,23,3,1916
2009,10,23,4,1835
2009,10,23,5,1705
2009,10,23,6,1561
2009,10,23,7,1459
2009,10,23,8,1447
2009,10,23,9,1538
2009,10,23,10,1687
2009,10,23,11,1873
2009,10,23,12,2049
2009,10,23,13,2160
2009,10,23,14,2219
2009,10,23,15,2221
2009,10,23,16,2141
2009,10,23,17,1976
2009,10,23,18,1774
2009,10,23,19,1597
2009,10,23,20,1478
2009,10,23,21,1442
2009,10,23,22,1481
2009,10,23,23,1583
2009,10,24,0,1701
2009,10,24,1,1787
2009,10,24,2,1838
2009,10,24,3,1859
2009,10,24,4,1840
2009,10,24,5,1765
2009,10,24,6,1651
2009,10,24,7,1531
2009,10,24,8,1473
2009,10,24,9,1521
2009,10,24,10,1648
2009,10,24,11,1799
2009,10,24,12,1936
2009,10,24,13,2040
2009,10,24,14,2111
2009,10,24,15,2143
2009,10,24,16,2126
2009,10,24,17,2045
2009,10,24,18,1894
2009,10,24,19,1726
2009,10,24,20,1595
2009,10,24,21,1515
2009,10,24,22,1514
2009,10,24,23,1570
2009,10,25,0,1647
2009,10,25,1,1730
2009,10,25,2,1796
2009,10,25,3,1833
2009,10,25,4,1843
2009,10,25,5,1813
2009,10,25,6,1750
2009,10,25,7,1655
2009,10,25,8,1573
2009,10,25,9,1561
2009,10,25,10,1621
2009,10,25,11,1725
2009,10,25,12,1841
2009,10,25,13,1932
2009,10,25,14,1998
2009,10,25,15,2061
2009,10,25,16,2104
2009,10,25,17,2097
2009,10,25,18,2003
2009,10,25,19,1855
2009,10,25,20,1713
2009,10,25,21,1619
2009,10,25,22,1587
2009,10,25,23,1603
2009,10,26,0,1639
2009,10,26,1,1669
2009,10,26,2,1703
2009,10,26,3,1753
2009,10,26,4,1813
2009,10,26,5,1849
2009,10,26,6,1843
2009,10,26,7,1795
2009,10,26,8,1729
2009,10,26,9,1694
2009,10,26,10,1703
2009,10,26,11,1745
2009,10,26,12,1804
2009,10,26,13,1856
2009,10,26,14,1904
2009,10,26,15,1943
2009,10,26,16,1995
2009,10,26,17,2032
2009,10,26,18,2037
2009,10,26,19,1985
2009,10,26,20,1878
2009,10,26,21,1759
2009,10,26,22,1657
2009,10,26,23,1603
2009,10,27,0,1602
2009,10,27,1,1618
2009,10,27,2,1638
2009,10,27,3,1667
2009,10,27,4,1715
2009,10,27,5,1798
2009,10,27,6,1872
2009,10,27,7,1894
2009,10,27,8,1863
2009,10,27,9,1814
2009,10,27,10,1776
2009,10,27,11,1746
2009,10,27,12,1724
2009,10,27,13,1721
2009,10,27,14,1744
2009,10,27,15,1789
2009,10,27,16,1851
2009,10,27,17,1933
2009,10,27,18,1989
2009,10,27,19,1990
2009,10,27,20,1950
2009,10,27,21,1865
2009,10,27,22,1769
2009,10,27,23,1692
2009,10,28,0,1634
2009,10,28,1,1596
2009,10,28,2,1582
2009,10,28,3,1596
2009,10,28,4,1657
2009,10,28,5,1755
2009,10,28,6,1862
2009,10,28,7,1939
2009,10,28,8,1965
2009,10,28,9,1947
2009,10,28,10,1900
2009,10,28,11,1845
2009,10,28,12,1767
2009,10,28,13,1705
2009,10,28,14,1680
2009,10,28,15,1698
2009,10,28,16,1763
2009,10,28,17,1857
2009,10,28,18,1944
2009,10,28,19,1999
2009,10,28,20,2010
2009,10,28,21,1964
2009,10,28,22,1873
2009,10,28,23,1771
2009,10,29,0,1669
2009,10,29,1,1583
2009,10,29,2,1538
2009,10,29,3,1550
2009,10,29,4,1622
2009,10,29,5,1748
2009,10,29,6,1890
2009,10,29,7,1993
2009,10,29,8,2051
2009,10,29,9,2075
2009,10,29,10,2044
2009,10,29,11,1958
2009,10,29,12,1841
2009,10,29,13,1726
2009,10,29,14,1650
2009,10,29,15,1626
2009,10,29,16,1667
2009,10,29,17,1739
2009,10,29,18,1827
2009,10,29,19,1918
2009,10,29,20,1999
2009,10,29,21,2023
2009,10,29,22,1970
2009,10,29,23,1852
2009,10,30,0,1693
2009,10,30,1,1549
2009,10,30,2,1462
2009,10,30,3,1454
2009,10,30,4,1522
2009,10,30,5,1644
2009,10,30,6,1801
2009,10,30,7,1964
2009,10,30,8,2101
2009,10,30,9,2177
2009,10,30,10,2174
2009,10,30,11,2088
2009,10,30,12,1938
2009,10,30,13,1765
2009,10,30,14,1621
2009,10,30,15,1544
2009,10,30,16,1551
2009,10,30,17,1625
2009,10,30,18,1729
2009,10,30,19,1853
2009,10,30,20,1972
2009,10,30,21,2043
2009,10,30,22,2052
2009,10,30,23,1987
2009,10,31,0,1837
2009,10,31,1,1649
2009,10,31,2,1491
2009,10,31,3,1412
2009,10,31,4,1435
2009,10,31,5,1548
2009,10,31,6,1721
2009,10,31,7,1917
2009,10,31,8,2103
2009,10,31,9,2262
2009,10,31,10,2337
2009,10,31,11,2296
2009,10,31,12,2143
2009,10,31,13,1938
2009,10,31,14,1737
2009,10,31,15,1581
2009,10,31,16,1511
2009,10,31,17,1529
2009,10,31,18,1613
2009,10,31,19,1757
2009,10,31,20,1916
2009,10,31,21,2051
2009,10,31,22,2129
2009,10,31,23,2103
2009,11,1,0,1978
2009,11,1,1,1780
2009,11,1,2,1577
2009,11,1,3,1444
2009,11,1,4,1415
2009,11,1,5,1496
2009,11,1,6,1659
2009,11,1,7,1864
2009,11,1,8,2075
2009,11,1,9,2277
2009,11,1,10,2415
2009,11,1,11,2445
2009,11,1,12,2345
2009,11,1,13,2131
2009,11,1,14,1872
2009,11,1,15,1639
2009,11,1,16,1496
2009,11,1,17,1455
2009,11,1,18,1500
2009,11,1,19,1618
2009,11,1,20,1782
2009,11,1,21,1943
2009,11,1,22,2058
2009,11,1,23,2106
2009,11,2,0,2054
2009,11,2,1,1881
2009,11,2,2,1638
2009,11,2,3,1422
2009,11,2,4,1305
2009,11,2,5,1334
2009,11,2,6,1489
2009,11,2,7,1711
2009,11,2,8,1969
2009,11,2,9,2207
2009,11,2,10,2392
2009,11,2,11,2476
2009,11,2,12,2445
2009,11,2,13,2280
2009,11,2,14,2002
2009,11,2,15,1700
2009,11,2,16,1471
2009,11,2,17,1360
2009,11,2,18,1364
2009,11,2,19,1467
2009,11,2,20,1637
2009,11,2,21,1822
2009,11,2,22,1990
2009,11,2,23,2093
2009,11,3,0,2100
2009,11,3,1,1983
2009,11,3,2,1764
2009,11,3,3,1524
2009,11,3,4,1338
2009,11,3,5,1288
2009,11,3,6,1391
2009,11,3,7,1592
2009,11,3,8,1841
2009,11,3,9,2105
2009,11,3,10,2326
2009,11,3,11,2472
2009,11,3,12,2521
2009,11,3,13,2445
2009,11,3,14,2221
2009,11,3,15,1915
2009,11,3,16,1604
2009,11,3,17,1377
2009,11,3,18,1304
2009,11,3,19,1356
2009,11,3,20,1517
2009,11,3,21,1704
2009,11,3,22,1881
2009,11,3,23,2019
2009,11,4,0,2090
2009,11,4,1,2057
2009,11,4,2,1897
2009,11,4,3,1658
2009,11,4,4,1423
2009,11,4,5,1285
2009,11,4,6,1298
2009,11,4,7,1448
2009,11,4,8,1683
2009,11,4,9,1939
2009,11,4,10,2178
2009,11,4,11,2359
2009,11,4,12,2470
2009,11,4,13,2479
2009,11,4,14,2344
2009,11,4,15,2076
2009,11,4,16,1728
2009,11,4,17,1426
2009,11,4,18,1263
2009,11,4,19,1253
2009,11,4,20,1357
2009,11,4,21,1525
2009,11,4,22,1716
2009,11,4,23,1885
2009,11,5,0,2001
2009,11,5,1,2036
2009,11,5,2,1966
2009,11,5,3,1779
2009,11,5,4,1528
2009,11,5,5,1311
2009,11,5,6,1225
2009,11,5,7,1298
2009,11,5,8,1489
2009,11,5,9,1749
2009,11,5,10,2020
2009,11,5,11,2239
2009,11,5,12,2384
2009,11,5,13,2430
2009,11,5,14,2367
2009,11,5,15,2182
2009,11,5,16,1904
2009,11,5,17,1590
2009,11,5,18,1331
2009,11,5,19,1221
2009,11,5,20,1255
2009,11,5,21,1384
2009,11,5,22,1566
2009,11,5,23,1755
2009,11,6,0,1912
2009,11,6,1,2013
2009,11,6,2,2015
2009,11,6,3,1907
2009,11,6,4,1709
2009,11,6,5,1489
2009,11,6,6,1336
2009,11,6,7,1312
2009,11,6,8,1416
2009,11,6,9,1612
2009,11,6,10,1855
2009,11,6,11,2099
2009,11,6,12,2302
2009,11,6,13,2416
2009,11,6,14,2412
2009,11,6,15,2301
2009,11,6,16,2091
2009,11,6,17,1835
2009,11,6,18,1569
2009,11,6,19,1371
2009,11,6,20,1297
2009,11,6,21,1343
2009,11,6,22,1480
2009,11,6,23,1656
2009,11,7,0,1828
2009,11,7,1,1950
2009,11,7,2,2008
2009,11,7,3,1988
2009,11,7,4,1888
2009,11,7,5,1716
2009,11,7,6,1531
2009,11,7,7,1411
2009,11,7,8,1408
2009,11,7,9,1523
2009,11,7,10,1714
2009,11,7,11,1926
2009,11,7,12,2137
2009,11,7,13,2307
2009,11,7,14,2393
2009,11,7,15,2373
2009,11,7,16,2243
2009,11,7,17,2031
2009,11,7,18,1777
2009,11,7,19,1546
2009,11,7,20,1408
2009,11,7,21,1369
2009,11,7,22,1428
2009,11,7,23,1555
2009,11,8,0,1692
2009,11,8,1,1818
2009,11,8,2,1927
2009,11,8,3,1986
2009,11,8,4,1954
2009,11,8,5,1834
2009,11,8,6,1671
2009,11,8,7,1531
2009,11,8,8,1463
2009,11,8,9,1500
2009,11,8,10,1617
2009,11,8,11,1779
2009,11,8,12,1965
2009,11,8,13,2131
2009,11,8,14,2268
2009,11,8,15,2337
2009,11,8,16,2315
2009,11,8,17,2186
2009,11,8,18,1978
2009,11,8,19,1758
2009,11,8,20,1586
2009,11,8,21,1484
2009,11,8,22,1448
2009,11,8,23,1487
2009,11,9,0,1578
2009,11,9,1,1691
2009,11,9,2,1800
2009,11,9,3,1896
2009,11,9,4,1953
2009,11,9,5,1945
2009,11,9,6,1867
2009,11,9,7,1747
2009,11,9,8,1632
2009,11,9,9,1571
2009,11,9,10,1594
2009,11,9,11,1671
2009,11,9,12,1804
2009,11,9,13,1954
2009,11,9,14,2071
2009,11,9,15,2180
2009,11,9,16,2250
2009,11,9,17,2258
2009,11,9,18,2163
2009,11,9,19,1984
2009,11,9,20,1793
2009,11,9,21,1636
2009,11,9,22,1545
2009,11,9,23,1515
2009,11,10,0,1539
2009,11,10,1,1593
2009,11,10,2,1669
2009,11,10,3,1771
2009,11,10,4,1889
2009,11,10,5,1982
2009,11,10,6,2009
2009,11,10,7,1947
2009,11,10,8,1827
2009,11,10,9,1713
2009,11,10,10,1657
2009,11,10,11,1659
2009,11,10,12,1712
2009,11,10,13,1791
2009,11,10,14,1887
2009,11,10,15,1984
2009,11,10,16,2070
2009,11,10,17,2143
2009,11,10,18,2162
2009,11,10,19,2106
2009,11,10,20,1981
2009,11,10,21,1824
2009,11,10,22,1667
2009,11,10,23,1556
2009,11,11,0,1509
2009,11,11,1,1520
2009,11,11,2,1576
2009,11,11,3,1660
2009,11,11,4,1772
2009,11,11,5,1905
2009,11,11,6,2023
2009,11,11,7,2068
2009,11,11,8,2023
2009,11,11,9,1922
2009,11,11,10,1808
2009,11,11,11,1713
2009,11,11,12,1670
2009,11,11,13,1668
2009,11,11,14,1718
2009,11,11,15,1794
2009,11,11,16,1890
2009,11,11,17,1984
2009,11,11,18,2059
2009,11,11,19,2102
2009,11,11,20,2079
2009,11,11,21,1970
2009,11,11,22,1810
2009,11,11,23,1651
2009,11,12,0,1532
2009,11,12,1,1476
2009,11,12,2,1484
2009,11,12,3,1536
2009,11,12,4,1640
2009,11,12,5,1802
2009,11,12,6,1977
2009,11,12,7,2115
2009,11,12,8,2182
2009,11,12,9,2149
2009,11,12,10,2032
2009,11,12,11,1863
2009,11,12,12,1710
2009,11,12,13,1624
2009,11,12,14,1603
2009,11,12,15,1621
2009,11,12,16,1685
2009,11,12,17,1786
2009,11,12,18,1916
2009,11,12,19,2044
2009,11,12,20,2111
2009,11,12,21,2092
2009,11,12,22,1996
2009,11,12,23,1849
2009,11,13,0,1671
2009,11,13,1,1523
2009,11,13,2,1451
2009,11,13,3,1469
2009,11,13,4,1568
2009,11,13,5,1740
2009,11,13,6,1948
2009,11,13,7,2143
2009,11,13,8,2297
2009,11,13,9,2350
2009,11,13,10,2286
2009,11,13,11,2126
2009,11,13,12,1934
2009,11,13,13,1754
2009,11,13,14,1621
2009,11,13,15,1564
2009,11,13,16,1576
2009,11,13,17,1654
2009,11,13,18,1774
2009,11,13,19,1916
2009,11,13,20,2055
2009,11,13,21,2148
2009,11,13,22,2146
2009,11,13,23,2029
2009,11,14,0,1831
2009,11,14,1,1625
2009,11,14,2,1477
2009,11,14,3,1433
2009,11,14,4,1488
2009,11,14,5,1625
2009,11,14,6,1829
2009,11,14,7,2065
2009,11,14,8,2281
2009,11,14,9,2431
2009,11,14,10,2458
2009,11,14,11,2356
2009,11,14,12,2156
2009,11,14,13,1924
2009,11,14,14,1700
2009,11,14,15,1540
2009,11,14,16,1481
2009,11,14,17,1520
2009,11,14,18,1628
2009,11,14,19,1769
2009,11,14,20,1930
2009,11,14,21,2067
2009,11,14,22,2143
2009,11,14,23,2121
2009,11,15,0,1996
2009,11,15,1,1796
2009,11,15,2,1578
2009,11,15,3,1432
2009,11,15,4,1407
2009,11,15,5,1511
2009,11,15,6,1693
2009,11,15,7,1923
2009,11,15,8,2163
2009,11,15,9,2374
2009,11,15,10,2509
2009,11,15,11,2516
2009,11,15,12,2380
2009,11,15,13,2134
2009,11,15,14,1868
2009,11,15,15,1636
2009,11,15,16,1484
2009,11,15,17,1438
2009,11,15,18,1476
2009,11,15,19,1596
2009,11,15,20,1763
2009,11,15,21,1935
2009,11,15,22,2080
2009,11,15,23,2160
2009,11,16,0,2126
2009,11,16,1,1963
2009,11,16,2,1726
2009,11,16,3,1507
2009,11,16,4,1402
2009,11,16,5,1432
2009,11,16,6,1576
2009,11,16,7,1785
2009,11,16,8,2019
2009,11,16,9,2270
2009,11,16,10,2480
2009,11,16,11,2585
2009,11,16,12,2544
2009,11,16,13,2362
2009,11,16,14,2073
2009,11,16,15,1782
2009,11,16,16,1566
2009,11,16,17,1452
2009,11,16,18,1425
2009,11,16,19,1491
2009,11,16,20,1641
2009,11,16,21,1842
2009,11,16,22,2027
2009,11,16,23,2155
2009,11,17,0,2170
2009,11,17,1,2052
2009,11,17,2,1850
2009,11,17,3,1627
2009,11,17,4,1465
2009,11,17,5,1414
2009,11,17,6,1481
2009,11,17,7,1646
2009,11,17,8,1872
2009,11,17,9,2139
2009,11,17,10,2381
2009,11,17,11,2537
2009,11,17,12,2572
2009,11,17,13,2470
2009,11,17,14,2245
2009,11,17,15,1958
2009,11,17,16,1683
2009,11,17,17,1501
2009,11,17,18,1434
2009,11,17,19,1462
2009,11,17,20,1563
2009,11,17,21,1710
2009,11,17,22,1874
2009,11,17,23,2008
2009,11,18,0,2078
2009,11,18,1,2062
2009,11,18,2,1930
2009,11,18,3,1714
2009,11,18,4,1512
2009,11,18,5,1392
2009,11,18,6,1403
2009,11,18,7,1524
2009,11,18,8,1723
2009,11,18,9,1976
2009,11,18,10,2224
2009,11,18,11,2418
2009,11,18,12,2516
2009,11,18,13,2491
2009,11,18,14,2348
2009,11,18,15,2101
2009,11,18,16,1823
2009,11,18,17,1595
2009,11,18,18,1470
2009,11,18,19,1466
2009,11,18,20,1539
2009,11,18,21,1667
2009,11,18,22,1812
2009,11,18,23,1960
2009,11,19,0,2072
2009,11,19,1,2122
2009,11,19,2,2068
2009,11,19,3,1896
2009,11,19,4,1676
2009,11,19,5,1513
2009,11,19,6,1460
2009,11,19,7,1527
2009,11,19,8,1674
2009,11,19,9,1877
2009,11,19,10,2103
2009,11,19,11,2321
2009,11,19,12,2482
2009,11,19,13,2531
2009,11,19,14,2472
2009,11,19,15,2295
2009,11,19,16,2049
2009,11,19,17,1795
2009,11,19,18,1593
2009,11,19,19,1521
2009,11,19,20,1555
2009,11,19,21,1644
2009,11,19,22,1789
2009,11,19,23,1948
2009,11,20,0,2081
2009,11,20,1,2157
2009,11,20,2,2147
2009,11,20,3,2039
2009,11,20,4,1858
2009,11,20,5,1667
2009,11,20,6,1547
2009,11,20,7,1521
2009,11,20,8,1611
2009,11,20,9,1786
2009,11,20,10,2007
2009,11,20,11,2238
2009,11,20,12,2424
2009,11,20,13,2523
2009,11,20,14,2517
2009,11,20,15,2409
2009,11,20,16,2219
2009,11,20,17,1995
2009,11,20,18,1782
2009,11,20,19,1653
2009,11,20,20,1620
2009,11,20,21,1673
2009,11,20,22,1782
2009,11,20,23,1907
2009,11,21,0,2031
2009,11,21,1,2125
2009,11,21,2,2153
2009,11,21,3,2101
2009,11,21,4,1973
2009,11,21,5,1811
2009,11,21,6,1678
2009,11,21,7,1606
2009,11,21,8,1633
2009,11,21,9,1762
2009,11,21,10,1955
2009,11,21,11,2156
2009,11,21,12,2337
2009,11,21,13,2473
2009,11,21,14,2540
2009,11,21,15,2523
2009,11,21,16,2411
2009,11,21,17,2212
2009,11,21,18,1992
2009,11,21,19,1809
2009,11,21,20,1712
2009,11,21,21,1715
2009,11,21,22,1791
2009,11,21,23,1902
2009,11,22,0,2016
2009,11,22,1,2105
2009,11,22,2,2149
2009,11,22,3,2152
2009,11,22,4,2096
2009,11,22,5,1985
2009,11,22,6,1843
2009,11,22,7,1723
2009,11,22,8,1689
2009,11,22,9,1754
2009,11,22,10,1889
2009,11,22,11,2066
2009,11,22,12,2239
2009,11,22,13,2386
2009,11,22,14,2485
2009,11,22,15,2512
2009,11,22,16,2461
2009,11,22,17,2318
2009,11,22,18,2111
2009,11,22,19,1915
2009,11,22,20,1786
2009,11,22,21,1745
2009,11,22,22,1783
2009,11,22,23,1871
2009,11,23,0,1984
2009,11,23,1,2077
2009,11,23,2,2139
2009,11,23,3,2169
2009,11,23,4,2154
2009,11,23,5,2089
2009,11,23,6,1981
2009,11,23,7,1866
2009,11,23,8,1801
2009,11,23,9,1820
2009,11,23,10,1911
2009,11,23,11,2055
2009,11,23,12,2214
2009,11,23,13,2349
2009,11,23,14,2444
2009,11,23,15,2487
2009,11,23,16,2467
2009,11,23,17,2388
2009,11,23,18,2242
2009,11,23,19,2064
2009,11,23,20,1918
2009,11,23,21,1822
2009,11,23,22,1803
2009,11,23,23,1850
2009,11,24,0,1933
2009,11,24,1,2006
2009,11,24,2,2062
2009,11,24,3,2104
2009,11,24,4,2134
2009,11,24,5,2139
2009,11,24,6,2090
2009,11,24,7,1999
2009,11,24,8,1913
2009,11,24,9,1882
2009,11,24,10,1917
2009,11,24,11,2003
2009,11,24,12,2112
2009,11,24,13,2220
2009,11,24,14,2311
2009,11,24,15,2366
2009,11,24,16,2383
2009,11,24,17,2360
2009,11,24,18,2283
2009,11,24,19,2156
2009,11,24,20,2005
2009,11,24,21,1875
2009,11,24,22,1805
2009,11,24,23,1797
2009,11,25,0,1852
2009,11,25,1,1916
2009,11,25,2,1971
2009,11,25,3,2021
2009,11,25,4,2085
2009,11,25,5,2147
2009,11,25,6,2173
2009,11,25,7,2136
2009,11,25,8,2049
2009,11,25,9,1969
2009,11,25,10,1937
2009,11,25,11,1954
2009,11,25,12,2007
2009,11,25,13,2082
2009,11,25,14,2160
2009,11,25,15,2221
2009,11,25,16,2262
2009,11,25,17,2273
2009,11,25,18,2253
2009,11,25,19,2179
2009,11,25,20,2056
2009,11,25,21,1922
2009,11,25,22,1806
2009,11,25,23,1740
2009,11,26,0,1738
2009,11,26,1,1785
2009,11,26,2,1866
2009,11,26,3,1950
2009,11,26,4,2035
2009,11,26,5,2113
2009,11,26,6,2174
2009,11,26,7,2196
2009,11,26,8,2162
2009,11,26,9,2085
2009,11,26,10,2003
2009,11,26,11,1954
2009,11,26,12,1939
2009,11,26,13,1969
2009,11,26,14,2011
2009,11,26,15,2058
2009,11,26,16,2096
2009,11,26,17,2143
2009,11,26,18,2187
2009,11,26,19,2183
2009,11,26,20,2112
2009,11,26,21,1994
2009,11,26,22,1867
2009,11,26,23,1767
2009,11,27,0,1715
2009,11,27,1,1724
2009,11,27,2,1776
2009,11,27,3,1844
2009,11,27,4,1941
2009,11,27,5,2067
2009,11,27,6,2202
2009,11,27,7,2294
2009,11,27,8,2313
2009,11,27,9,2250
2009,11,27,10,2137
2009,11,27,11,2026
2009,11,27,12,1941
2009,11,27,13,1893
2009,11,27,14,1883
2009,11,27,15,1896
2009,11,27,16,1945
2009,11,27,17,2011
2009,11,27,18,2083
2009,11,27,19,2142
2009,11,27,20,2145
2009,11,27,21,2076
2009,11,27,22,1958
2009,11,27,23,1825
2009,11,28,0,1707
2009,11,28,1,1646
2009,11,28,2,1655
2009,11,28,3,1720
2009,11,28,4,1837
2009,11,28,5,1986
2009,11,28,6,2149
2009,11,28,7,2281
2009,11,28,8,2362
2009,11,28,9,2372
2009,11,28,10,2302
2009,11,28,11,2170
2009,11,28,12,2004
2009,11,28,13,1864
2009,11,28,14,1775
2009,11,28,15,1749
2009,11,28,16,1787
2009,11,28,17,1845
2009,11,28,18,1916
2009,11,28,19,2002
2009,11,28,20,2078
2009,11,28,21,2098
2009,11,28,22,2043
2009,11,28,23,1915
2009,11,29,0,1762
2009,11,29,1,1636
2009,11,29,2,1570
2009,11,29,3,1580
2009,11,29,4,1668
2009,11,29,5,1819
2009,11,29,6,2003
2009,11,29,7,2186
2009,11,29,8,2338
2009,11,29,9,2415
2009,11,29,10,2398
2009,11,29,11,2282
2009,11,29,12,2101
2009,11,29,13,1909
2009,11,29,14,1751
2009,11,29,15,1652
2009,11,29,16,1626
2009,11,29,17,1672
2009,11,29,18,1762
2009,11,29,19,1882
2009,11,29,20,1995
2009,11,29,21,2066
2009,11,29,22,2064
2009,11,29,23,1979
2009,11,30,0,1833
2009,11,30,1,1671
2009,11,30,2,1540
2009,11,30,3,1485
2009,11,30,4,1534
2009,11,30,5,1676
2009,11,30,6,1883
2009,11,30,7,2116
2009,11,30,8,2324
2009,11,30,9,2464
2009,11,30,10,2504
2009,11,30,11,2439
2009,11,30,12,2292
2009,11,30,13,2076
2009,11,30,14,1848
2009,11,30,15,1654
2009,11,30,16,1539
2009,11,30,17,1534
2009,11,30,18,1599
2009,11,30,19,1723
2009,11,30,20,1863
2009,11,30,21,1995
2009,11,30,22,2073
2009,11,30,23,2049
2009,12,1,0,1933
2009,12,1,1,1754
2009,12,1,2,1580
2009,12,1,3,1460
2009,12,1,4,1437
2009,12,1,5,1532
2009,12,1,6,1703
2009,12,1,7,1939
2009,12,1,8,2196
2009,12,1,9,2416
2009,12,1,10,2540
2009,12,1,11,2552
2009,12,1,12,2454
2009,12,1,13,2250
2009,12,1,14,1994
2009,12,1,15,1747
2009,12,1,16,1563
2009,12,1,17,1473
2009,12,1,18,1477
2009,12,1,19,1572
2009,12,1,20,1730
2009,12,1,21,1910
2009,12,1,22,2058
2009,12,1,23,2116
2009,12,2,0,2061
2009,12,2,1,1908
2009,12,2,2,1702
2009,12,2,3,1512
2009,12,2,4,1405
2009,12,2,5,1420
2009,12,2,6,1555
2009,12,2,7,1777
2009,12,2,8,2045
2009,12,2,9,2313
2009,12,2,10,2521
2009,12,2,11,2634
2009,12,2,12,2618
2009,12,2,13,2466
2009,12,2,14,2205
2009,12,2,15,1915
2009,12,2,16,1653
2009,12,2,17,1478
2009,12,2,18,1421
2009,12,2,19,1460
2009,12,2,20,1585
2009,12,2,21,1776
2009,12,2,22,1977
2009,12,2,23,2111
2009,12,3,0,2143
2009,12,3,1,2065
2009,12,3,2,1880
2009,12,3,3,1638
2009,12,3,4,1442
2009,12,3,5,1372
2009,12,3,6,1444
2009,12,3,7,1628
2009,12,3,8,1884
2009,12,3,9,2162
2009,12,3,10,2418
2009,12,3,11,2618
2009,12,3,12,2706
2009,12,3,13,2646
2009,12,3,14,2446
2009,12,3,15,2146
2009,12,3,16,1825
2009,12,3,17,1562
2009,12,3,18,1416
2009,12,3,19,1386
2009,12,3,20,1458
2009,12,3,21,1612
2009,12,3,22,1812
2009,12,3,23,2002
2009,12,4,0,2125
2009,12,4,1,2142
2009,12,4,2,2027
2009,12,4,3,1808
2009,12,4,4,1568
2009,12,4,5,1395
2009,12,4,6,1358
2009,12,4,7,1468
2009,12,4,8,1684
2009,12,4,9,1944
2009,12,4,10,2220
2009,12,4,11,2477
2009,12,4,12,2649
2009,12,4,13,2707
2009,12,4,14,2631
2009,12,4,15,2411
2009,12,4,16,2090
2009,12,4,17,1768
2009,12,4,18,1526
2009,12,4,19,1408
2009,12,4,20,1413
2009,12,4,21,1520
2009,12,4,22,1692
2009,12,4,23,1888
2009,12,5,0,2063
2009,12,5,1,2169
2009,12,5,2,2155
2009,12,5,3,2006
2009,12,5,4,1775
2009,12,5,5,1540
2009,12,5,6,1392
2009,12,5,7,1386
2009,12,5,8,1510
2009,12,5,9,1717
2009,12,5,10,1973
2009,12,5,11,2236
2009,12,5,12,2474
2009,12,5,13,2631
2009,12,5,14,2663
2009,12,5,15,2550
2009,12,5,16,2303
2009,12,5,17,1984
2009,12,5,18,1683
2009,12,5,19,1475
2009,12,5,20,1392
2009,12,5,21,1424
2009,12,5,22,1555
2009,12,5,23,1735
2009,12,6,0,1919
2009,12,6,1,2072
2009,12,6,2,2140
2009,12,6,3,2103
2009,12,6,4,1948
2009,12,6,5,1728
2009,12,6,6,1519
2009,12,6,7,1396
2009,12,6,8,1414
2009,12,6,9,1561
2009,12,6,10,1756
2009,12,6,11,1989
2009,12,6,12,2222
2009,12,6,13,2429
2009,12,6,14,2552
2009,12,6,15,2550
2009,12,6,16,2421
2009,12,6,17,2176
2009,12,6,18,1890
2009,12,6,19,1638
2009,12,6,20,1471
2009,12,6,21,1417
2009,12,6,22,1473
2009,12,6,23,1611
2009,12,7,0,1783
2009,12,7,1,1955
2009,12,7,2,2080
2009,12,7,3,2133
2009,12,7,4,2090
2009,12,7,5,1953
2009,12,7,6,1750
2009,12,7,7,1576
2009,12,7,8,1489
2009,12,7,9,1496
2009,12,7,10,1593
2009,12,7,11,1756
2009,12,7,12,1964
2009,12,7,13,2170
2009,12,7,14,2341
2009,12,7,15,2431
2009,12,7,16,2408
2009,12,7,17,2267
2009,12,7,18,2046
2009,12,7,19,1799
2009,12,7,20,1592
2009,12,7,21,1478
2009,12,7,22,1456
2009,12,7,23,1519
2009,12,8,0,1645
2009,12,8,1,1801
2009,12,8,2,1949
2009,12,8,3,2074
2009,12,8,4,2143
2009,12,8,5,2115
2009,12,8,6,1990
2009,12,8,7,1812
2009,12,8,8,1646
2009,12,8,9,1545
2009,12,8,10,1556
2009,12,8,11,1659
2009,12,8,12,1815
2009,12,8,13,1984
2009,12,8,14,2142
2009,12,8,15,2272
2009,12,8,16,2326
2009,12,8,17,2295
2009,12,8,18,2174
2009,12,8,19,1982
2009,12,8,20,1762
2009,12,8,21,1588
2009,12,8,22,1489
2009,12,8,23,1479
2009,12,9,0,1553
2009,12,9,1,1686
2009,12,9,2,1823
2009,12,9,3,1958
2009,12,9,4,2091
2009,12,9,5,2184
2009,12,9,6,2186
2009,12,9,7,2070
2009,12,9,8,1898
2009,12,9,9,1732
2009,12,9,10,1636
2009,12,9,11,1634
2009,12,9,12,1701
2009,12,9,13,1808
2009,12,9,14,1920
2009,12,9,15,2029
2009,12,9,16,2119
2009,12,9,17,2184
2009,12,9,18,2188
2009,12,9,19,2097
2009,12,9,20,1928
2009,12,9,21,1726
2009,12,9,22,1561
2009,12,9,23,1486
2009,12,10,0,1505
2009,12,10,1,1594
2009,12,10,2,1701
2009,12,10,3,1825
2009,12,10,4,1972
2009,12,10,5,2123
2009,12,10,6,2226
2009,12,10,7,2216
2009,12,10,8,2106
2009,12,10,9,1948
2009,12,10,10,1794
2009,12,10,11,1688
2009,12,10,12,1650
2009,12,10,13,1682
2009,12,10,14,1752
2009,12,10,15,1826
2009,12,10,16,1906
2009,12,10,17,1989
2009,12,10,18,2050
2009,12,10,19,2055
2009,12,10,20,1975
2009,12,10,21,1845
2009,12,10,22,1699
2009,12,10,23,1578
2009,12,11,0,1525
2009,12,11,1,1543
2009,12,11,2,1601
2009,12,11,3,1698
2009,12,11,4,1850
2009,12,11,5,2039
2009,12,11,6,2209
2009,12,11,7,2307
2009,12,11,8,2296
2009,12,11,9,2174
2009,12,11,10,2007
2009,12,11,11,1853
2009,12,11,12,1740
2009,12,11,13,1679
2009,12,11,14,1661
2009,12,11,15,1683
2009,12,11,16,1748
2009,12,11,17,1840
2009,12,11,18,1935
2009,12,11,19,1998
2009,12,11,20,2013
2009,12,11,21,1961
2009,12,11,22,1848
2009,12,11,23,1715
2009,12,12,0,1604
2009,12,12,1,1556
2009,12,12,2,1557
2009,12,12,3,1622
2009,12,12,4,1747
2009,12,12,5,1917
2009,12,12,6,2106
2009,12,12,7,2273
2009,12,12,8,2364
2009,12,12,9,2358
2009,12,12,10,2242
2009,12,12,11,2059
2009,12,12,12,1877
2009,12,12,13,1741
2009,12,12,14,1657
2009,12,12,15,1615
2009,12,12,16,1624
2009,12,12,17,1678
2009,12,12,18,1771
2009,12,12,19,1873
2009,12,12,20,1963
2009,12,12,21,2001
2009,12,12,22,1955
2009,12,12,23,1842
2009,12,13,0,1697
2009,12,13,1,1574
2009,12,13,2,1491
2009,12,13,3,1485
2009,12,13,4,1569
2009,12,13,5,1736
2009,12,13,6,1944
2009,12,13,7,2148
2009,12,13,8,2311
2009,12,13,9,2377
2009,12,13,10,2346
2009,12,13,11,2218
2009,12,13,12,2030
2009,12,13,13,1839
2009,12,13,14,1666
2009,12,13,15,1541
2009,12,13,16,1480
2009,12,13,17,1495
2009,12,13,18,1580
2009,12,13,19,1701
2009,12,13,20,1831
2009,12,13,21,1931
2009,12,13,22,1967
2009,12,13,23,1919
2009,12,14,0,1806
2009,12,14,1,1649
2009,12,14,2,1501
2009,12,14,3,1420
2009,12,14,4,1446
2009,12,14,5,1571
2009,12,14,6,1746
2009,12,14,7,1945
2009,12,14,8,2153
2009,12,14,9,2321
2009,12,14,10,2407
2009,12,14,11,2373
2009,12,14,12,2227
2009,12,14,13,2010
2009,12,14,14,1781
2009,12,14,15,1581
2009,12,14,16,1456
2009,12,14,17,1408
2009,12,14,18,1430
2009,12,14,19,1527
2009,12,14,20,1672
2009,12,14,21,1822
2009,12,14,22,1933
2009,12,14,23,1966
2009,12,15,0,1906
2009,12,15,1,1759
2009,12,15,2,1585
2009,12,15,3,1441
2009,12,15,4,1382
2009,12,15,5,1428
2009,12,15,6,1573
2009,12,15,7,1787
2009,12,15,8,2021
2009,12,15,9,2234
2009,12,15,10,2390
2009,12,15,11,2444
2009,12,15,12,2383
2009,12,15,13,2201
2009,12,15,14,1951
2009,12,15,15,1694
2009,12,15,16,1500
2009,12,15,17,1408
2009,12,15,18,1400
2009,12,15,19,1459
2009,12,15,20,1566
2009,12,15,21,1721
2009,12,15,22,1881
2009,12,15,23,1997
2009,12,16,0,2019
2009,12,16,1,1923
2009,12,16,2,1736
2009,12,16,3,1542
2009,12,16,4,1431
2009,12,16,5,1426
2009,12,16,6,1515
2009,12,16,7,1679
2009,12,16,8,1883
2009,12,16,9,2107
2009,12,16,10,2304
2009,12,16,11,2427
2009,12,16,12,2441
2009,12,16,13,2341
2009,12,16,14,2131
2009,12,16,15,1856
2009,12,16,16,1599
2009,12,16,17,1428
2009,12,16,18,1376
2009,12,16,19,1405
2009,12,16,20,1494
2009,12,16,21,1626
2009,12,16,22,1783
2009,12,16,23,1932
2009,12,17,0,2020
2009,12,17,1,2005
2009,12,17,2,1861
2009,12,17,3,1643
2009,12,17,4,1460
2009,12,17,5,1372
2009,12,17,6,1403
2009,12,17,7,1527
2009,12,17,8,1722
2009,12,17,9,1956
2009,12,17,10,2176
2009,12,17,11,2344
2009,12,17,12,2414
2009,12,17,13,2380
2009,12,17,14,2249
2009,12,17,15,2008
2009,12,17,16,1736
2009,12,17,17,1506
2009,12,17,18,1377
2009,12,17,19,1366
2009,12,17,20,1437
2009,12,17,21,1566
2009,12,17,22,1713
2009,12,17,23,1853
2009,12,18,0,1977
2009,12,18,1,2026
2009,12,18,2,1955
2009,12,18,3,1777
2009,12,18,4,1575
2009,12,18,5,1423
2009,12,18,6,1373
2009,12,18,7,1444
2009,12,18,8,1599
2009,12,18,9,1811
2009,12,18,10,2033
2009,12,18,11,2234
2009,12,18,12,2365
2009,12,18,13,2389
2009,12,18,14,2307
2009,12,18,15,2107
2009,12,18,16,1845
2009,12,18,17,1593
2009,12,18,18,1422
2009,12,18,19,1358
2009,12,18,20,1385
2009,12,18,21,1494
2009,12,18,22,1640
2009,12,18,23,1790
2009,12,19,0,1928
2009,12,19,1,2015
2009,12,19,2,2007
2009,12,19,3,1884
2009,12,19,4,1684
2009,12,19,5,1502
2009,12,19,6,1399
2009,12,19,7,1408
2009,12,19,8,1520
2009,12,19,9,1702
2009,12,19,10,1919
2009,12,19,11,2124
2009,12,19,12,2290
2009,12,19,13,2380
2009,12,19,14,2374
2009,12,19,15,2257
2009,12,19,16,2039
2009,12,19,17,1774
2009,12,19,18,1542
2009,12,19,19,1407
2009,12,19,20,1382
2009,12,19,21,1454
2009,12,19,22,1587
2009,12,19,23,1744
2009,12,20,0,1909
2009,12,20,1,2026
2009,12,20,2,2060
2009,12,20,3,1981
2009,12,20,4,1823
2009,12,20,5,1640
2009,12,20,6,1491
2009,12,20,7,1434
2009,12,20,8,1472
2009,12,20,9,1598
2009,12,20,10,1784
2009,12,20,11,1999
2009,12,20,12,2194
2009,12,20,13,2315
2009,12,20,14,2348
2009,12,20,15,2276
2009,12,20,16,2113
2009,12,20,17,1881
2009,12,20,18,1647
2009,12,20,19,1472
2009,12,20,20,1400
2009,12,20,21,1435
2009,12,20,22,1540
2009,12,20,23,1683
2009,12,21,0,1836
2009,12,21,1,1970
2009,12,21,2,2049
2009,12,21,3,2042
2009,12,21,4,1930
2009,12,21,5,1760
2009,12,21,6,1603
2009,12,21,7,1504
2009,12,21,8,1486
2009,12,21,9,1543
2009,12,21,10,1669
2009,12,21,11,1855
2009,12,21,12,2057
2009,12,21,13,2213
2009,12,21,14,2278
2009,12,21,15,2236
2009,12,21,16,2122
2009,12,21,17,1957
2009,12,21,18,1756
2009,12,21,19,1558
2009,12,21,20,1424
2009,12,21,21,1408
2009,12,21,22,1490
2009,12,21,23,1638
2009,12,22,0,1807
2009,12,22,1,1943
2009,12,22,2,2016
2009,12,22,3,2027
2009,12,22,4,1993
2009,12,22,5,1898
2009,12,22,6,1775
2009,12,22,7,1624
2009,12,22,8,1557
2009,12,22,9,1561
2009,12,22,10,1643
2009,12,22,11,1778
2009,12,22,12,1939
2009,12,22,13,2098
2009,12,22,14,2191
2009,12,22,15,2220
2009,12,22,16,2172
2009,12,22,17,2047
2009,12,22,18,1862
2009,12,22,19,1668
2009,12,22,20,1514
2009,12,22,21,1446
2009,12,22,22,1482
2009,12,22,23,1586
2009,12,23,0,1735
2009,12,23,1,1874
2009,12,23,2,1969
2009,12,23,3,2031
2009,12,23,4,2055
2009,12,23,5,2030
2009,12,23,6,1941
2009,12,23,7,1812
2009,12,23,8,1696
2009,12,23,9,1638
2009,12,23,10,1659
2009,12,23,11,1744
2009,12,23,12,1869
2009,12,23,13,2005
2009,12,23,14,2116
2009,12,23,15,2169
2009,12,23,16,2139
2009,12,23,17,2058
2009,12,23,18,1930
2009,12,23,19,1760
2009,12,23,20,1603
2009,12,23,21,1502
2009,12,23,22,1484
2009,12,23,23,1544
2009,12,24,0,1661
2009,12,24,1,1814
2009,12,24,2,1942
2009,12,24,3,2034
2009,12,24,4,2096
2009,12,24,5,2113
2009,12,24,6,2047
2009,12,24,7,1937
2009,12,24,8,1813
2009,12,24,9,1714
2009,12,24,10,1665
2009,12,24,11,1688
2009,12,24,12,1770
2009,12,24,13,1869
2009,12,24,14,1954
2009,12,24,15,2012
2009,12,24,16,2018
2009,12,24,17,2005
2009,12,24,18,1940
2009,12,24,19,1802
2009,12,24,20,1660
2009,12,24,21,1535
2009,12,24,22,1466
2009,12,24,23,1470
2009,12,25,0,1573
2009,12,25,1,1714
2009,12,25,2,1854
2009,12,25,3,1959
2009,12,25,4,2032
2009,12,25,5,2083
2009,12,25,6,2101
2009,12,25,7,2068
2009,12,25,8,1972
2009,12,25,9,1850
2009,12,25,10,1746
2009,12,25,11,1694
2009,12,25,12,1713
2009,12,25,13,1779
2009,12,25,14,1857
2009,12,25,15,1910
2009,12,25,16,1935
2009,12,25,17,1933
2009,12,25,18,1904
2009,12,25,19,1838
2009,12,25,20,1731
2009,12,25,21,1607
2009,12,25,22,1506
2009,12,25,23,1467
2009,12,26,0,1501
2009,12,26,1,1598
2009,12,26,2,1722
2009,12,26,3,1842
2009,12,26,4,1963
2009,12,26,5,2070
2009,12,26,6,2137
2009,12,26,7,2145
2009,12,26,8,2095
2009,12,26,9,2002
2009,12,26,10,1879
2009,12,26,11,1777
2009,12,26,12,1723
2009,12,26,13,1709
2009,12,26,14,1737
2009,12,26,15,1776
2009,12,26,16,1822
2009,12,26,17,1860
2009,12,26,18,1871
2009,12,26,19,1850
2009,12,26,20,1788
2009,12,26,21,1694
2009,12,26,22,1593
2009,12,26,23,1516
2009,12,27,0,1490
2009,12,27,1,1532
2009,12,27,2,1612
2009,12,27,3,1720
2009,12,27,4,1846
2009,12,27,5,1988
2009,12,27,6,2118
2009,12,27,7,2210
2009,12,27,8,2235
2009,12,27,9,2181
2009,12,27,10,2064
2009,12,27,11,1920
2009,12,27,12,1791
2009,12,27,13,1713
2009,12,27,14,1679
2009,12,27,15,1673
2009,12,27,16,1688
2009,12,27,17,1729
2009,12,27,18,1781
2009,12,27,19,1818
2009,12,27,20,1821
2009,12,27,21,1784
2009,12,27,22,1704
2009,12,27,23,1605
2009,12,28,0,1526
2009,12,28,1,1495
2009,12,28,2,1510
2009,12,28,3,1572
2009,12,28,4,1696
2009,12,28,5,1873
2009,12,28,6,2062
2009,12,28,7,2216
2009,12,28,8,2294
2009,12,28,9,2290
2009,12,28,10,2215
2009,12,28,11,2095
2009,12,28,12,1945
2009,12,28,13,1795
2009,12,28,14,1680
2009,12,28,15,1605
2009,12,28,16,1571
2009,12,28,17,1605
2009,12,28,18,1678
2009,12,28,19,1756
2009,12,28,20,1823
2009,12,28,21,1854
2009,12,28,22,1820
2009,12,28,23,1731
2009,12,29,0,1617
2009,12,29,1,1522
2009,12,29,2,1463
2009,12,29,3,1461
2009,12,29,4,1539
2009,12,29,5,1703
2009,12,29,6,1922
2009,12,29,7,2138
2009,12,29,8,2314
2009,12,29,9,2398
2009,12,29,10,2386
2009,12,29,11,2281
2009,12,29,12,2110
2009,12,29,13,1909
2009,12,29,14,1721
2009,12,29,15,1580
2009,12,29,16,1503
2009,12,29,17,1505
2009,12,29,18,1568
2009,12,29,19,1666
2009,12,29,20,1789
2009,12,29,21,1895
2009,12,29,22,1942
2009,12,29,23,1906
2009,12,30,0,1792
2009,12,30,1,1639
2009,12,30,2,1494
2009,12,30,3,1413
2009,12,30,4,1427
2009,12,30,5,1539
2009,12,30,6,1731
2009,12,30,7,1970
2009,12,30,8,2219
2009,12,30,9,2414
2009,12,30,10,2509
2009,12,30,11,2480
2009,12,30,12,2341
2009,12,30,13,2130
2009,12,30,14,1882
2009,12,30,15,1650
2009,12,30,16,1486
2009,12,30,17,1417
2009,12,30,18,1444
2009,12,30,19,1547
2009,12,30,20,1694
2009,12,30,21,1847
2009,12,30,22,1972
2009,12,30,23,2027
2009,12,31,0,1982
2009,12,31,1,1838
2009,12,31,2,1638
2009,12,31,3,1464
2009,12,31,4,1377
2009,12,31,5,1419
2009,12,31,6,1568
2009,12,31,7,1782
2009,12,31,8,2039
2009,12,31,9,2284
2009,12,31,10,2470
2009,12,31,11,2566
2009,12,31,12,2537
2009,12,31,13,2375
2009,12,31,14,2116
2009,12,31,15,1830
2009,12,31,16,1576
2009,12,31,17,1415
2009,12,31,18,1377
2009,12,31,19,1437
2009,12,31,20,1574
2009,12,31,21,1771
2009,12,31,22,1971
2009,12,31,23,2122
2010,1,1,0,2160
2010,1,1,1,2064
2010,1,1,2,1853
2010,1,1,3,1600
2010,1,1,4,1410
2010,1,1,5,1347
2010,1,1,6,1418
2010,1,1,7,1586
2010,1,1,8,1832
2010,1,1,9,2122
2010,1,1,10,2395
2010,1,1,11,2597
2010,1,1,12,2678
2010,1,1,13,2607
2010,1,1,14,2394
2010,1,1,15,2092
2010,1,1,16,1784
2010,1,1,17,1537
2010,1,1,18,1409
2010,1,1,19,1400
2010,1,1,20,1489
2010,1,1,21,1658
2010,1,1,22,1870
2010,1,1,23,2073
2010,1,2,0,2225
2010,1,2,1,2254
2010,1,2,2,2102
2010,1,2,3,1836
2010,1,2,4,1565
2010,1,2,5,1379
2010,1,2,6,1323
2010,1,2,7,1398
2010,1,2,8,1592
2010,1,2,9,1861
2010,1,2,10,2161
2010,1,2,11,2435
2010,1,2,12,2618
2010,1,2,13,2661
2010,1,2,14,2545
2010,1,2,15,2299
2010,1,2,16,1968
2010,1,2,17,1656
2010,1,2,18,1443
2010,1,2,19,1348
2010,1,2,20,1377
2010,1,2,21,1500
2010,1,2,22,1696
2010,1,2,23,1917
2010,1,3,0,2117
2010,1,3,1,2256
2010,1,3,2,2245
2010,1,3,3,2058
2010,1,3,4,1754
2010,1,3,5,1472
2010,1,3,6,1296
2010,1,3,7,1273
2010,1,3,8,1402
2010,1,3,9,1622
2010,1,3,10,1891
2010,1,3,11,2171
2010,1,3,12,2412
2010,1,3,13,2564
2010,1,3,14,2588
2010,1,3,15,2478
2010,1,3,16,2225
2010,1,3,17,1901
2010,1,3,18,1613
2010,1,3,19,1428
2010,1,3,20,1372
2010,1,3,21,1420
2010,1,3,22,1555
2010,1,3,23,1764
2010,1,4,0,2004
2010,1,4,1,2230
2010,1,4,2,2341
2010,1,4,3,2258
2010,1,4,4,2027
2010,1,4,5,1759
2010,1,4,6,1526
2010,1,4,7,1397
2010,1,4,8,1402
2010,1,4,9,1521
2010,1,4,10,1733
2010,1,4,11,1996
2010,1,4,12,2266
2010,1,4,13,2465
2010,1,4,14,2564
2010,1,4,15,2554
2010,1,4,16,2413
2010,1,4,17,2150
2010,1,4,18,1849
2010,1,4,19,1586
2010,1,4,20,1426
2010,1,4,21,1406
2010,1,4,22,1505
2010,1,4,23,1693
2010,1,5,0,1930
2010,1,5,1,2143
2010,1,5,2,2340
2010,1,5,3,2352
2010,1,5,4,2255
2010,1,5,5,2061
2010,1,5,6,1817
2010,1,5,7,1598
2010,1,5,8,1473
2010,1,5,9,1472
2010,1,5,10,1584
2010,1,5,11,1796
2010,1,5,12,2040
2010,1,5,13,2248
2010,1,5,14,2398
2010,1,5,15,2469
2010,1,5,16,2427
2010,1,5,17,2271
2010,1,5,18,2013
2010,1,5,19,1729
2010,1,5,20,1511
2010,1,5,21,1417
2010,1,5,22,1434
2010,1,5,23,1554
2010,1,6,0,1769
2010,1,6,1,2005
2010,1,6,2,2203
2010,1,6,3,2314
2010,1,6,4,2327
2010,1,6,5,2220
2010,1,6,6,2024
2010,1,6,7,1794
2010,1,6,8,1606
2010,1,6,9,1516
2010,1,6,10,1534
2010,1,6,11,1634
2010,1,6,12,1800
2010,1,6,13,1989
2010,1,6,14,2165
2010,1,6,15,2292
2010,1,6,16,2333
2010,1,6,17,2269
2010,1,6,18,2099
2010,1,6,19,1858
2010,1,6,20,1618
2010,1,6,21,1460
2010,1,6,22,1428
2010,1,6,23,1495
2010,1,7,0,1640
2010,1,7,1,1830
2010,1,7,2,2007
2010,1,7,3,2150
2010,1,7,4,2244
2010,1,7,5,2262
2010,1,7,6,2191
2010,1,7,7,2028
2010,1,7,8,1834
2010,1,7,9,1669
2010,1,7,10,1584
2010,1,7,11,1589
2010,1,7,12,1680
2010,1,7,13,1816
2010,1,7,14,1931
2010,1,7,15,2024
2010,1,7,16,2089
2010,1,7,17,2115
2010,1,7,18,2076
2010,1,7,19,1949
2010,1,7,20,1766
2010,1,7,21,1585
2010,1,7,22,1485
2010,1,7,23,1481
2010,1,8,0,1551
2010,1,8,1,1681
2010,1,8,2,1842
2010,1,8,3,1990
2010,1,8,4,2117
2010,1,8,5,2223
2010,1,8,6,2263
2010,1,8,7,2209
2010,1,8,8,2062
2010,1,8,9,1877
2010,1,8,10,1713
2010,1,8,11,1633
2010,1,8,12,1656
2010,1,8,13,1736
2010,1,8,14,1830
2010,1,8,15,1904
2010,1,8,16,1955
2010,1,8,17,1988
2010,1,8,18,2011
2010,1,8,19,1988
2010,1,8,20,1893
2010,1,8,21,1744
2010,1,8,22,1600
2010,1,8,23,1518
2010,1,9,0,1518
2010,1,9,1,1595
2010,1,9,2,1720
2010,1,9,3,1859
2010,1,9,4,2007
2010,1,9,5,2144
2010,1,9,6,2247
2010,1,9,7,2283
2010,1,9,8,2225
2010,1,9,9,2098
2010,1,9,10,1938
2010,1,9,11,1795
2010,1,9,12,1722
2010,1,9,13,1718
2010,1,9,14,1747
2010,1,9,15,1774
2010,1,9,16,1801
2010,1,9,17,1844
2010,1,9,18,1895
2010,1,9,19,1925
2010,1,9,20,1906
2010,1,9,21,1828
2010,1,9,22,1706
2010,1,9,23,1596
2010,1,10,0,1542
2010,1,10,1,1553
2010,1,10,2,1613
2010,1,10,3,1695
2010,1,10,4,1811
2010,1,10,5,1942
2010,1,10,6,2077
2010,1,10,7,2196
2010,1,10,8,2254
2010,1,10,9,2216
2010,1,10,10,2089
2010,1,10,11,1935
2010,1,10,12,1802
2010,1,10,13,1713
2010,1,10,14,1679
2010,1,10,15,1666
2010,1,10,16,1659
2010,1,10,17,1677
2010,1,10,18,1736
2010,1,10,19,1807
2010,1,10,20,1856
2010,1,10,21,1868
2010,1,10,22,1808
2010,1,10,23,1701
2010,1,11,0,1612
2010,1,11,1,1571
2010,1,11,2,1561
2010,1,11,3,1586
2010,1,11,4,1652
2010,1,11,5,1777
2010,1,11,6,1946
2010,1,11,7,2119
2010,1,11,8,2237
2010,1,11,9,2261
2010,1,11,10,2202
2010,1,11,11,2087
2010,1,11,12,1946
2010,1,11,13,1814
2010,1,11,14,1716
2010,1,11,15,1645
2010,1,11,16,1596
2010,1,11,17,1603
2010,1,11,18,1662
2010,1,11,19,1744
2010,1,11,20,1830
2010,1,11,21,1894
2010,1,11,22,1897
2010,1,11,23,1838
2010,1,12,0,1740
2010,1,12,1,1637
2010,1,12,2,1561
2010,1,12,3,1530
2010,1,12,4,1562
2010,1,12,5,1654
2010,1,12,6,1804
2010,1,12,7,1979
2010,1,12,8,2152
2010,1,12,9,2265
2010,1,12,10,2294
2010,1,12,11,2244
2010,1,12,12,2127
2010,1,12,13,1974
2010,1,12,14,1812
2010,1,12,15,1680
2010,1,12,16,1583
2010,1,12,17,1555
2010,1,12,18,1587
2010,1,12,19,1664
2010,1,12,20,1767
2010,1,12,21,1869
2010,1,12,22,1938
2010,1,12,23,1927
2010,1,13,0,1855
2010,1,13,1,1737
2010,1,13,2,1598
2010,1,13,3,1498
2010,1,13,4,1468
2010,1,13,5,1520
2010,1,13,6,1647
2010,1,13,7,1820
2010,1,13,8,2012
2010,1,13,9,2193
2010,1,13,10,2313
2010,1,13,11,2342
2010,1,13,12,2255
2010,1,13,13,2087
2010,1,13,14,1894
2010,1,13,15,1706
2010,1,13,16,1563
2010,1,13,17,1488
2010,1,13,18,1479
2010,1,13,19,1544
2010,1,13,20,1660
2010,1,13,21,1799
2010,1,13,22,1926
2010,1,13,23,1987
2010,1,14,0,1956
2010,1,14,1,1836
2010,1,14,2,1664
2010,1,14,3,1500
2010,1,14,4,1411
2010,1,14,5,1415
2010,1,14,6,1516
2010,1,14,7,1682
2010,1,14,8,1884
2010,1,14,9,2085
2010,1,14,10,2255
2010,1,14,11,2362
2010,1,14,12,2376
2010,1,14,13,2269
2010,1,14,14,2067
2010,1,14,15,1825
2010,1,14,16,1618
2010,1,14,17,1503
2010,1,14,18,1480
2010,1,14,19,1531
2010,1,14,20,1633
2010,1,14,21,1767
2010,1,14,22,1917
2010,1,14,23,2037
2010,1,15,0,2068
2010,1,15,1,2000
2010,1,15,2,1837
2010,1,15,3,1625
2010,1,15,4,1457
2010,1,15,5,1392
2010,1,15,6,1444
2010,1,15,7,1586
2010,1,15,8,1791
2010,1,15,9,2010
2010,1,15,10,2206
2010,1,15,11,2343
2010,1,15,12,2392
2010,1,15,13,2356
2010,1,15,14,2215
2010,1,15,15,1993
2010,1,15,16,1763
2010,1,15,17,1592
2010,1,15,18,1513
2010,1,15,19,1519
2010,1,15,20,1610
2010,1,15,21,1745
2010,1,15,22,1897
2010,1,15,23,2034
2010,1,16,0,2115
2010,1,16,1,2115
2010,1,16,2,2002
2010,1,16,3,1800
2010,1,16,4,1582
2010,1,16,5,1425
2010,1,16,6,1393
2010,1,16,7,1493
2010,1,16,8,1674
2010,1,16,9,1890
2010,1,16,10,2099
2010,1,16,11,2274
2010,1,16,12,2388
2010,1,16,13,2415
2010,1,16,14,2334
2010,1,16,15,2139
2010,1,16,16,1878
2010,1,16,17,1646
2010,1,16,18,1488
2010,1,16,19,1438
2010,1,16,20,1484
2010,1,16,21,1619
2010,1,16,22,1789
2010,1,16,23,1949
2010,1,17,0,2060
2010,1,17,1,2105
2010,1,17,2,2044
2010,1,17,3,1873
2010,1,17,4,1655
2010,1,17,5,1457
2010,1,17,6,1355
2010,1,17,7,1379
2010,1,17,8,1517
2010,1,17,9,1719
2010,1,17,10,1934
2010,1,17,11,2121
2010,1,17,12,2264
2010,1,17,13,2333
2010,1,17,14,2303
2010,1,17,15,2161
2010,1,17,16,1926
2010,1,17,17,1676
2010,1,17,18,1469
2010,1,17,19,1362
2010,1,17,20,1374
2010,1,17,21,1480
2010,1,17,22,1658
2010,1,17,23,1835
2010,1,18,0,1993
2010,1,18,1,2080
2010,1,18,2,2066
2010,1,18,3,1956
2010,1,18,4,1762
2010,1,18,5,1566
2010,1,18,6,1422
2010,1,18,7,1374
2010,1,18,8,1432
2010,1,18,9,1580
2010,1,18,10,1800
2010,1,18,11,2026
2010,1,18,12,2210
2010,1,18,13,2311
2010,1,18,14,2306
2010,1,18,15,2204
2010,1,18,16,2015
2010,1,18,17,1781
2010,1,18,18,1533
2010,1,18,19,1408
2010,1,18,20,1369
2010,1,18,21,1443
2010,1,18,22,1593
2010,1,18,23,1779
2010,1,19,0,1953
2010,1,19,1,2068
2010,1,19,2,2115
2010,1,19,3,2055
2010,1,19,4,1908
2010,1,19,5,1702
2010,1,19,6,1514
2010,1,19,7,1397
2010,1,19,8,1401
2010,1,19,9,1509
2010,1,19,10,1697
2010,1,19,11,1912
2010,1,19,12,2092
2010,1,19,13,2209
2010,1,19,14,2236
2010,1,19,15,2165
2010,1,19,16,2017
2010,1,19,17,1816
2010,1,19,18,1604
2010,1,19,19,1441
2010,1,19,20,1375
2010,1,19,21,1416
2010,1,19,22,1540
2010,1,19,23,1714
2010,1,20,0,1897
2010,1,20,1,2039
2010,1,20,2,2144
2010,1,20,3,2121
2010,1,20,4,2018
2010,1,20,5,1849
2010,1,20,6,1658
2010,1,20,7,1511
2010,1,20,8,1447
2010,1,20,9,1490
2010,1,20,10,1607
2010,1,20,11,1778
2010,1,20,12,1966
2010,1,20,13,2110
2010,1,20,14,2189
2010,1,20,15,2173
2010,1,20,16,2057
2010,1,20,17,1863
2010,1,20,18,1627
2010,1,20,19,1429
2010,1,20,20,1350
2010,1,20,21,1387
2010,1,20,22,1503
2010,1,20,23,1641
2010,1,21,0,1799
2010,1,21,1,1963
2010,1,21,2,2099
2010,1,21,3,2149
2010,1,21,4,2094
2010,1,21,5,1955
2010,1,21,6,1766
2010,1,21,7,1590
2010,1,21,8,1489
2010,1,21,9,1471
2010,1,21,10,1529
2010,1,21,11,1662
2010,1,21,12,1829
2010,1,21,13,1983
2010,1,21,14,2070
2010,1,21,15,2079
2010,1,21,16,2009
2010,1,21,17,1865
2010,1,21,18,1678
2010,1,21,19,1492
2010,1,21,20,1373
2010,1,21,21,1365
2010,1,21,22,1428
2010,1,21,23,1550
2010,1,22,0,1705
2010,1,22,1,1875
2010,1,22,2,2030
2010,1,22,3,2113
2010,1,22,4,2125
2010,1,22,5,2066
2010,1,22,6,1936
2010,1,22,7,1775
2010,1,22,8,1636
2010,1,22,9,1549
2010,1,22,10,1538
2010,1,22,11,1611
2010,1,22,12,1740
2010,1,22,13,1879
2010,1,22,14,1980
2010,1,22,15,2014
2010,1,22,16,1985
2010,1,22,17,1899
2010,1,22,18,1764
2010,1,22,19,1593
2010,1,22,20,1442
2010,1,22,21,1396
2010,1,22,22,1430
2010,1,22,23,1522
2010,1,23,0,1658
2010,1,23,1,1809
2010,1,23,2,1952
2010,1,23,3,2061
2010,1,23,4,2127
2010,1,23,5,2120
2010,1,23,6,2050
2010,1,23,7,1941
2010,1,23,8,1811
2010,1,23,9,1688
2010,1,23,10,1608
2010,1,23,11,1603
2010,1,23,12,1680
2010,1,23,13,1799
2010,1,23,14,1891
2010,1,23,15,1918
2010,1,23,16,1896
2010,1,23,17,1856
2010,1,23,18,1796
2010,1,23,19,1699
2010,1,23,20,1570
2010,1,23,21,1455
2010,1,23,22,1412
2010,1,23,23,1449
2010,1,24,0,1566
2010,1,24,1,1724
2010,1,24,2,1871
2010,1,24,3,1979
2010,1,24,4,2058
2010,1,24,5,2098
2010,1,24,6,2095
2010,1,24,7,2047
2010,1,24,8,1951
2010,1,24,9,1825
2010,1,24,10,1701
2010,1,24,11,1635
2010,1,24,12,1636
2010,1,24,13,1698
2010,1,24,14,1772
2010,1,24,15,1801
2010,1,24,16,1796
2010,1,24,17,1776
2010,1,24,18,1760
2010,1,24,19,1725
2010,1,24,20,1634
2010,1,24,21,1511
2010,1,24,22,1415
2010,1,24,23,1415
2010,1,25,0,1501
2010,1,25,1,1617
2010,1,25,2,1731
2010,1,25,3,1828
2010,1,25,4,1930
2010,1,25,5,2049
2010,1,25,6,2137
2010,1,25,7,2151
2010,1,25,8,2086
2010,1,25,9,1978
2010,1,25,10,1843
2010,1,25,11,1721
2010,1,25,12,1651
2010,1,25,13,1644
2010,1,25,14,1673
2010,1,25,15,1694
2010,1,25,16,1697
2010,1,25,17,1711
2010,1,25,18,1722
2010,1,25,19,1729
2010,1,25,20,1709
2010,1,25,21,1639
2010,1,25,22,1531
2010,1,25,23,1454
2010,1,26,0,1456
2010,1,26,1,1515
2010,1,26,2,1604
2010,1,26,3,1694
2010,1,26,4,1787
2010,1,26,5,1900
2010,1,26,6,2030
2010,1,26,7,2140
2010,1,26,8,2185
2010,1,26,9,2144
2010,1,26,10,2038
2010,1,26,11,1903
2010,1,26,12,1759
2010,1,26,13,1653
2010,1,26,14,1582
2010,1,26,15,1554
2010,1,26,16,1559
2010,1,26,17,1589
2010,1,26,18,1629
2010,1,26,19,1680
2010,1,26,20,1723
2010,1,26,21,1730
2010,1,26,22,1679
2010,1,26,23,1583
2010,1,27,0,1487
2010,1,27,1,1449
2010,1,27,2,1465
2010,1,27,3,1536
2010,1,27,4,1635
2010,1,27,5,1771
2010,1,27,6,1947
2010,1,27,7,2112
2010,1,27,8,2237
2010,1,27,9,2270
2010,1,27,10,2212
2010,1,27,11,2093
2010,1,27,12,1945
2010,1,27,13,1776
2010,1,27,14,1601
2010,1,27,15,1465
2010,1,27,16,1396
2010,1,27,17,1417
2010,1,27,18,1492
2010,1,27,19,1604
2010,1,27,20,1715
2010,1,27,21,1784
2010,1,27,22,1782
2010,1,27,23,1720
2010,1,28,0,1613
2010,1,28,1,1488
2010,1,28,2,1388
2010,1,28,3,1348
2010,1,28,4,1393
2010,1,28,5,1526
2010,1,28,6,1708
2010,1,28,7,1908
2010,1,28,8,2104
2010,1,28,9,2267
2010,1,28,10,2345
2010,1,28,11,2305
2010,1,28,12,2163
2010,1,28,13,1946
2010,1,28,14,1697
2010,1,28,15,1473
2010,1,28,16,1322
2010,1,28,17,1271
2010,1,28,18,1323
2010,1,28,19,1446
2010,1,28,20,1597
2010,1,28,21,1744
2010,1,28,22,1858
2010,1,28,23,1891
2010,1,29,0,1816
2010,1,29,1,1658
2010,1,29,2,1470
2010,1,29,3,1318
2010,1,29,4,1268
2010,1,29,5,1332
2010,1,29,6,1487
2010,1,29,7,1701
2010,1,29,8,1953
2010,1,29,9,2203
2010,1,29,10,2382
2010,1,29,11,2443
2010,1,29,12,2351
2010,1,29,13,2146
2010,1,29,14,1876
2010,1,29,15,1585
2010,1,29,16,1349
2010,1,29,17,1212
2010,1,29,18,1191
2010,1,29,19,1270
2010,1,29,20,1429
2010,1,29,21,1641
2010,1,29,22,1848
2010,1,29,23,1983
2010,1,30,0,1980
2010,1,30,1,1841
2010,1,30,2,1622
2010,1,30,3,1411
2010,1,30,4,1271
2010,1,30,5,1244
2010,1,30,6,1330
2010,1,30,7,1498
2010,1,30,8,1735
2010,1,30,9,2014
2010,1,30,10,2287
2010,1,30,11,2477
2010,1,30,12,2514
2010,1,30,13,2389
2010,1,30,14,2141
2010,1,30,15,1826
2010,1,30,16,1522
2010,1,30,17,1297
2010,1,30,18,1190
2010,1,30,19,1203
2010,1,30,20,1321
2010,1,30,21,1524
2010,1,30,22,1761
2010,1,30,23,1978
2010,1,31,0,2107
2010,1,31,1,2093
2010,1,31,2,1926
2010,1,31,3,1665
2010,1,31,4,1407
2010,1,31,5,1240
2010,1,31,6,1211
2010,1,31,7,1302
2010,1,31,8,1479
2010,1,31,9,1733
2010,1,31,10,2026
2010,1,31,11,2298
2010,1,31,12,2461
2010,1,31,13,2461
2010,1,31,14,2324
2010,1,31,15,2022
2010,1,31,16,1662
2010,1,31,17,1351
2010,1,31,18,1149
2010,1,31,19,1087
2010,1,31,20,1148
2010,1,31,21,1324
2010,1,31,22,1578
2010,1,31,23,1853
2010,2,1,0,2094
2010,2,1,1,2197
2010,2,1,2,2125
2010,2,1,3,1899
2010,2,1,4,1603
2010,2,1,5,1351
2010,2,1,6,1207
2010,2,1,7,1202
2010,2,1,8,1321
2010,2,1,9,1531
2010,2,1,10,1778
2010,2,1,11,2038
2010,2,1,12,2269
2010,2,1,13,2421
2010,2,1,14,2410
2010,2,1,15,2197
2010,2,1,16,1852
2010,2,1,17,1494
2010,2,1,18,1200
2010,2,1,19,1066
2010,2,1,20,1075
2010,2,1,21,1187
2010,2,1,22,1400
2010,2,1,23,1682
2010,2,2,0,1953
2010,2,2,1,2152
2010,2,2,2,2222
2010,2,2,3,2113
2010,2,2,4,1848
2010,2,2,5,1537
2010,2,2,6,1290
2010,2,2,7,1178
2010,2,2,8,1213
2010,2,2,9,1366
2010,2,2,10,1577
2010,2,2,11,1812
2010,2,2,12,2040
2010,2,2,13,2252
2010,2,2,14,2370
2010,2,2,15,2312
2010,2,2,16,2039
2010,2,2,17,1694
2010,2,2,18,1269
2010,2,2,19,1105
2010,2,2,20,1060
2010,2,2,21,1153
2010,2,2,22,1327
2010,2,2,23,1554
2010,2,3,0,1811
2010,2,3,1,2065
2010,2,3,2,2234
2010,2,3,3,2258
2010,2,3,4,2102
2010,2,3,5,1819
2010,2,3,6,1523
2010,2,3,7,1308
2010,2,3,8,1242
2010,2,3,9,1314
2010,2,3,10,1454
2010,2,3,11,1647
2010,2,3,12,1840
2010,2,3,13,2012
2010,2,3,14,2168
2010,2,3,15,2209
2010,2,3,16,2096
2010,2,3,17,1823
2010,2,3,18,1489
2010,2,3,19,1224
2010,2,3,20,1108
2010,2,3,21,1145
2010,2,3,22,1268
2010,2,3,23,1464
2010,2,4,0,1707
2010,2,4,1,1928
2010,2,4,2,2121
2010,2,4,3,2234
2010,2,4,4,2233
2010,2,4,5,2088
2010,2,4,6,1834
2010,2,4,7,1581
2010,2,4,8,1401
2010,2,4,9,1357
2010,2,4,10,1422
2010,2,4,11,1550
2010,2,4,12,1708
2010,2,4,13,1853
2010,2,4,14,1970
2010,2,4,15,2032
2010,2,4,16,2023
2010,2,4,17,1911
2010,2,4,18,1688
2010,2,4,19,1431
2010,2,4,20,1247
2010,2,4,21,1181
2010,2,4,22,1248
2010,2,4,23,1394
2010,2,5,0,1589
2010,2,5,1,1781
2010,2,5,2,1929
2010,2,5,3,2042
2010,2,5,4,2109
2010,2,5,5,2105
2010,2,5,6,1981
2010,2,5,7,1759
2010,2,5,8,1536
2010,2,5,9,1402
2010,2,5,10,1377
2010,2,5,11,1448
2010,2,5,12,1562
2010,2,5,13,1670
2010,2,5,14,1760
2010,2,5,15,1824
2010,2,5,16,1845
2010,2,5,17,1813
2010,2,5,18,1712
2010,2,5,19,1542
2010,2,5,20,1378
2010,2,5,21,1268
2010,2,5,22,1247
2010,2,5,23,1316
2010,2,6,0,1463
2010,2,6,1,1640
2010,2,6,2,1784
2010,2,6,3,1876
2010,2,6,4,1951
2010,2,6,5,2010
2010,2,6,6,2015
2010,2,6,7,1917
2010,2,6,8,1742
2010,2,6,9,1569
2010,2,6,10,1472
2010,2,6,11,1476
2010,2,6,12,1555
2010,2,6,13,1630
2010,2,6,14,1678
2010,2,6,15,1691
2010,2,6,16,1701
2010,2,6,17,1716
2010,2,6,18,1706
2010,2,6,19,1633
2010,2,6,20,1494
2010,2,6,21,1356
2010,2,6,22,1288
2010,2,6,23,1316
2010,2,7,0,1427
2010,2,7,1,1570
2010,2,7,2,1699
2010,2,7,3,1796
2010,2,7,4,1859
2010,2,7,5,1919
2010,2,7,6,1972
2010,2,7,7,1985
2010,2,7,8,1916
2010,2,7,9,1788
2010,2,7,10,1639
2010,2,7,11,1537
2010,2,7,12,1515
2010,2,7,13,1534
2010,2,7,14,1573
2010,2,7,15,1592
2010,2,7,16,1598
2010,2,7,17,1608
2010,2,7,18,1625
2010,2,7,19,1633
2010,2,7,20,1603
2010,2,7,21,1516
2010,2,7,22,1424
2010,2,7,23,1380
2010,2,8,0,1399
2010,2,8,1,1476
2010,2,8,2,1579
2010,2,8,3,1666
2010,2,8,4,1735
2010,2,8,5,1824
2010,2,8,6,1922
2010,2,8,7,1993
2010,2,8,8,2006
2010,2,8,9,1953
2010,2,8,10,1840
2010,2,8,11,1699
2010,2,8,12,1605
2010,2,8,13,1565
2010,2,8,14,1559
2010,2,8,15,1553
2010,2,8,16,1543
2010,2,8,17,1541
2010,2,8,18,1562
2010,2,8,19,1601
2010,2,8,20,1632
2010,2,8,21,1623
2010,2,8,22,1580
2010,2,8,23,1513
2010,2,9,0,1468
2010,2,9,1,1465
2010,2,9,2,1496
2010,2,9,3,1543
2010,2,9,4,1605
2010,2,9,5,1690
2010,2,9,6,1804
2010,2,9,7,1915
2010,2,9,8,1991
2010,2,9,9,2010
2010,2,9,10,1952
2010,2,9,11,1836
2010,2,9,12,1713
2010,2,9,13,1602
2010,2,9,14,1531
2010,2,9,15,1485
2010,2,9,16,1463
2010,2,9,17,1457
2010,2,9,18,1487
2010,2,9,19,1546
2010,2,9,20,1611
2010,2,9,21,1656
2010,2,9,22,1661
2010,2,9,23,1619
2010,2,10,0,1562
2010,2,10,1,1513
2010,2,10,2,1464
2010,2,10,3,1454
2010,2,10,4,1486
2010,2,10,5,1579
2010,2,10,6,1716
2010,2,10,7,1861
2010,2,10,8,1988
2010,2,10,9,2054
2010,2,10,10,2055
2010,2,10,11,1991
2010,2,10,12,1866
2010,2,10,13,1710
2010,2,10,14,1565
2010,2,10,15,1437
2010,2,10,16,1358
2010,2,10,17,1333
2010,2,10,18,1372
2010,2,10,19,1457
2010,2,10,20,1565
2010,2,10,21,1659
2010,2,10,22,1715
2010,2,10,23,1708
2010,2,11,0,1642
2010,2,11,1,1546
2010,2,11,2,1447
2010,2,11,3,1393
2010,2,11,4,1391
2010,2,11,5,1445
2010,2,11,6,1563
2010,2,11,7,1729
2010,2,11,8,1911
2010,2,11,9,2060
2010,2,11,10,2141
2010,2,11,11,2126
2010,2,11,12,2019
2010,2,11,13,1859
2010,2,11,14,1673
2010,2,11,15,1494
2010,2,11,16,1358
2010,2,11,17,1291
2010,2,11,18,1305
2010,2,11,19,1395
2010,2,11,20,1528
2010,2,11,21,1665
2010,2,11,22,1779
2010,2,11,23,1825
2010,2,12,0,1783
2010,2,12,1,1680
2010,2,12,2,1532
2010,2,12,3,1396
2010,2,12,4,1316
2010,2,12,5,1328
2010,2,12,6,1425
2010,2,12,7,1590
2010,2,12,8,1784
2010,2,12,9,1963
2010,2,12,10,2091
2010,2,12,11,2147
2010,2,12,12,2107
2010,2,12,13,1966
2010,2,12,14,1756
2010,2,12,15,1522
2010,2,12,16,1323
2010,2,12,17,1211
2010,2,12,18,1213
2010,2,12,19,1309
2010,2,12,20,1459
2010,2,12,21,1626
2010,2,12,22,1772
2010,2,12,23,1860
2010,2,13,0,1872
2010,2,13,1,1796
2010,2,13,2,1643
2010,2,13,3,1458
2010,2,13,4,1306
2010,2,13,5,1255
2010,2,13,6,1318
2010,2,13,7,1470
2010,2,13,8,1680
2010,2,13,9,1903
2010,2,13,10,2091
2010,2,13,11,2204
2010,2,13,12,2221
2010,2,13,13,2131
2010,2,13,14,1928
2010,2,13,15,1671
2010,2,13,16,1421
2010,2,13,17,1259
2010,2,13,18,1216
2010,2,13,19,1282
2010,2,13,20,1420
2010,2,13,21,1597
2010,2,13,22,1782
2010,2,13,23,1929
2010,2,14,0,1998
2010,2,14,1,1963
2010,2,14,2,1817
2010,2,14,3,1599
2010,2,14,4,1393
2010,2,14,5,1276
2010,2,14,6,1286
2010,2,14,7,1397
2010,2,14,8,1574
2010,2,14,9,1800
2010,2,14,10,2023
2010,2,14,11,2197
2010,2,14,12,2265
2010,2,14,13,2202
2010,2,14,14,2027
2010,2,14,15,1778
2010,2,14,16,1518
2010,2,14,17,1314
2010,2,14,18,1209
2010,2,14,19,1231
2010,2,14,20,1344
2010,2,14,21,1514
2010,2,14,22,1711
2010,2,14,23,1884
2010,2,15,0,1999
2010,2,15,1,2022
2010,2,15,2,1935
2010,2,15,3,1739
2010,2,15,4,1493
2010,2,15,5,1300
2010,2,15,6,1236
2010,2,15,7,1300
2010,2,15,8,1457
2010,2,15,9,1664
2010,2,15,10,1891
2010,2,15,11,2088
2010,2,15,12,2208
2010,2,15,13,2214
2010,2,15,14,2099
2010,2,15,15,1867
2010,2,15,16,1589
2010,2,15,17,1349
2010,2,15,18,1194
2010,2,15,19,1171
2010,2,15,20,1266
2010,2,15,21,1431
2010,2,15,22,1652
2010,2,15,23,1868
2010,2,16,0,2037
2010,2,16,1,2106
2010,2,16,2,2058
2010,2,16,3,1897
2010,2,16,4,1659
2010,2,16,5,1443
2010,2,16,6,1306
2010,2,16,7,1286
2010,2,16,8,1394
2010,2,16,9,1588
2010,2,16,10,1822
2010,2,16,11,2026
2010,2,16,12,2167
2010,2,16,13,2222
2010,2,16,14,2159
2010,2,16,15,2007
2010,2,16,16,1742
2010,2,16,17,1489
2010,2,16,18,1272
2010,2,16,19,1180
2010,2,16,20,1239
2010,2,16,21,1407
2010,2,16,22,1637
2010,2,16,23,1863
2010,2,17,0,2042
2010,2,17,1,2133
2010,2,17,2,2109
2010,2,17,3,1989
2010,2,17,4,1795
2010,2,17,5,1571
2010,2,17,6,1394
2010,2,17,7,1314
2010,2,17,8,1352
2010,2,17,9,1486
2010,2,17,10,1697
2010,2,17,11,1923
2010,2,17,12,2100
2010,2,17,13,2195
2010,2,17,14,2181
2010,2,17,15,2058
2010,2,17,16,1845
2010,2,17,17,1588
2010,2,17,18,1350
2010,2,17,19,1217
2010,2,17,20,1229
2010,2,17,21,1345
2010,2,17,22,1543
2010,2,17,23,1783
2010,2,18,0,1994
2010,2,18,1,2139
2010,2,18,2,2179
2010,2,18,3,2102
2010,2,18,4,1928
2010,2,18,5,1698
2010,2,18,6,1485
2010,2,18,7,1341
2010,2,18,8,1315
2010,2,18,9,1407
2010,2,18,10,1576
2010,2,18,11,1775
2010,2,18,12,1963
2010,2,18,13,2092
2010,2,18,14,2114
2010,2,18,15,2028
2010,2,18,16,1855
2010,2,18,17,1627
2010,2,18,18,1392
2010,2,18,19,1221
2010,2,18,20,1166
2010,2,18,21,1243
2010,2,18,22,1432
2010,2,18,23,1675
2010,2,19,0,1900
2010,2,19,1,2057
2010,2,19,2,2136
2010,2,19,3,2121
2010,2,19,4,2012
2010,2,19,5,1832
2010,2,19,6,1609
2010,2,19,7,1414
2010,2,19,8,1317
2010,2,19,9,1345
2010,2,19,10,1475
2010,2,19,11,1660
2010,2,19,12,1837
2010,2,19,13,1963
2010,2,19,14,2025
2010,2,19,15,2002
2010,2,19,16,1885
2010,2,19,17,1700
2010,2,19,18,1478
2010,2,19,19,1284
2010,2,19,20,1186
2010,2,19,21,1211
2010,2,19,22,1348
2010,2,19,23,1551
2010,2,20,0,1786
2010,2,20,1,1979
2010,2,20,2,2095
2010,2,20,3,2130
2010,2,20,4,2087
2010,2,20,5,1967
2010,2,20,6,1782
2010,2,20,7,1580
2010,2,20,8,1428
2010,2,20,9,1381
2010,2,20,10,1436
2010,2,20,11,1566
2010,2,20,12,1715
2010,2,20,13,1839
2010,2,20,14,1908
2010,2,20,15,1921
2010,2,20,16,1874
2010,2,20,17,1757
2010,2,20,18,1580
2010,2,20,19,1384
2010,2,20,20,1251
2010,2,20,21,1230
2010,2,20,22,1319
2010,2,20,23,1485
2010,2,21,0,1690
2010,2,21,1,1872
2010,2,21,2,2004
2010,2,21,3,2081
2010,2,21,4,2084
2010,2,21,5,2022
2010,2,21,6,1899
2010,2,21,7,1725
2010,2,21,8,1560
2010,2,21,9,1454
2010,2,21,10,1437
2010,2,21,11,1493
2010,2,21,12,1601
2010,2,21,13,1712
2010,2,21,14,1792
2010,2,21,15,1830
2010,2,21,16,1817
2010,2,21,17,1756
2010,2,21,18,1640
2010,2,21,19,1480
2010,2,21,20,1352
2010,2,21,21,1300
2010,2,21,22,1331
2010,2,21,23,1441
2010,2,22,0,1603
2010,2,22,1,1771
2010,2,22,2,1906
2010,2,22,3,2002
2010,2,22,4,2050
2010,2,22,5,2046
2010,2,22,6,1991
2010,2,22,7,1882
2010,2,22,8,1742
2010,2,22,9,1614
2010,2,22,10,1541
2010,2,22,11,1521
2010,2,22,12,1550
2010,2,22,13,1610
2010,2,22,14,1666
2010,2,22,15,1703
2010,2,22,16,1726
2010,2,22,17,1717
2010,2,22,18,1667
2010,2,22,19,1571
2010,2,22,20,1465
2010,2,22,21,1388
2010,2,22,22,1366
2010,2,22,23,1414
2010,2,23,0,1500
2010,2,23,1,1622
2010,2,23,2,1756
2010,2,23,3,1877
2010,2,23,4,1969
2010,2,23,5,2021
2010,2,23,6,2034
2010,2,23,7,1998
2010,2,23,8,1913
2010,2,23,9,1809
2010,2,23,10,1715
2010,2,23,11,1652
2010,2,23,12,1614
2010,2,23,13,1595
2010,2,23,14,1589
2010,2,23,15,1602
2010,2,23,16,1633
2010,2,23,17,1672
2010,2,23,18,1681
2010,2,23,19,1650
2010,2,23,20,1592
2010,2,23,21,1522
2010,2,23,22,1473
2010,2,23,23,1457
2010,2,24,0,1480
2010,2,24,1,1544
2010,2,24,2,1634
2010,2,24,3,1732
2010,2,24,4,1839
2010,2,24,5,1945
2010,2,24,6,2027
2010,2,24,7,2077
2010,2,24,8,2067
2010,2,24,9,2003
2010,2,24,10,1904
2010,2,24,11,1784
2010,2,24,12,1673
2010,2,24,13,1566
2010,2,24,14,1500
2010,2,24,15,1472
2010,2,24,16,1487
2010,2,24,17,1538
2010,2,24,18,1599
2010,2,24,19,1652
2010,2,24,20,1677
2010,2,24,21,1657
2010,2,24,22,1612
2010,2,24,23,1554
2010,2,25,0,1501
2010,2,25,1,1469
2010,2,25,2,1483
2010,2,25,3,1546
2010,2,25,4,1647
2010,2,25,5,1784
2010,2,25,6,1939
2010,2,25,7,2086
2010,2,25,8,2181
2010,2,25,9,2196
2010,2,25,10,2128
2010,2,25,11,2004
2010,2,25,12,1854
2010,2,25,13,1687
2010,2,25,14,1533
2010,2,25,15,1428
2010,2,25,16,1388
2010,2,25,17,1419
2010,2,25,18,1508
2010,2,25,19,1626
2010,2,25,20,1742
2010,2,25,21,1814
2010,2,25,22,1824
2010,2,25,23,1775
2010,2,26,0,1674
2010,2,26,1,1550
2010,2,26,2,1458
2010,2,26,3,1430
2010,2,26,4,1475
2010,2,26,5,1594
2010,2,26,6,1772
2010,2,26,7,1969
2010,2,26,8,2158
2010,2,26,9,2290
2010,2,26,10,2326
2010,2,26,11,2250
2010,2,26,12,2067
2010,2,26,13,1826
2010,2,26,14,1590
2010,2,26,15,1423
2010,2,26,16,1333
2010,2,26,17,1330
2010,2,26,18,1392
2010,2,26,19,1514
2010,2,26,20,1688
2010,2,26,21,1864
2010,2,26,22,1962
2010,2,26,23,1974
2010,2,27,0,1895
2010,2,27,1,1713
2010,2,27,2,1514
2010,2,27,3,1367
2010,2,27,4,1324
2010,2,27,5,1388
2010,2,27,6,1552
2010,2,27,7,1774
2010,2,27,8,2015
2010,2,27,9,2238
2010,2,27,10,2390
2010,2,27,11,2427
2010,2,27,12,2320
2010,2,27,13,2096
2010,2,27,14,1814
2010,2,27,15,1525
2010,2,27,16,1316
2010,2,27,17,1239
2010,2,27,18,1279
2010,2,27,19,1406
2010,2,27,20,1601
2010,2,27,21,1830
2010,2,27,22,2025
2010,2,27,23,2125
2010,2,28,0,2099
2010,2,28,1,1940
2010,2,28,2,1701
2010,2,28,3,1470
2010,2,28,4,1302
2010,2,28,5,1252
2010,2,28,6,1339
2010,2,28,7,1537
2010,2,28,8,1795
2010,2,28,9,2078
2010,2,28,10,2331
2010,2,28,11,2468
2010,2,28,12,2457
2010,2,28,13,2285
2010,2,28,14,2001
2010,2,28,15,1663
2010,2,28,16,1371
2010,2,28,17,1204
2010,2,28,18,1160
2010,2,28,19,1243
2010,2,28,20,1434
2010,2,28,21,1713
2010,2,28,22,1997
2010,2,28,23,2203
2010,3,1,0,2270
2010,3,1,1,2172
2010,3,1,2,1948
2010,3,1,3,1663
2010,3,1,4,1405
2010,3,1,5,1235
2010,3,1,6,1216
2010,3,1,7,1330
2010,3,1,8,1547
2010,3,1,9,1842
2010,3,1,10,2142
2010,3,1,11,2374
2010,3,1,12,2464
2010,3,1,13,2393
2010,3,1,14,2180
2010,3,1,15,1857
2010,3,1,16,1513
2010,3,1,17,1244
2010,3,1,18,1119
2010,3,1,19,1135
2010,3,1,20,1290
2010,3,1,21,1561
2010,3,1,22,1888
2010,3,1,23,2177
2010,3,2,0,2370
2010,3,2,1,2398
2010,3,2,2,2254
2010,3,2,3,1983
2010,3,2,4,1655
2010,3,2,5,1365
2010,3,2,6,1209
2010,3,2,7,1218
2010,3,2,8,1366
2010,3,2,9,1617
2010,3,2,10,1908
2010,3,2,11,2163
2010,3,2,12,2332
2010,3,2,13,2384
2010,3,2,14,2284
2010,3,2,15,2060
2010,3,2,16,1696
2010,3,2,17,1380
2010,3,2,18,1144
2010,3,2,19,1083
2010,3,2,20,1184
2010,3,2,21,1408
2010,3,2,22,1722
2010,3,2,23,2038
2010,3,3,0,2275
2010,3,3,1,2392
2010,3,3,2,2354
2010,3,3,3,2169
2010,3,3,4,1871
2010,3,3,5,1545
2010,3,3,6,1296
2010,3,3,7,1186
2010,3,3,8,1222
2010,3,3,9,1382
2010,3,3,10,1632
2010,3,3,11,1893
2010,3,3,12,2095
2010,3,3,13,2214
2010,3,3,14,2221
2010,3,3,15,2090
2010,3,3,16,1834
2010,3,3,17,1520
2010,3,3,18,1245
2010,3,3,19,1099
2010,3,3,20,1129
2010,3,3,21,1300
2010,3,3,22,1562
2010,3,3,23,1862
2010,3,4,0,2123
2010,3,4,1,2312
2010,3,4,2,2390
2010,3,4,3,2322
2010,3,4,4,2102
2010,3,4,5,1797
2010,3,4,6,1499
2010,3,4,7,1294
2010,3,4,8,1229
2010,3,4,9,1299
2010,3,4,10,1488
2010,3,4,11,1726
2010,3,4,12,1934
2010,3,4,13,2074
2010,3,4,14,2132
2010,3,4,15,2084
2010,3,4,16,1923
2010,3,4,17,1677
2010,3,4,18,1409
2010,3,4,19,1194
2010,3,4,20,1135
2010,3,4,21,1234
2010,3,4,22,1434
2010,3,4,23,1693
2010,3,5,0,1960
2010,3,5,1,2180
2010,3,5,2,2315
2010,3,5,3,2332
2010,3,5,4,2215
2010,3,5,5,1984
2010,3,5,6,1708
2010,3,5,7,1464
2010,3,5,8,1318
2010,3,5,9,1296
2010,3,5,10,1386
2010,3,5,11,1550
2010,3,5,12,1727
2010,3,5,13,1852
2010,3,5,14,1960
2010,3,5,15,1986
2010,3,5,16,1914
2010,3,5,17,1764
2010,3,5,18,1549
2010,3,5,19,1344
2010,3,5,20,1224
2010,3,5,21,1223
2010,3,5,22,1352
2010,3,5,23,1565
2010,3,6,0,1811
2010,3,6,1,2024
2010,3,6,2,2160
2010,3,6,3,2233
2010,3,6,4,2218
2010,3,6,5,2105
2010,3,6,6,1901
2010,3,6,7,1667
2010,3,6,8,1480
2010,3,6,9,1387
2010,3,6,10,1407
2010,3,6,11,1503
2010,3,6,12,1638
2010,3,6,13,1746
2010,3,6,14,1809
2010,3,6,15,1835
2010,3,6,16,1834
2010,3,6,17,1754
2010,3,6,18,1608
2010,3,6,19,1451
2010,3,6,20,1324
2010,3,6,21,1287
2010,3,6,22,1340
2010,3,6,23,1473
2010,3,7,0,1648
2010,3,7,1,1819
2010,3,7,2,1955
2010,3,7,3,2058
2010,3,7,4,2110
2010,3,7,5,2095
2010,3,7,6,2004
2010,3,7,7,1844
2010,3,7,8,1658
2010,3,7,9,1522
2010,3,7,10,1489
2010,3,7,11,1517
2010,3,7,12,1578
2010,3,7,13,1656
2010,3,7,14,1721
2010,3,7,15,1751
2010,3,7,16,1757
2010,3,7,17,1745
2010,3,7,18,1683
2010,3,7,19,1580
2010,3,7,20,1478
2010,3,7,21,1404
2010,3,7,22,1388
2010,3,7,23,1452
2010,3,8,0,1571
2010,3,8,1,1721
2010,3,8,2,1858
2010,3,8,3,1959
2010,3,8,4,2031
2010,3,8,5,2071
2010,3,8,6,2066
2010,3,8,7,1987
2010,3,8,8,1863
2010,3,8,9,1736
2010,3,8,10,1646
2010,3,8,11,1615
2010,3,8,12,1625
2010,3,8,13,1661
2010,3,8,14,1679
2010,3,8,15,1678
2010,3,8,16,1686
2010,3,8,17,1694
2010,3,8,18,1695
2010,3,8,19,1676
2010,3,8,20,1622
2010,3,8,21,1554
2010,3,8,22,1518
2010,3,8,23,1521
2010,3,9,0,1569
2010,3,9,1,1654
2010,3,9,2,1746
2010,3,9,3,1827
2010,3,9,4,1894
2010,3,9,5,1955
2010,3,9,6,2020
2010,3,9,7,2040
2010,3,9,8,1997
2010,3,9,9,1915
2010,3,9,10,1814
2010,3,9,11,1718
2010,3,9,12,1659
2010,3,9,13,1639
2010,3,9,14,1637
2010,3,9,15,1619
2010,3,9,16,1606
2010,3,9,17,1618
2010,3,9,18,1651
2010,3,9,19,1691
2010,3,9,20,1717
2010,3,9,21,1702
2010,3,9,22,1658
2010,3,9,23,1621
2010,3,10,0,1602
2010,3,10,1,1609
2010,3,10,2,1652
2010,3,10,3,1716
2010,3,10,4,1782
2010,3,10,5,1859
2010,3,10,6,1947
2010,3,10,7,2027
2010,3,10,8,2074
2010,3,10,9,2069
2010,3,10,10,2016
2010,3,10,11,1916
2010,3,10,12,1791
2010,3,10,13,1695
2010,3,10,14,1637
2010,3,10,15,1607
2010,3,10,16,1599
2010,3,10,17,1610
2010,3,10,18,1662
2010,3,10,19,1745
2010,3,10,20,1821
2010,3,10,21,1851
2010,3,10,22,1830
2010,3,10,23,1776
2010,3,11,0,1710
2010,3,11,1,1662
2010,3,11,2,1646
2010,3,11,3,1662
2010,3,11,4,1704
2010,3,11,5,1784
2010,3,11,6,1906
2010,3,11,7,2024
2010,3,11,8,2122
2010,3,11,9,2168
2010,3,11,10,2146
2010,3,11,11,2064
2010,3,11,12,1924
2010,3,11,13,1782
2010,3,11,14,1666
2010,3,11,15,1593
2010,3,11,16,1566
2010,3,11,17,1567
2010,3,11,18,1614
2010,3,11,19,1701
2010,3,11,20,1808
2010,3,11,21,1906
2010,3,11,22,1941
2010,3,11,23,1911
2010,3,12,0,1816
2010,3,12,1,1717
2010,3,12,2,1623
2010,3,12,3,1560
2010,3,12,4,1551
2010,3,12,5,1597
2010,3,12,6,1710
2010,3,12,7,1850
2010,3,12,8,1992
2010,3,12,9,2115
2010,3,12,10,2172
2010,3,12,11,2131
2010,3,12,12,2018
2010,3,12,13,1848
2010,3,12,14,1683
2010,3,12,15,1540
2010,3,12,16,1457
2010,3,12,17,1444
2010,3,12,18,1486
2010,3,12,19,1584
2010,3,12,20,1722
2010,3,12,21,1864
2010,3,12,22,1964
2010,3,12,23,1983
2010,3,13,0,1912
2010,3,13,1,1771
2010,3,13,2,1621
2010,3,13,3,1509
2010,3,13,4,1456
2010,3,13,5,1477
2010,3,13,6,1574
2010,3,13,7,1721
2010,3,13,8,1895
2010,3,13,9,2055
2010,3,13,10,2167
2010,3,13,11,2181
2010,3,13,12,2098
2010,3,13,13,1926
2010,3,13,14,1713
2010,3,13,15,1522
2010,3,13,16,1400
2010,3,13,17,1374
2010,3,13,18,1423
2010,3,13,19,1528
2010,3,13,20,1687
2010,3,13,21,1864
2010,3,13,22,2014
2010,3,13,23,2080
2010,3,14,0,2040
2010,3,14,1,1907
2010,3,14,2,1727
2010,3,14,3,1561
2010,3,14,4,1451
2010,3,14,5,1430
2010,3,14,6,1499
2010,3,14,7,1636
2010,3,14,8,1825
2010,3,14,9,2016
2010,3,14,10,2159
2010,3,14,11,2220
2010,3,14,12,2174
2010,3,14,13,2034
2010,3,14,14,1827
2010,3,14,15,1596
2010,3,14,16,1410
2010,3,14,17,1322
2010,3,14,18,1333
2010,3,14,19,1432
2010,3,14,20,1607
2010,3,14,21,1817
2010,3,14,22,2003
2010,3,14,23,2115
2010,3,15,0,2133
2010,3,15,1,2044
2010,3,15,2,1869
2010,3,15,3,1651
2010,3,15,4,1464
2010,3,15,5,1370
2010,3,15,6,1391
2010,3,15,7,1498
2010,3,15,8,1674
2010,3,15,9,1881
2010,3,15,10,2075
2010,3,15,11,2203
2010,3,15,12,2222
2010,3,15,13,2114
2010,3,15,14,1914
2010,3,15,15,1639
2010,3,15,16,1419
2010,3,15,17,1269
2010,3,15,18,1251
2010,3,15,19,1350
2010,3,15,20,1543
2010,3,15,21,1789
2010,3,15,22,2011
2010,3,15,23,2156
2010,3,16,0,2205
2010,3,16,1,2141
2010,3,16,2,1977
2010,3,16,3,1760
2010,3,16,4,1544
2010,3,16,5,1386
2010,3,16,6,1345
2010,3,16,7,1407
2010,3,16,8,1566
2010,3,16,9,1789
2010,3,16,10,2005
2010,3,16,11,2164
2010,3,16,12,2223
2010,3,16,13,2163
2010,3,16,14,1992
2010,3,16,15,1740
2010,3,16,16,1473
2010,3,16,17,1283
2010,3,16,18,1224
2010,3,16,19,1298
2010,3,16,20,1478
2010,3,16,21,1719
2010,3,16,22,1951
2010,3,16,23,2130
2010,3,17,0,2228
2010,3,17,1,2224
2010,3,17,2,2115
2010,3,17,3,1911
2010,3,17,4,1655
2010,3,17,5,1431
2010,3,17,6,1326
2010,3,17,7,1357
2010,3,17,8,1486
2010,3,17,9,1678
2010,3,17,10,1890
2010,3,17,11,2065
2010,3,17,12,2164
2010,3,17,13,2168
2010,3,17,14,2063
2010,3,17,15,1857
2010,3,17,16,1597
2010,3,17,17,1369
2010,3,17,18,1245
2010,3,17,19,1245
2010,3,17,20,1377
2010,3,17,21,1602
2010,3,17,22,1860
2010,3,17,23,2087
2010,3,18,0,2226
2010,3,18,1,2271
2010,3,18,2,2207
2010,3,18,3,2043
2010,3,18,4,1808
2010,3,18,5,1558
2010,3,18,6,1378
2010,3,18,7,1319
2010,3,18,8,1384
2010,3,18,9,1557
2010,3,18,10,1788
2010,3,18,11,1988
2010,3,18,12,2113
2010,3,18,13,2154
2010,3,18,14,2097
2010,3,18,15,1944
2010,3,18,16,1707
2010,3,18,17,1452
2010,3,18,18,1276
2010,3,18,19,1236
2010,3,18,20,1338
2010,3,18,21,1535
2010,3,18,22,1785
2010,3,18,23,2030
2010,3,19,0,2214
2010,3,19,1,2314
2010,3,19,2,2303
2010,3,19,3,2183
2010,3,19,4,1968
2010,3,19,5,1710
2010,3,19,6,1483
2010,3,19,7,1346
2010,3,19,8,1337
2010,3,19,9,1442
2010,3,19,10,1624
2010,3,19,11,1832
2010,3,19,12,1999
2010,3,19,13,2090
2010,3,19,14,2085
2010,3,19,15,1973
2010,3,19,16,1780
2010,3,19,17,1545
2010,3,19,18,1348
2010,3,19,19,1251
2010,3,19,20,1295
2010,3,19,21,1459
2010,3,19,22,1696
2010,3,19,23,1952
2010,3,20,0,2161
2010,3,20,1,2291
2010,3,20,2,2327
2010,3,20,3,2272
2010,3,20,4,2116
2010,3,20,5,1885
2010,3,20,6,1630
2010,3,20,7,1441
2010,3,20,8,1375
2010,3,20,9,1434
2010,3,20,10,1578
2010,3,20,11,1745
2010,3,20,12,1907
2010,3,20,13,2005
2010,3,20,14,2038
2010,3,20,15,1993
2010,3,20,16,1865
2010,3,20,17,1666
2010,3,20,18,1476
2010,3,20,19,1343
2010,3,20,20,1326
2010,3,20,21,1427
2010,3,20,22,1596
2010,3,20,23,1802
2010,3,21,0,2015
2010,3,21,1,2190
2010,3,21,2,2291
2010,3,21,3,2296
2010,3,21,4,2204
2010,3,21,5,2031
2010,3,21,6,1809
2010,3,21,7,1602
2010,3,21,8,1479
2010,3,21,9,1451
2010,3,21,10,1525
2010,3,21,11,1665
2010,3,21,12,1805
2010,3,21,13,1901
2010,3,21,14,1955
2010,3,21,15,1971
2010,3,21,16,1913
2010,3,21,17,1783
2010,3,21,18,1611
2010,3,21,19,1454
2010,3,21,20,1376
2010,3,21,21,1403
2010,3,21,22,1531
2010,3,21,23,1714
2010,3,22,0,1906
2010,3,22,1,2069
2010,3,22,2,2187
2010,3,22,3,2260
2010,3,22,4,2263
2010,3,22,5,2170
2010,3,22,6,1997
2010,3,22,7,1791
2010,3,22,8,1622
2010,3,22,9,1536
2010,3,22,10,1542
2010,3,22,11,1611
2010,3,22,12,1686
2010,3,22,13,1776
2010,3,22,14,1843
2010,3,22,15,1872
2010,3,22,16,1873
2010,3,22,17,1820
2010,3,22,18,1694
2010,3,22,19,1557
2010,3,22,20,1460
2010,3,22,21,1423
2010,3,22,22,1476
2010,3,22,23,1605
2010,3,23,0,1762
2010,3,23,1,1909
2010,3,23,2,2024
2010,3,23,3,2113
2010,3,23,4,2164
2010,3,23,5,2152
2010,3,23,6,2059
2010,3,23,7,1892
2010,3,23,8,1718
2010,3,23,9,1599
2010,3,23,10,1544
2010,3,23,11,1554
2010,3,23,12,1608
2010,3,23,13,1665
2010,3,23,14,1716
2010,3,23,15,1748
2010,3,23,16,1773
2010,3,23,17,1772
2010,3,23,18,1733
2010,3,23,19,1647
2010,3,23,20,1549
2010,3,23,21,1477
2010,3,23,22,1457
2010,3,23,23,1507
2010,3,24,0,1622
2010,3,24,1,1759
2010,3,24,2,1881
2010,3,24,3,1975
2010,3,24,4,2050
2010,3,24,5,2106
2010,3,24,6,2124
2010,3,24,7,2069
2010,3,24,8,1956
2010,3,24,9,1817
2010,3,24,10,1707
2010,3,24,11,1656
2010,3,24,12,1632
2010,3,24,13,1628
2010,3,24,14,1633
2010,3,24,15,1650
2010,3,24,16,1689
2010,3,24,17,1753
2010,3,24,18,1801
2010,3,24,19,1796
2010,3,24,20,1743
2010,3,24,21,1668
2010,3,24,22,1602
2010,3,24,23,1563
2010,3,25,0,1586
2010,3,25,1,1639
2010,3,25,2,1725
2010,3,25,3,1818
2010,3,25,4,1912
2010,3,25,5,2018
2010,3,25,6,2116
2010,3,25,7,2167
2010,3,25,8,2146
2010,3,25,9,2049
2010,3,25,10,1931
2010,3,25,11,1812
2010,3,25,12,1707
2010,3,25,13,1628
2010,3,25,14,1564
2010,3,25,15,1556
2010,3,25,16,1602
2010,3,25,17,1679
2010,3,25,18,1774
2010,3,25,19,1860
2010,3,25,20,1896
2010,3,25,21,1877
2010,3,25,22,1816
2010,3,25,23,1720
2010,3,26,0,1641
2010,3,26,1,1602
2010,3,26,2,1601
2010,3,26,3,1658
2010,3,26,4,1756
2010,3,26,5,1885
2010,3,26,6,2031
2010,3,26,7,2154
2010,3,26,8,2228
2010,3,26,9,2228
2010,3,26,10,2154
2010,3,26,11,2018
2010,3,26,12,1844
2010,3,26,13,1665
2010,3,26,14,1527
2010,3,26,15,1459
2010,3,26,16,1468
2010,3,26,17,1545
2010,3,26,18,1669
2010,3,26,19,1823
2010,3,26,20,1960
2010,3,26,21,2040
2010,3,26,22,2033
2010,3,26,23,1938
2010,3,27,0,1786
2010,3,27,1,1637
2010,3,27,2,1545
2010,3,27,3,1525
2010,3,27,4,1561
2010,3,27,5,1650
2010,3,27,6,1810
2010,3,27,7,2005
2010,3,27,8,2188
2010,3,27,9,2306
2010,3,27,10,2310
2010,3,27,11,2199
2010,3,27,12,2009
2010,3,27,13,1793
2010,3,27,14,1577
2010,3,27,15,1408
2010,3,27,16,1350
2010,3,27,17,1394
2010,3,27,18,1529
2010,3,27,19,1720
2010,3,27,20,1932
2010,3,27,21,2107
2010,3,27,22,2186
2010,3,27,23,2155
2010,3,28,0,2029
2010,3,28,1,1855
2010,3,28,2,1666
2010,3,28,3,1516
2010,3,28,4,1455
2010,3,28,5,1500
2010,3,28,6,1644
2010,3,28,7,1849
2010,3,28,8,2078
2010,3,28,9,2283
2010,3,28,10,2391
2010,3,28,11,2374
2010,3,28,12,2222
2010,3,28,13,1971
2010,3,28,14,1701
2010,3,28,15,1486
2010,3,28,16,1353
2010,3,28,17,1329
2010,3,28,18,1426
2010,3,28,19,1635
2010,3,28,20,1900
2010,3,28,21,2149
2010,3,28,22,2328
2010,3,28,23,2376
2010,3,29,0,2280
2010,3,29,1,2075
2010,3,29,2,1820
2010,3,29,3,1568
2010,3,29,4,1413
2010,3,29,5,1382
2010,3,29,6,1462
2010,3,29,7,1639
2010,3,29,8,1867
2010,3,29,9,2098
2010,3,29,10,2289
2010,3,29,11,2390
2010,3,29,12,2350
2010,3,29,13,2153
2010,3,29,14,1860
2010,3,29,15,1562
2010,3,29,16,1344
2010,3,29,17,1255
2010,3,29,18,1301
2010,3,29,19,1455
2010,3,29,20,1705
2010,3,29,21,2009
2010,3,29,22,2298
2010,3,29,23,2485
2010,3,30,0,2512
2010,3,30,1,2363
2010,3,30,2,2065
2010,3,30,3,1734
2010,3,30,4,1474
2010,3,30,5,1334
2010,3,30,6,1333
2010,3,30,7,1439
2010,3,30,8,1636
2010,3,30,9,1888
2010,3,30,10,2138
2010,3,30,11,2335
2010,3,30,12,2403
2010,3,30,13,2315
2010,3,30,14,2077
2010,3,30,15,1755
2010,3,30,16,1453
2010,3,30,17,1266
2010,3,30,18,1241
2010,3,30,19,1362
2010,3,30,20,1594
2010,3,30,21,1895
2010,3,30,22,2206
2010,3,30,23,2456
2010,3,31,0,2589
2010,3,31,1,2564
2010,3,31,2,2373
2010,3,31,3,2058
2010,3,31,4,1721
2010,3,31,5,1469
2010,3,31,6,1344
2010,3,31,7,1371
2010,3,31,8,1498
2010,3,31,9,1706
2010,3,31,10,1950
2010,3,31,11,2190
2010,3,31,12,2364
2010,3,31,13,2393
2010,3,31,14,2243
2010,3,31,15,1972
2010,3,31,16,1668
2010,3,31,17,1381
2010,3,31,18,1276
2010,3,31,19,1312
2010,3,31,20,1466
2010,3,31,21,1722
2010,3,31,22,2036
2010,3,31,23,2343
2010,4,1,0,2567
2010,4,1,1,2656
2010,4,1,2,2573
2010,4,1,3,2329
2010,4,1,4,1984
2010,4,1,5,1639
2010,4,1,6,1407
2010,4,1,7,1329
2010,4,1,8,1382
2010,4,1,9,1551
2010,4,1,10,1768
2010,4,1,11,1986
2010,4,1,12,2177
2010,4,1,13,2293
2010,4,1,14,2294
2010,4,1,15,2150
2010,4,1,16,1874
2010,4,1,17,1559
2010,4,1,18,1340
2010,4,1,19,1297
2010,4,1,20,1399
2010,4,1,21,1613
2010,4,1,22,1889
2010,4,1,23,2172
2010,4,2,0,2415
2010,4,2,1,2569
2010,4,2,2,2592
2010,4,2,3,2468
2010,4,2,4,2206
2010,4,2,5,1881
2010,4,2,6,1596
2010,4,2,7,1415
2010,4,2,8,1386
2010,4,2,9,1482
2010,4,2,10,1647
2010,4,2,11,1835
2010,4,2,12,2013
2010,4,2,13,2140
2010,4,2,14,2188
2010,4,2,15,2132
2010,4,2,16,1957
2010,4,2,17,1697
2010,4,2,18,1472
2010,4,2,19,1355
2010,4,2,20,1376
2010,4,2,21,1504
2010,4,2,22,1720
2010,4,2,23,1984
2010,4,3,0,2219
2010,4,3,1,2408
2010,4,3,2,2507
2010,4,3,3,2486
2010,4,3,4,2329
2010,4,3,5,2064
2010,4,3,6,1779
2010,4,3,7,1568
2010,4,3,8,1486
2010,4,3,9,1507
2010,4,3,10,1598
2010,4,3,11,1733
2010,4,3,12,1896
2010,4,3,13,2050
2010,4,3,14,2145
2010,4,3,15,2143
2010,4,3,16,2037
2010,4,3,17,1845
2010,4,3,18,1637
2010,4,3,19,1496
2010,4,3,20,1455
2010,4,3,21,1515
2010,4,3,22,1647
2010,4,3,23,1841
2010,4,4,0,2052
2010,4,4,1,2251
2010,4,4,2,2396
2010,4,4,3,2451
2010,4,4,4,2396
2010,4,4,5,2232
2010,4,4,6,1987
2010,4,4,7,1756
2010,4,4,8,1604
2010,4,4,9,1570
2010,4,4,10,1617
2010,4,4,11,1729
2010,4,4,12,1862
2010,4,4,13,1965
2010,4,4,14,2027
2010,4,4,15,2054
2010,4,4,16,2038
2010,4,4,17,1952
2010,4,4,18,1811
2010,4,4,19,1654
2010,4,4,20,1557
2010,4,4,21,1549
2010,4,4,22,1624
2010,4,4,23,1752
2010,4,5,0,1917
2010,4,5,1,2093
2010,4,5,2,2246
2010,4,5,3,2333
2010,4,5,4,2342
2010,4,5,5,2272
2010,4,5,6,2133
2010,4,5,7,1958
2010,4,5,8,1786
2010,4,5,9,1690
2010,4,5,10,1677
2010,4,5,11,1712
2010,4,5,12,1800
2010,4,5,13,1882
2010,4,5,14,1925
2010,4,5,15,1966
2010,4,5,16,1991
2010,4,5,17,1976
2010,4,5,18,1901
2010,4,5,19,1780
2010,4,5,20,1660
2010,4,5,21,1591
2010,4,5,22,1613
2010,4,5,23,1711
2010,4,6,0,1847
2010,4,6,1,1979
2010,4,6,2,2073
2010,4,6,3,2133
2010,4,6,4,2178
2010,4,6,5,2215
2010,4,6,6,2196
2010,4,6,7,2097
2010,4,6,8,1949
2010,4,6,9,1822
2010,4,6,10,1750
2010,4,6,11,1736
2010,4,6,12,1769
2010,4,6,13,1820
2010,4,6,14,1843
2010,4,6,15,1857
2010,4,6,16,1886
2010,4,6,17,1907
2010,4,6,18,1914
2010,4,6,19,1876
2010,4,6,20,1790
2010,4,6,21,1696
2010,4,6,22,1664
2010,4,6,23,1689
2010,4,7,0,1748
2010,4,7,1,1844
2010,4,7,2,1924
2010,4,7,3,1994
2010,4,7,4,2063
2010,4,7,5,2123
2010,4,7,6,2147
2010,4,7,7,2116
2010,4,7,8,2033
2010,4,7,9,1925
2010,4,7,10,1829
2010,4,7,11,1769
2010,4,7,12,1748
2010,4,7,13,1741
2010,4,7,14,1737
2010,4,7,15,1739
2010,4,7,16,1765
2010,4,7,17,1804
2010,4,7,18,1837
2010,4,7,19,1854
2010,4,7,20,1827
2010,4,7,21,1771
2010,4,7,22,1717
2010,4,7,23,1691
2010,4,8,0,1701
2010,4,8,1,1740
2010,4,8,2,1784
2010,4,8,3,1837
2010,4,8,4,1897
2010,4,8,5,1959
2010,4,8,6,2019
2010,4,8,7,2059
2010,4,8,8,2057
2010,4,8,9,2006
2010,4,8,10,1927
2010,4,8,11,1837
2010,4,8,12,1764
2010,4,8,13,1706
2010,4,8,14,1682
2010,4,8,15,1682
2010,4,8,16,1700
2010,4,8,17,1740
2010,4,8,18,1804
2010,4,8,19,1894
2010,4,8,20,1953
2010,4,8,21,1949
2010,4,8,22,1902
2010,4,8,23,1830
2010,4,9,0,1768
2010,4,9,1,1741
2010,4,9,2,1752
2010,4,9,3,1774
2010,4,9,4,1817
2010,4,9,5,1887
2010,4,9,6,1970
2010,4,9,7,2046
2010,4,9,8,2106
2010,4,9,9,2125
2010,4,9,10,2081
2010,4,9,11,1985
2010,4,9,12,1865
2010,4,9,13,1747
2010,4,9,14,1665
2010,4,9,15,1652
2010,4,9,16,1677
2010,4,9,17,1725
2010,4,9,18,1816
2010,4,9,19,1926
2010,4,9,20,2028
2010,4,9,21,2089
2010,4,9,22,2089
2010,4,9,23,2016
2010,4,10,0,1906
2010,4,10,1,1799
2010,4,10,2,1741
2010,4,10,3,1723
2010,4,10,4,1720
2010,4,10,5,1781
2010,4,10,6,1878
2010,4,10,7,2000
2010,4,10,8,2121
2010,4,10,9,2202
2010,4,10,10,2202
2010,4,10,11,2123
2010,4,10,12,1985
2010,4,10,13,1820
2010,4,10,14,1689
2010,4,10,15,1625
2010,4,10,16,1624
2010,4,10,17,1674
2010,4,10,18,1772
2010,4,10,19,1903
2010,4,10,20,2030
2010,4,10,21,2130
2010,4,10,22,2167
2010,4,10,23,2112
2010,4,11,0,1991
2010,4,11,1,1852
2010,4,11,2,1733
2010,4,11,3,1652
2010,4,11,4,1617
2010,4,11,5,1648
2010,4,11,6,1739
2010,4,11,7,1865
2010,4,11,8,2002
2010,4,11,9,2109
2010,4,11,10,2158
2010,4,11,11,2127
2010,4,11,12,2013
2010,4,11,13,1842
2010,4,11,14,1668
2010,4,11,15,1543
2010,4,11,16,1494
2010,4,11,17,1534
2010,4,11,18,1647
2010,4,11,19,1805
2010,4,11,20,1974
2010,4,11,21,2128
2010,4,11,22,2237
2010,4,11,23,2259
2010,4,12,0,2168
2010,4,12,1,2003
2010,4,12,2,1819
2010,4,12,3,1673
2010,4,12,4,1597
2010,4,12,5,1599
2010,4,12,6,1670
2010,4,12,7,1787
2010,4,12,8,1952
2010,4,12,9,2120
2010,4,12,10,2242
2010,4,12,11,2265
2010,4,12,12,2167
2010,4,12,13,1980
2010,4,12,14,1755
2010,4,12,15,1585
2010,4,12,16,1501
2010,4,12,17,1520
2010,4,12,18,1619
2010,4,12,19,1781
2010,4,12,20,1974
2010,4,12,21,2160
2010,4,12,22,2324
2010,4,12,23,2392
2010,4,13,0,2326
2010,4,13,1,2161
2010,4,13,2,1946
2010,4,13,3,1741
2010,4,13,4,1590
2010,4,13,5,1536
2010,4,13,6,1576
2010,4,13,7,1692
2010,4,13,8,1862
2010,4,13,9,2043
2010,4,13,10,2196
2010,4,13,11,2271
2010,4,13,12,2242
2010,4,13,13,2084
2010,4,13,14,1857
2010,4,13,15,1633
2010,4,13,16,1480
2010,4,13,17,1444
2010,4,13,18,1523
2010,4,13,19,1690
2010,4,13,20,1885
2010,4,13,21,2096
2010,4,13,22,2296
2010,4,13,23,2425
2010,4,14,0,2439
2010,4,14,1,2336
2010,4,14,2,2117
2010,4,14,3,1851
2010,4,14,4,1628
2010,4,14,5,1496
2010,4,14,6,1481
2010,4,14,7,1560
2010,4,14,8,1702
2010,4,14,9,1888
2010,4,14,10,2072
2010,4,14,11,2213
2010,4,14,12,2271
2010,4,14,13,2181
2010,4,14,14,1982
2010,4,14,15,1734
2010,4,14,16,1518
2010,4,14,17,1414
2010,4,14,18,1445
2010,4,14,19,1585
2010,4,14,20,1797
2010,4,14,21,2051
2010,4,14,22,2289
2010,4,14,23,2446
2010,4,15,0,2494
2010,4,15,1,2422
2010,4,15,2,2236
2010,4,15,3,1987
2010,4,15,4,1731
2010,4,15,5,1532
2010,4,15,6,1449
2010,4,15,7,1473
2010,4,15,8,1605
2010,4,15,9,1784
2010,4,15,10,1978
2010,4,15,11,2130
2010,4,15,12,2216
2010,4,15,13,2187
2010,4,15,14,2039
2010,4,15,15,1818
2010,4,15,16,1586
2010,4,15,17,1421
2010,4,15,18,1391
2010,4,15,19,1488
2010,4,15,20,1676
2010,4,15,21,1926
2010,4,15,22,2185
2010,4,15,23,2389
2010,4,16,0,2511
2010,4,16,1,2525
2010,4,16,2,2409
2010,4,16,3,2176
2010,4,16,4,1888
2010,4,16,5,1633
2010,4,16,6,1479
2010,4,16,7,1455
2010,4,16,8,1529
2010,4,16,9,1670
2010,4,16,10,1860
2010,4,16,11,2054
2010,4,16,12,2191
2010,4,16,13,2216
2010,4,16,14,2126
2010,4,16,15,1935
2010,4,16,16,1693
2010,4,16,17,1488
2010,4,16,18,1399
2010,4,16,19,1449
2010,4,16,20,1601
2010,4,16,21,1825
2010,4,16,22,2101
2010,4,16,23,2343
2010,4,17,0,2495
2010,4,17,1,2551
2010,4,17,2,2482
2010,4,17,3,2293
2010,4,17,4,2030
2010,4,17,5,1762
2010,4,17,6,1555
2010,4,17,7,1459
2010,4,17,8,1483
2010,4,17,9,1600
2010,4,17,10,1770
2010,4,17,11,1947
2010,4,17,12,2094
2010,4,17,13,2163
2010,4,17,14,2138
2010,4,17,15,2016
2010,4,17,16,1806
2010,4,17,17,1571
2010,4,17,18,1406
2010,4,17,19,1380
2010,4,17,20,1473
2010,4,17,21,1664
2010,4,17,22,1919
2010,4,17,23,2169
2010,4,18,0,2369
2010,4,18,1,2476
2010,4,18,2,2487
2010,4,18,3,2395
2010,4,18,4,2193
2010,4,18,5,1936
2010,4,18,6,1686
2010,4,18,7,1517
2010,4,18,8,1457
2010,4,18,9,1508
2010,4,18,10,1646
2010,4,18,11,1825
2010,4,18,12,1978
2010,4,18,13,2061
2010,4,18,14,2071
2010,4,18,15,2014
2010,4,18,16,1873
2010,4,18,17,1679
2010,4,18,18,1499
2010,4,18,19,1402
2010,4,18,20,1416
2010,4,18,21,1536
2010,4,18,22,1757
2010,4,18,23,2010
2010,4,19,0,2241
2010,4,19,1,2406
2010,4,19,2,2478
2010,4,19,3,2453
2010,4,19,4,2328
2010,4,19,5,2116
2010,4,19,6,1873
2010,4,19,7,1668
2010,4,19,8,1559
2010,4,19,9,1549
2010,4,19,10,1612
2010,4,19,11,1737
2010,4,19,12,1874
2010,4,19,13,1984
2010,4,19,14,2058
2010,4,19,15,2061
2010,4,19,16,1987
2010,4,19,17,1845
2010,4,19,18,1676
2010,4,19,19,1532
2010,4,19,20,1464
2010,4,19,21,1502
2010,4,19,22,1645
2010,4,19,23,1837
2010,4,20,0,2081
2010,4,20,1,2258
2010,4,20,2,2368
2010,4,20,3,2392
2010,4,20,4,2350
2010,4,20,5,2237
2010,4,20,6,2043
2010,4,20,7,1834
2010,4,20,8,1669
2010,4,20,9,1593
2010,4,20,10,1615
2010,4,20,11,1693
2010,4,20,12,1785
2010,4,20,13,1857
2010,4,20,14,1920
2010,4,20,15,1970
2010,4,20,16,1985
2010,4,20,17,1926
2010,4,20,18,1796
2010,4,20,19,1649
2010,4,20,20,1534
2010,4,20,21,1511
2010,4,20,22,1569
2010,4,20,23,1698
2010,4,21,0,1867
2010,4,21,1,2034
2010,4,21,2,2176
2010,4,21,3,2259
2010,4,21,4,2296
2010,4,21,5,2263
2010,4,21,6,2155
2010,4,21,7,1992
2010,4,21,8,1823
2010,4,21,9,1689
2010,4,21,10,1626
2010,4,21,11,1636
2010,4,21,12,1676
2010,4,21,13,1722
2010,4,21,14,1769
2010,4,21,15,1827
2010,4,21,16,1892
2010,4,21,17,1927
2010,4,21,18,1900
2010,4,21,19,1799
2010,4,21,20,1660
2010,4,21,21,1569
2010,4,21,22,1556
2010,4,21,23,1606
2010,4,22,0,1707
2010,4,22,1,1831
2010,4,22,2,1969
2010,4,22,3,2081
2010,4,22,4,2168
2010,4,22,5,2216
2010,4,22,6,2188
2010,4,22,7,2099
2010,4,22,8,1967
2010,4,22,9,1827
2010,4,22,10,1717
2010,4,22,11,1655
2010,4,22,12,1642
2010,4,22,13,1656
2010,4,22,14,1686
2010,4,22,15,1741
2010,4,22,16,1823
2010,4,22,17,1887
2010,4,22,18,1940
2010,4,22,19,1931
2010,4,22,20,1846
2010,4,22,21,1746
2010,4,22,22,1668
2010,4,22,23,1641
2010,4,23,0,1664
2010,4,23,1,1721
2010,4,23,2,1811
2010,4,23,3,1913
2010,4,23,4,2026
2010,4,23,5,2142
2010,4,23,6,2204
2010,4,23,7,2202
2010,4,23,8,2132
2010,4,23,9,2016
2010,4,23,10,1885
2010,4,23,11,1759
2010,4,23,12,1657
2010,4,23,13,1593
2010,4,23,14,1581
2010,4,23,15,1623
2010,4,23,16,1709
2010,4,23,17,1828
2010,4,23,18,1964
2010,4,23,19,2057
2010,4,23,20,2059
2010,4,23,21,1991
2010,4,23,22,1882
2010,4,23,23,1764
2010,4,24,0,1667
2010,4,24,1,1622
2010,4,24,2,1635
2010,4,24,3,1697
2010,4,24,4,1801
2010,4,24,5,1943
2010,4,24,6,2083
2010,4,24,7,2186
2010,4,24,8,2224
2010,4,24,9,2176
2010,4,24,10,2063
2010,4,24,11,1921
2010,4,24,12,1773
2010,4,24,13,1644
2010,4,24,14,1560
2010,4,24,15,1558
2010,4,24,16,1624
2010,4,24,17,1747
2010,4,24,18,1907
2010,4,24,19,2068
2010,4,24,20,2183
2010,4,24,21,2219
2010,4,24,22,2153
2010,4,24,23,2002
2010,4,25,0,1813
2010,4,25,1,1663
2010,4,25,2,1597
2010,4,25,3,1597
2010,4,25,4,1654
2010,4,25,5,1754
2010,4,25,6,1887
2010,4,25,7,2037
2010,4,25,8,2182
2010,4,25,9,2260
2010,4,25,10,2218
2010,4,25,11,2068
2010,4,25,12,1866
2010,4,25,13,1662
2010,4,25,14,1508
2010,4,25,15,1447
2010,4,25,16,1462
2010,4,25,17,1568
2010,4,25,18,1757
2010,4,25,19,1971
2010,4,25,20,2174
2010,4,25,21,2327
2010,4,25,22,2367
2010,4,25,23,2263
2010,4,26,0,2046
2010,4,26,1,1808
2010,4,26,2,1624
2010,4,26,3,1536
2010,4,26,4,1528
2010,4,26,5,1587
2010,4,26,6,1701
2010,4,26,7,1863
2010,4,26,8,2056
2010,4,26,9,2224
2010,4,26,10,2304
2010,4,26,11,2239
2010,4,26,12,2051
2010,4,26,13,1783
2010,4,26,14,1554
2010,4,26,15,1423
2010,4,26,16,1391
2010,4,26,17,1465
2010,4,26,18,1634
2010,4,26,19,1874
2010,4,26,20,2136
2010,4,26,21,2367
2010,4,26,22,2502
2010,4,26,23,2483
2010,4,27,0,2320
2010,4,27,1,2072
2010,4,27,2,1811
2010,4,27,3,1599
2010,4,27,4,1483
2010,4,27,5,1471
2010,4,27,6,1538
2010,4,27,7,1676
2010,4,27,8,1864
2010,4,27,9,2077
2010,4,27,10,2241
2010,4,27,11,2289
2010,4,27,12,2195
2010,4,27,13,1985
2010,4,27,14,1716
2010,4,27,15,1487
2010,4,27,16,1358
2010,4,27,17,1368
2010,4,27,18,1503
2010,4,27,19,1725
2010,4,27,20,2000
2010,4,27,21,2273
2010,4,27,22,2492
2010,4,27,23,2588
2010,4,28,0,2529
2010,4,28,1,2332
2010,4,28,2,2040
2010,4,28,3,1734
2010,4,28,4,1494
2010,4,28,5,1372
2010,4,28,6,1371
2010,4,28,7,1471
2010,4,28,8,1662
2010,4,28,9,1900
2010,4,28,10,2123
2010,4,28,11,2264
2010,4,28,12,2256
2010,4,28,13,2101
2010,4,28,14,1846
2010,4,28,15,1583
2010,4,28,16,1390
2010,4,28,17,1317
2010,4,28,18,1382
2010,4,28,19,1555
2010,4,28,20,1812
2010,4,28,21,2102
2010,4,28,22,2373
2010,4,28,23,2558
2010,4,29,0,2600
2010,4,29,1,2490
2010,4,29,2,2248
2010,4,29,3,1923
2010,4,29,4,1613
2010,4,29,5,1403
2010,4,29,6,1329
2010,4,29,7,1375
2010,4,29,8,1524
2010,4,29,9,1731
2010,4,29,10,1943
2010,4,29,11,2124
2010,4,29,12,2227
2010,4,29,13,2200
2010,4,29,14,2015
2010,4,29,15,1756
2010,4,29,16,1498
2010,4,29,17,1335
2010,4,29,18,1321
2010,4,29,19,1439
2010,4,29,20,1656
2010,4,29,21,1927
2010,4,29,22,2206
2010,4,29,23,2436
2010,4,30,0,2576
2010,4,30,1,2591
2010,4,30,2,2443
2010,4,30,3,2152
2010,4,30,4,1821
2010,4,30,5,1537
2010,4,30,6,1367
2010,4,30,7,1343
2010,4,30,8,1430
2010,4,30,9,1586
2010,4,30,10,1778
2010,4,30,11,1977
2010,4,30,12,2133
2010,4,30,13,2199
2010,4,30,14,2126
2010,4,30,15,1927
2010,4,30,16,1672
2010,4,30,17,1447
2010,4,30,18,1355
2010,4,30,19,1410
2010,4,30,20,1553
2010,4,30,21,1763
2010,4,30,22,2014
2010,4,30,23,2263
2010,5,1,0,2463
2010,5,1,1,2571
2010,5,1,2,2539
2010,5,1,3,2349
2010,5,1,4,2059
2010,5,1,5,1741
2010,5,1,6,1494
2010,5,1,7,1377
2010,5,1,8,1390
2010,5,1,9,1484
2010,5,1,10,1640
2010,5,1,11,1838
2010,5,1,12,2000
2010,5,1,13,2101
2010,5,1,14,2107
2010,5,1,15,2000
2010,5,1,16,1815
2010,5,1,17,1585
2010,5,1,18,1419
2010,5,1,19,1383
2010,5,1,20,1459
2010,5,1,21,1618
2010,5,1,22,1836
2010,5,1,23,2068
2010,5,2,0,2286
2010,5,2,1,2459
2010,5,2,2,2532
2010,5,2,3,2453
2010,5,2,4,2232
2010,5,2,5,1946
2010,5,2,6,1684
2010,5,2,7,1508
2010,5,2,8,1446
2010,5,2,9,1476
2010,5,2,10,1575
2010,5,2,11,1709
2010,5,2,12,1863
2010,5,2,13,1989
2010,5,2,14,2072
2010,5,2,15,2067
2010,5,2,16,1948
2010,5,2,17,1754
2010,5,2,18,1568
2010,5,2,19,1465
2010,5,2,20,1468
2010,5,2,21,1552
2010,5,2,22,1710
2010,5,2,23,1905
2010,5,3,0,2111
2010,5,3,1,2297
2010,5,3,2,2407
2010,5,3,3,2412
2010,5,3,4,2295
2010,5,3,5,2091
2010,5,3,6,1862
2010,5,3,7,1662
2010,5,3,8,1545
2010,5,3,9,1506
2010,5,3,10,1549
2010,5,3,11,1653
2010,5,3,12,1774
2010,5,3,13,1901
2010,5,3,14,1991
2010,5,3,15,2018
2010,5,3,16,1960
2010,5,3,17,1826
2010,5,3,18,1681
2010,5,3,19,1556
2010,5,3,20,1506
2010,5,3,21,1554
2010,5,3,22,1674
2010,5,3,23,1822
2010,5,4,0,1983
2010,5,4,1,2138
2010,5,4,2,2274
2010,5,4,3,2338
2010,5,4,4,2302
2010,5,4,5,2173
2010,5,4,6,1980
2010,5,4,7,1793
2010,5,4,8,1660
2010,5,4,9,1599
2010,5,4,10,1605
2010,5,4,11,1666
2010,5,4,12,1758
2010,5,4,13,1858
2010,5,4,14,1936
2010,5,4,15,1982
2010,5,4,16,1983
2010,5,4,17,1931
2010,5,4,18,1828
2010,5,4,19,1723
2010,5,4,20,1639
2010,5,4,21,1607
2010,5,4,22,1658
2010,5,4,23,1750
2010,5,5,0,1907
2010,5,5,1,2040
2010,5,5,2,2145
2010,5,5,3,2232
2010,5,5,4,2264
2010,5,5,5,2226
2010,5,5,6,2108
2010,5,5,7,1931
2010,5,5,8,1772
2010,5,5,9,1678
2010,5,5,10,1654
2010,5,5,11,1675
2010,5,5,12,1720
2010,5,5,13,1773
2010,5,5,14,1838
2010,5,5,15,1903
2010,5,5,16,1961
2010,5,5,17,1973
2010,5,5,18,1934
2010,5,5,19,1860
2010,5,5,20,1775
2010,5,5,21,1723
2010,5,5,22,1728
2010,5,5,23,1781
2010,5,6,0,1864
2010,5,6,1,1962
2010,5,6,2,2050
2010,5,6,3,2116
2010,5,6,4,2166
2010,5,6,5,2186
2010,5,6,6,2138
2010,5,6,7,2024
2010,5,6,8,1879
2010,5,6,9,1764
2010,5,6,10,1720
2010,5,6,11,1720
2010,5,6,12,1742
2010,5,6,13,1763
2010,5,6,14,1789
2010,5,6,15,1840
2010,5,6,16,1908
2010,5,6,17,1977
2010,5,6,18,2003
2010,5,6,19,1971
2010,5,6,20,1906
2010,5,6,21,1847
2010,5,6,22,1797
2010,5,6,23,1796
2010,5,7,0,1835
2010,5,7,1,1905
2010,5,7,2,1981
2010,5,7,3,2039
2010,5,7,4,2089
2010,5,7,5,2125
2010,5,7,6,2138
2010,5,7,7,2107
2010,5,7,8,2018
2010,5,7,9,1880
2010,5,7,10,1780
2010,5,7,11,1733
2010,5,7,12,1709
2010,5,7,13,1716
2010,5,7,14,1744
2010,5,7,15,1798
2010,5,7,16,1867
2010,5,7,17,1952
2010,5,7,18,2036
2010,5,7,19,2079
2010,5,7,20,2068
2010,5,7,21,2009
2010,5,7,22,1914
2010,5,7,23,1839
2010,5,8,0,1811
2010,5,8,1,1832
2010,5,8,2,1886
2010,5,8,3,1926
2010,5,8,4,1957
2010,5,8,5,2006
2010,5,8,6,2067
2010,5,8,7,2097
2010,5,8,8,2066
2010,5,8,9,1985
2010,5,8,10,1873
2010,5,8,11,1769
2010,5,8,12,1690
2010,5,8,13,1653
2010,5,8,14,1656
2010,5,8,15,1700
2010,5,8,16,1781
2010,5,8,17,1886
2010,5,8,18,1995
2010,5,8,19,2088
2010,5,8,20,2140
2010,5,8,21,2131
2010,5,8,22,2071
2010,5,8,23,1967
2010,5,9,0,1862
2010,5,9,1,1781
2010,5,9,2,1755
2010,5,9,3,1775
2010,5,9,4,1817
2010,5,9,5,1879
2010,5,9,6,1950
2010,5,9,7,2020
2010,5,9,8,2068
2010,5,9,9,2061
2010,5,9,10,2003
2010,5,9,11,1899
2010,5,9,12,1765
2010,5,9,13,1656
2010,5,9,14,1593
2010,5,9,15,1601
2010,5,9,16,1677
2010,5,9,17,1796
2010,5,9,18,1941
2010,5,9,19,2086
2010,5,9,20,2198
2010,5,9,21,2252
2010,5,9,22,2221
2010,5,9,23,2117
2010,5,10,0,1977
2010,5,10,1,1848
2010,5,10,2,1756
2010,5,10,3,1715
2010,5,10,4,1721
2010,5,10,5,1769
2010,5,10,6,1854
2010,5,10,7,1957
2010,5,10,8,2050
2010,5,10,9,2088
2010,5,10,10,2066
2010,5,10,11,1981
2010,5,10,12,1844
2010,5,10,13,1703
2010,5,10,14,1593
2010,5,10,15,1557
2010,5,10,16,1603
2010,5,10,17,1717
2010,5,10,18,1875
2010,5,10,19,2041
2010,5,10,20,2193
2010,5,10,21,2314
2010,5,10,22,2348
2010,5,10,23,2276
2010,5,11,0,2128
2010,5,11,1,1949
2010,5,11,2,1797
2010,5,11,3,1690
2010,5,11,4,1650
2010,5,11,5,1671
2010,5,11,6,1736
2010,5,11,7,1844
2010,5,11,8,1974
2010,5,11,9,2082
2010,5,11,10,2122
2010,5,11,11,2074
2010,5,11,12,1946
2010,5,11,13,1775
2010,5,11,14,1603
2010,5,11,15,1495
2010,5,11,16,1484
2010,5,11,17,1577
2010,5,11,18,1738
2010,5,11,19,1946
2010,5,11,20,2145
2010,5,11,21,2304
2010,5,11,22,2389
2010,5,11,23,2384
2010,5,12,0,2281
2010,5,12,1,2087
2010,5,12,2,1871
2010,5,12,3,1678
2010,5,12,4,1562
2010,5,12,5,1560
2010,5,12,6,1620
2010,5,12,7,1730
2010,5,12,8,1876
2010,5,12,9,2018
2010,5,12,10,2119
2010,5,12,11,2142
2010,5,12,12,2066
2010,5,12,13,1896
2010,5,12,14,1681
2010,5,12,15,1508
2010,5,12,16,1433
2010,5,12,17,1479
2010,5,12,18,1636
2010,5,12,19,1851
2010,5,12,20,2080
2010,5,12,21,2273
2010,5,12,22,2403
2010,5,12,23,2458
2010,5,13,0,2406
2010,5,13,1,2240
2010,5,13,2,2009
2010,5,13,3,1766
2010,5,13,4,1581
2010,5,13,5,1498
2010,5,13,6,1505
2010,5,13,7,1598
2010,5,13,8,1749
2010,5,13,9,1909
2010,5,13,10,2050
2010,5,13,11,2120
2010,5,13,12,2098
2010,5,13,13,1976
2010,5,13,14,1773
2010,5,13,15,1574
2010,5,13,16,1438
2010,5,13,17,1414
2010,5,13,18,1524
2010,5,13,19,1728
2010,5,13,20,1985
2010,5,13,21,2225
2010,5,13,22,2409
2010,5,13,23,2509
2010,5,14,0,2512
2010,5,14,1,2413
2010,5,14,2,2204
2010,5,14,3,1915
2010,5,14,4,1655
2010,5,14,5,1486
2010,5,14,6,1446
2010,5,14,7,1503
2010,5,14,8,1610
2010,5,14,9,1761
2010,5,14,10,1927
2010,5,14,11,2062
2010,5,14,12,2133
2010,5,14,13,2083
2010,5,14,14,1902
2010,5,14,15,1672
2010,5,14,16,1478
2010,5,14,17,1376
2010,5,14,18,1407
2010,5,14,19,1558
2010,5,14,20,1776
2010,5,14,21,2040
2010,5,14,22,2281
2010,5,14,23,2443
2010,5,15,0,2538
2010,5,15,1,2518
2010,5,15,2,2370
2010,5,15,3,2107
2010,5,15,4,1814
2010,5,15,5,1575
2010,5,15,6,1451
2010,5,15,7,1444
2010,5,15,8,1530
2010,5,15,9,1681
2010,5,15,10,1866
2010,5,15,11,2036
2010,5,15,12,2160
2010,5,15,13,2188
2010,5,15,14,2091
2010,5,15,15,1881
2010,5,15,16,1621
2010,5,15,17,1434
2010,5,15,18,1389
2010,5,15,19,1480
2010,5,15,20,1667
2010,5,15,21,1909
2010,5,15,22,2161
2010,5,15,23,2384
2010,5,16,0,2539
2010,5,16,1,2598
2010,5,16,2,2541
2010,5,16,3,2346
2010,5,16,4,2058
2010,5,16,5,1776
2010,5,16,6,1579
2010,5,16,7,1514
2010,5,16,8,1551
2010,5,16,9,1648
2010,5,16,10,1798
2010,5,16,11,1965
2010,5,16,12,2127
2010,5,16,13,2227
2010,5,16,14,2209
2010,5,16,15,2055
2010,5,16,16,1815
2010,5,16,17,1583
2010,5,16,18,1436
2010,5,16,19,1438
2010,5,16,20,1561
2010,5,16,21,1764
2010,5,16,22,2008
2010,5,16,23,2268
2010,5,17,0,2505
2010,5,17,1,2640
2010,5,17,2,2652
2010,5,17,3,2540
2010,5,17,4,2321
2010,5,17,5,2047
2010,5,17,6,1779
2010,5,17,7,1605
2010,5,17,8,1535
2010,5,17,9,1560
2010,5,17,10,1688
2010,5,17,11,1866
2010,5,17,12,2044
2010,5,17,13,2174
2010,5,17,14,2226
2010,5,17,15,2170
2010,5,17,16,2001
2010,5,17,17,1770
2010,5,17,18,1561
2010,5,17,19,1465
2010,5,17,20,1498
2010,5,17,21,1647
2010,5,17,22,1872
2010,5,17,23,2122
2010,5,18,0,2350
2010,5,18,1,2515
2010,5,18,2,2607
2010,5,18,3,2598
2010,5,18,4,2482
2010,5,18,5,2262
2010,5,18,6,1997
2010,5,18,7,1783
2010,5,18,8,1660
2010,5,18,9,1642
2010,5,18,10,1705
2010,5,18,11,1815
2010,5,18,12,1944
2010,5,18,13,2063
2010,5,18,14,2172
2010,5,18,15,2225
2010,5,18,16,2178
2010,5,18,17,2027
2010,5,18,18,1820
2010,5,18,19,1659
2010,5,18,20,1600
2010,5,18,21,1654
2010,5,18,22,1796
2010,5,18,23,1990
2010,5,19,0,2202
2010,5,19,1,2396
2010,5,19,2,2542
2010,5,19,3,2619
2010,5,19,4,2609
2010,5,19,5,2482
2010,5,19,6,2276
2010,5,19,7,2044
2010,5,19,8,1860
2010,5,19,9,1755
2010,5,19,10,1733
2010,5,19,11,1776
2010,5,19,12,1879
2010,5,19,13,2013
2010,5,19,14,2143
2010,5,19,15,2245
2010,5,19,16,2269
2010,5,19,17,2200
2010,5,19,18,2047
2010,5,19,19,1870
2010,5,19,20,1729
2010,5,19,21,1672
2010,5,19,22,1727
2010,5,19,23,1870
2010,5,20,0,2042
2010,5,20,1,2218
2010,5,20,2,2356
2010,5,20,3,2482
2010,5,20,4,2563
2010,5,20,5,2560
2010,5,20,6,2437
2010,5,20,7,2224
2010,5,20,8,2004
2010,5,20,9,1845
2010,5,20,10,1769
2010,5,20,11,1774
2010,5,20,12,1830
2010,5,20,13,1915
2010,5,20,14,2024
2010,5,20,15,2149
2010,5,20,16,2244
2010,5,20,17,2285
2010,5,20,18,2240
2010,5,20,19,2114
2010,5,20,20,1956
2010,5,20,21,1834
2010,5,20,22,1790
2010,5,20,23,1837
2010,5,21,0,1947
2010,5,21,1,2087
2010,5,21,2,2236
2010,5,21,3,2368
2010,5,21,4,2477
2010,5,21,5,2538
2010,5,21,6,2513
2010,5,21,7,2403
2010,5,21,8,2211
2010,5,21,9,2011
2010,5,21,10,1866
2010,5,21,11,1798
2010,5,21,12,1817
2010,5,21,13,1876
2010,5,21,14,1958
2010,5,21,15,2066
2010,5,21,16,2202
2010,5,21,17,2327
2010,5,21,18,2386
2010,5,21,19,2347
2010,5,21,20,2217
2010,5,21,21,2059
2010,5,21,22,1942
2010,5,21,23,1890
2010,5,22,0,1899
2010,5,22,1,1967
2010,5,22,2,2071
2010,5,22,3,2193
2010,5,22,4,2322
2010,5,22,5,2436
2010,5,22,6,2489
2010,5,22,7,2464
2010,5,22,8,2347
2010,5,22,9,2165
2010,5,22,10,1985
2010,5,22,11,1845
2010,5,22,12,1766
2010,5,22,13,1759
2010,5,22,14,1819
2010,5,22,15,1924
2010,5,22,16,2060
2010,5,22,17,2221
2010,5,22,18,2364
2010,5,22,19,2453
2010,5,22,20,2439
2010,5,22,21,2325
2010,5,22,22,2163
2010,5,22,23,2002
2010,5,23,0,1910
2010,5,23,1,1897
2010,5,23,2,1949
2010,5,23,3,2031
2010,5,23,4,2127
2010,5,23,5,2231
2010,5,23,6,2333
2010,5,23,7,2392
2010,5,23,8,2378
2010,5,23,9,2262
2010,5,23,10,2091
2010,5,23,11,1918
2010,5,23,12,1768
2010,5,23,13,1680
2010,5,23,14,1658
2010,5,23,15,1713
2010,5,23,16,1841
2010,5,23,17,2030
2010,5,23,18,2238
2010,5,23,19,2414
2010,5,23,20,2516
2010,5,23,21,2507
2010,5,23,22,2392
2010,5,23,23,2224
2010,5,24,0,2051
2010,5,24,1,1925
2010,5,24,2,1861
2010,5,24,3,1852
2010,5,24,4,1903
2010,5,24,5,2001
2010,5,24,6,2130
2010,5,24,7,2249
2010,5,24,8,2327
2010,5,24,9,2316
2010,5,24,10,2215
2010,5,24,11,2057
2010,5,24,12,1881
2010,5,24,13,1721
2010,5,24,14,1619
2010,5,24,15,1618
2010,5,24,16,1702
2010,5,24,17,1869
2010,5,24,18,2098
2010,5,24,19,2330
2010,5,24,20,2512
2010,5,24,21,2597
2010,5,24,22,2569
2010,5,24,23,2437
2010,5,25,0,2239
2010,5,25,1,2035
2010,5,25,2,1871
2010,5,25,3,1770
2010,5,25,4,1749
2010,5,25,5,1802
2010,5,25,6,1905
2010,5,25,7,2041
2010,5,25,8,2180
2010,5,25,9,2277
2010,5,25,10,2287
2010,5,25,11,2191
2010,5,25,12,2011
2010,5,25,13,1798
2010,5,25,14,1610
2010,5,25,15,1519
2010,5,25,16,1551
2010,5,25,17,1686
2010,5,25,18,1891
2010,5,25,19,2132
2010,5,25,20,2365
2010,5,25,21,2541
2010,5,25,22,2618
2010,5,25,23,2579
2010,5,26,0,2414
2010,5,26,1,2168
2010,5,26,2,1919
2010,5,26,3,1717
2010,5,26,4,1613
2010,5,26,5,1598
2010,5,26,6,1649
2010,5,26,7,1767
2010,5,26,8,1913
2010,5,26,9,2054
2010,5,26,10,2153
2010,5,26,11,2158
2010,5,26,12,2060
2010,5,26,13,1870
2010,5,26,14,1649
2010,5,26,15,1480
2010,5,26,16,1401
2010,5,26,17,1470
2010,5,26,18,1637
2010,5,26,19,1877
2010,5,26,20,2143
2010,5,26,21,2392
2010,5,26,22,2575
2010,5,26,23,2630
2010,5,27,0,2553
2010,5,27,1,2348
2010,5,27,2,2086
2010,5,27,3,1826
2010,5,27,4,1622
2010,5,27,5,1510
2010,5,27,6,1493
2010,5,27,7,1576
2010,5,27,8,1719
2010,5,27,9,1882
2010,5,27,10,2040
2010,5,27,11,2130
2010,5,27,12,2116
2010,5,27,13,1988
2010,5,27,14,1769
2010,5,27,15,1548
2010,5,27,16,1395
2010,5,27,17,1366
2010,5,27,18,1472
2010,5,27,19,1680
2010,5,27,20,1942
2010,5,27,21,2206
2010,5,27,22,2430
2010,5,27,23,2571
2010,5,28,0,2592
2010,5,28,1,2478
2010,5,28,2,2250
2010,5,28,3,1966
2010,5,28,4,1707
2010,5,28,5,1521
2010,5,28,6,1444
2010,5,28,7,1462
2010,5,28,8,1565
2010,5,28,9,1728
2010,5,28,10,1915
2010,5,28,11,2079
2010,5,28,12,2152
2010,5,28,13,2096
2010,5,28,14,1913
2010,5,28,15,1679
2010,5,28,16,1476
2010,5,28,17,1371
2010,5,28,18,1392
2010,5,28,19,1527
2010,5,28,20,1741
2010,5,28,21,2001
2010,5,28,22,2252
2010,5,28,23,2453
2010,5,29,0,2552
2010,5,29,1,2533
2010,5,29,2,2399
2010,5,29,3,2148
2010,5,29,4,1860
2010,5,29,5,1609
2010,5,29,6,1461
2010,5,29,7,1428
2010,5,29,8,1493
2010,5,29,9,1620
2010,5,29,10,1786
2010,5,29,11,1964
2010,5,29,12,2078
2010,5,29,13,2095
2010,5,29,14,1984
2010,5,29,15,1780
2010,5,29,16,1560
2010,5,29,17,1389
2010,5,29,18,1319
2010,5,29,19,1379
2010,5,29,20,1556
2010,5,29,21,1807
2010,5,29,22,2060
2010,5,29,23,2273
2010,5,30,0,2419
2010,5,30,1,2478
2010,5,30,2,2435
2010,5,30,3,2261
2010,5,30,4,1989
2010,5,30,5,1717
2010,5,30,6,1520
2010,5,30,7,1434
2010,5,30,8,1447
2010,5,30,9,1529
2010,5,30,10,1675
2010,5,30,11,1847
2010,5,30,12,1999
2010,5,30,13,2082
2010,5,30,14,2051
2010,5,30,15,1916
2010,5,30,16,1708
2010,5,30,17,1511
2010,5,30,18,1392
2010,5,30,19,1390
2010,5,30,20,1487
2010,5,30,21,1666
2010,5,30,22,1898
2010,5,30,23,2126
2010,5,31,0,2307
2010,5,31,1,2407
2010,5,31,2,2434
2010,5,31,3,2355
2010,5,31,4,2161
2010,5,31,5,1899
2010,5,31,6,1654
2010,5,31,7,1490
2010,5,31,8,1437
2010,5,31,9,1491
2010,5,31,10,1608
2010,5,31,11,1759
2010,5,31,12,1914
2010,5,31,13,2029
2010,5,31,14,2059
2010,5,31,15,2010
2010,5,31,16,1866
2010,5,31,17,1684
2010,5,31,18,1507
2010,5,31,19,1413
2010,5,31,20,1440
2010,5,31,21,1573
2010,5,31,22,1782
2010,5,31,23,2004
2010,6,1,0,2186
2010,6,1,1,2309
2010,6,1,2,2375
2010,6,1,3,2360
2010,6,1,4,2232
2010,6,1,5,2021
2010,6,1,6,1775
2010,6,1,7,1583
2010,6,1,8,1499
2010,6,1,9,1500
2010,6,1,10,1576
2010,6,1,11,1695
2010,6,1,12,1824
2010,6,1,13,1935
2010,6,1,14,2006
2010,6,1,15,2014
2010,6,1,16,1945
2010,6,1,17,1802
2010,6,1,18,1640
2010,6,1,19,1522
2010,6,1,20,1470
2010,6,1,21,1512
2010,6,1,22,1644
2010,6,1,23,1837
2010,6,2,0,2031
2010,6,2,1,2171
2010,6,2,2,2253
2010,6,2,3,2269
2010,6,2,4,2203
2010,6,2,5,2063
2010,6,2,6,1876
2010,6,2,7,1679
2010,6,2,8,1552
2010,6,2,9,1522
2010,6,2,10,1569
2010,6,2,11,1660
2010,6,2,12,1759
2010,6,2,13,1861
2010,6,2,14,1951
2010,6,2,15,2012
2010,6,2,16,2006
2010,6,2,17,1928
2010,6,2,18,1781
2010,6,2,19,1635
2010,6,2,20,1549
2010,6,2,21,1537
2010,6,2,22,1601
2010,6,2,23,1736
2010,6,3,0,1917
2010,6,3,1,2067
2010,6,3,2,2159
2010,6,3,3,2195
2010,6,3,4,2169
2010,6,3,5,2091
2010,6,3,6,1953
2010,6,3,7,1773
2010,6,3,8,1598
2010,6,3,9,1501
2010,6,3,10,1517
2010,6,3,11,1607
2010,6,3,12,1723
2010,6,3,13,1823
2010,6,3,14,1888
2010,6,3,15,1949
2010,6,3,16,2006
2010,6,3,17,2011
2010,6,3,18,1945
2010,6,3,19,1833
2010,6,3,20,1717
2010,6,3,21,1650
2010,6,3,22,1660
2010,6,3,23,1731
2010,6,4,0,1837
2010,6,4,1,1956
2010,6,4,2,2069
2010,6,4,3,2142
2010,6,4,4,2173
2010,6,4,5,2143
2010,6,4,6,2049
2010,6,4,7,1898
2010,6,4,8,1732
2010,6,4,9,1610
2010,6,4,10,1557
2010,6,4,11,1611
2010,6,4,12,1704
2010,6,4,13,1797
2010,6,4,14,1864
2010,6,4,15,1929
2010,6,4,16,2002
2010,6,4,17,2056
2010,6,4,18,2042
2010,6,4,19,1956
2010,6,4,20,1833
2010,6,4,21,1728
2010,6,4,22,1674
2010,6,4,23,1693
2010,6,5,0,1761
2010,6,5,1,1854
2010,6,5,2,1971
2010,6,5,3,2062
2010,6,5,4,2112
2010,6,5,5,2106
2010,6,5,6,2051
2010,6,5,7,1950
2010,6,5,8,1811
2010,6,5,9,1674
2010,6,5,10,1580
2010,6,5,11,1559
2010,6,5,12,1603
2010,6,5,13,1684
2010,6,5,14,1772
2010,6,5,15,1859
2010,6,5,16,1946
2010,6,5,17,2034
2010,6,5,18,2101
2010,6,5,19,2103
2010,6,5,20,2021
2010,6,5,21,1899
2010,6,5,22,1786
2010,6,5,23,1718
2010,6,6,0,1709
2010,6,6,1,1762
2010,6,6,2,1852
2010,6,6,3,1931
2010,6,6,4,1983
2010,6,6,5,2008
2010,6,6,6,2004
2010,6,6,7,1971
2010,6,6,8,1903
2010,6,6,9,1794
2010,6,6,10,1679
2010,6,6,11,1604
2010,6,6,12,1582
2010,6,6,13,1605
2010,6,6,14,1679
2010,6,6,15,1780
2010,6,6,16,1885
2010,6,6,17,1984
2010,6,6,18,2073
2010,6,6,19,2130
2010,6,6,20,2119
2010,6,6,21,2045
2010,6,6,22,1929
2010,6,6,23,1818
2010,6,7,0,1738
2010,6,7,1,1698
2010,6,7,2,1711
2010,6,7,3,1771
2010,6,7,4,1846
2010,6,7,5,1909
2010,6,7,6,1950
2010,6,7,7,1951
2010,6,7,8,1912
2010,6,7,9,1833
2010,6,7,10,1738
2010,6,7,11,1647
2010,6,7,12,1543
2010,6,7,13,1496
2010,6,7,14,1518
2010,6,7,15,1590
2010,6,7,16,1711
2010,6,7,17,1863
2010,6,7,18,2016
2010,6,7,19,2135
2010,6,7,20,2202
2010,6,7,21,2169
2010,6,7,22,2030
2010,6,7,23,1871
2010,6,8,0,1752
2010,6,8,1,1687
2010,6,8,2,1661
2010,6,8,3,1677
2010,6,8,4,1709
2010,6,8,5,1756
2010,6,8,6,1810
2010,6,8,7,1858
2010,6,8,8,1887
2010,6,8,9,1867
2010,6,8,10,1805
2010,6,8,11,1700
2010,6,8,12,1583
2010,6,8,13,1496
2010,6,8,14,1467
2010,6,8,15,1513
2010,6,8,16,1623
2010,6,8,17,1774
2010,6,8,18,1935
2010,6,8,19,2092
2010,6,8,20,2217
2010,6,8,21,2263
2010,6,8,22,2215
2010,6,8,23,2096
2010,6,9,0,1950
2010,6,9,1,1810
2010,6,9,2,1710
2010,6,9,3,1661
2010,6,9,4,1663
2010,6,9,5,1687
2010,6,9,6,1738
2010,6,9,7,1811
2010,6,9,8,1873
2010,6,9,9,1922
2010,6,9,10,1902
2010,6,9,11,1824
2010,6,9,12,1721
2010,6,9,13,1613
2010,6,9,14,1525
2010,6,9,15,1491
2010,6,9,16,1549
2010,6,9,17,1697
2010,6,9,18,1897
2010,6,9,19,2102
2010,6,9,20,2269
2010,6,9,21,2356
2010,6,9,22,2347
2010,6,9,23,2268
2010,6,10,0,2133
2010,6,10,1,1974
2010,6,10,2,1826
2010,6,10,3,1712
2010,6,10,4,1662
2010,6,10,5,1654
2010,6,10,6,1695
2010,6,10,7,1777
2010,6,10,8,1879
2010,6,10,9,1971
2010,6,10,10,2010
2010,6,10,11,1984
2010,6,10,12,1885
2010,6,10,13,1732
2010,6,10,14,1585
2010,6,10,15,1496
2010,6,10,16,1495
2010,6,10,17,1591
2010,6,10,18,1761
2010,6,10,19,1975
2010,6,10,20,2190
2010,6,10,21,2363
2010,6,10,22,2446
2010,6,10,23,2434
2010,6,11,0,2320
2010,6,11,1,2120
2010,6,11,2,1913
2010,6,11,3,1735
2010,6,11,4,1613
2010,6,11,5,1554
2010,6,11,6,1559
2010,6,11,7,1636
2010,6,11,8,1761
2010,6,11,9,1904
2010,6,11,10,2025
2010,6,11,11,2072
2010,6,11,12,2011
2010,6,11,13,1850
2010,6,11,14,1645
2010,6,11,15,1482
2010,6,11,16,1417
2010,6,11,17,1468
2010,6,11,18,1613
2010,6,11,19,1828
2010,6,11,20,2079
2010,6,11,21,2315
2010,6,11,22,2489
2010,6,11,23,2565
2010,6,12,0,2516
2010,6,12,1,2361
2010,6,12,2,2136
2010,6,12,3,1892
2010,6,12,4,1681
2010,6,12,5,1554
2010,6,12,6,1519
2010,6,12,7,1579
2010,6,12,8,1711
2010,6,12,9,1875
2010,6,12,10,2047
2010,6,12,11,2165
2010,6,12,12,2186
2010,6,12,13,2069
2010,6,12,14,1855
2010,6,12,15,1617
2010,6,12,16,1447
2010,6,12,17,1404
2010,6,12,18,1492
2010,6,12,19,1689
2010,6,12,20,1952
2010,6,12,21,2224
2010,6,12,22,2452
2010,6,12,23,2599
2010,6,13,0,2645
2010,6,13,1,2557
2010,6,13,2,2351
2010,6,13,3,2074
2010,6,13,4,1802
2010,6,13,5,1598
2010,6,13,6,1487
2010,6,13,7,1486
2010,6,13,8,1574
2010,6,13,9,1735
2010,6,13,10,1943
2010,6,13,11,2125
2010,6,13,12,2212
2010,6,13,13,2164
2010,6,13,14,2002
2010,6,13,15,1778
2010,6,13,16,1559
2010,6,13,17,1427
2010,6,13,18,1420
2010,6,13,19,1545
2010,6,13,20,1762
2010,6,13,21,2023
2010,6,13,22,2282
2010,6,13,23,2505
2010,6,14,0,2645
2010,6,14,1,2670
2010,6,14,2,2553
2010,6,14,3,2311
2010,6,14,4,2008
2010,6,14,5,1730
2010,6,14,6,1537
2010,6,14,7,1451
2010,6,14,8,1462
2010,6,14,9,1573
2010,6,14,10,1764
2010,6,14,11,1974
2010,6,14,12,2148
2010,6,14,13,2219
2010,6,14,14,2131
2010,6,14,15,1916
2010,6,14,16,1665
2010,6,14,17,1455
2010,6,14,18,1349
2010,6,14,19,1370
2010,6,14,20,1505
2010,6,14,21,1729
2010,6,14,22,2007
2010,6,14,23,2292
2010,6,15,0,2515
2010,6,15,1,2637
2010,6,15,2,2630
2010,6,15,3,2485
2010,6,15,4,2231
2010,6,15,5,1921
2010,6,15,6,1640
2010,6,15,7,1462
2010,6,15,8,1413
2010,6,15,9,1494
2010,6,15,10,1677
2010,6,15,11,1890
2010,6,15,12,2062
2010,6,15,13,2168
2010,6,15,14,2184
2010,6,15,15,2088
2010,6,15,16,1903
2010,6,15,17,1664
2010,6,15,18,1462
2010,6,15,19,1375
2010,6,15,20,1425
2010,6,15,21,1592
2010,6,15,22,1830
2010,6,15,23,2094
2010,6,16,0,2332
2010,6,16,1,2511
2010,6,16,2,2612
2010,6,16,3,2588
2010,6,16,4,2424
2010,6,16,5,2152
2010,6,16,6,1845
2010,6,16,7,1589
2010,6,16,8,1454
2010,6,16,9,1433
2010,6,16,10,1520
2010,6,16,11,1688
2010,6,16,12,1892
2010,6,16,13,2073
2010,6,16,14,2187
2010,6,16,15,2197
2010,6,16,16,2091
2010,6,16,17,1886
2010,6,16,18,1657
2010,6,16,19,1472
2010,6,16,20,1395
2010,6,16,21,1461
2010,6,16,22,1629
2010,6,16,23,1864
2010,6,17,0,2096
2010,6,17,1,2293
2010,6,17,2,2443
2010,6,17,3,2519
2010,6,17,4,2466
2010,6,17,5,2268
2010,6,17,6,1978
2010,6,17,7,1682
2010,6,17,8,1471
2010,6,17,9,1386
2010,6,17,10,1420
2010,6,17,11,1530
2010,6,17,12,1679
2010,6,17,13,1847
2010,6,17,14,2005
2010,6,17,15,2123
2010,6,17,16,2138
2010,6,17,17,2026
2010,6,17,18,1828
2010,6,17,19,1620
2010,6,17,20,1469
2010,6,17,21,1424
2010,6,17,22,1485
2010,6,17,23,1634
2010,6,18,0,1831
2010,6,18,1,2021
2010,6,18,2,2186
2010,6,18,3,2304
2010,6,18,4,2340
2010,6,18,5,2266
2010,6,18,6,2078
2010,6,18,7,1829
2010,6,18,8,1584
2010,6,18,9,1422
2010,6,18,10,1380
2010,6,18,11,1445
2010,6,18,12,1576
2010,6,18,13,1737
2010,6,18,14,1898
2010,6,18,15,2038
2010,6,18,16,2139
2010,6,18,17,2152
2010,6,18,18,2052
2010,6,18,19,1878
2010,6,18,20,1697
2010,6,18,21,1572
2010,6,18,22,1531
2010,6,18,23,1565
2010,6,19,0,1654
2010,6,19,1,1803
2010,6,19,2,1965
2010,6,19,3,2119
2010,6,19,4,2210
2010,6,19,5,2248
2010,6,19,6,2146
2010,6,19,7,1965
2010,6,19,8,1749
2010,6,19,9,1561
2010,6,19,10,1462
2010,6,19,11,1437
2010,6,19,12,1494
2010,6,19,13,1604
2010,6,19,14,1753
2010,6,19,15,1925
2010,6,19,16,2082
2010,6,19,17,2199
2010,6,19,18,2222
2010,6,19,19,2136
2010,6,19,20,1979
2010,6,19,21,1794
2010,6,19,22,1647
2010,6,19,23,1580
2010,6,20,0,1593
2010,6,20,1,1672
2010,6,20,2,1801
2010,6,20,3,1934
2010,6,20,4,2046
2010,6,20,5,2119
2010,6,20,6,2129
2010,6,20,7,2061
2010,6,20,8,1897
2010,6,20,9,1703
2010,6,20,10,1556
2010,6,20,11,1483
2010,6,20,12,1491
2010,6,20,13,1537
2010,6,20,14,1630
2010,6,20,15,1778
2010,6,20,16,1945
2010,6,20,17,2119
2010,6,20,18,2239
2010,6,20,19,2256
2010,6,20,20,2170
2010,6,20,21,2005
2010,6,20,22,1819
2010,6,20,23,1672
2010,6,21,0,1581
2010,6,21,1,1562
2010,6,21,2,1611
2010,6,21,3,1707
2010,6,21,4,1820
2010,6,21,5,1918
2010,6,21,6,1991
2010,6,21,7,2007
2010,6,21,8,1957
2010,6,21,9,1836
2010,6,21,10,1695
2010,6,21,11,1567
2010,6,21,12,1490
2010,6,21,13,1476
2010,6,21,14,1520
2010,6,21,15,1609
2010,6,21,16,1745
2010,6,21,17,1919
2010,6,21,18,2112
2010,6,21,19,2271
2010,6,21,20,2319
2010,6,21,21,2232
2010,6,21,22,2054
2010,6,21,23,1862
2010,6,22,0,1693
2010,6,22,1,1586
2010,6,22,2,1562
2010,6,22,3,1599
2010,6,22,4,1655
2010,6,22,5,1730
2010,6,22,6,1818
2010,6,22,7,1896
2010,6,22,8,1935
2010,6,22,9,1918
2010,6,22,10,1833
2010,6,22,11,1697
2010,6,22,12,1560
2010,6,22,13,1476
2010,6,22,14,1465
2010,6,22,15,1526
2010,6,22,16,1630
2010,6,22,17,1788
2010,6,22,18,1976
2010,6,22,19,2165
2010,6,22,20,2308
2010,6,22,21,2338
2010,6,22,22,2254
2010,6,22,23,2090
2010,6,23,0,1886
2010,6,23,1,1716
2010,6,23,2,1589
2010,6,23,3,1522
2010,6,23,4,1522
2010,6,23,5,1580
2010,6,23,6,1669
2010,6,23,7,1775
2010,6,23,8,1867
2010,6,23,9,1929
2010,6,23,10,1921
2010,6,23,11,1829
2010,6,23,12,1688
2010,6,23,13,1537
2010,6,23,14,1438
2010,6,23,15,1424
2010,6,23,16,1488
2010,6,23,17,1615
2010,6,23,18,1796
2010,6,23,19,2012
2010,6,23,20,2225
2010,6,23,21,2363
2010,6,23,22,2392
2010,6,23,23,2299
2010,6,24,0,2115
2010,6,24,1,1902
2010,6,24,2,1717
2010,6,24,3,1576
2010,6,24,4,1497
2010,6,24,5,1480
2010,6,24,6,1529
2010,6,24,7,1642
2010,6,24,8,1775
2010,6,24,9,1892
2010,6,24,10,1957
2010,6,24,11,1946
2010,6,24,12,1843
2010,6,24,13,1686
2010,6,24,14,1526
2010,6,24,15,1423
2010,6,24,16,1412
2010,6,24,17,1494
2010,6,24,18,1647
2010,6,24,19,1856
2010,6,24,20,2068
2010,6,24,21,2262
2010,6,24,22,2379
2010,6,24,23,2394
2010,6,25,0,2284
2010,6,25,1,2078
2010,6,25,2,1844
2010,6,25,3,1646
2010,6,25,4,1507
2010,6,25,5,1431
2010,6,25,6,1422
2010,6,25,7,1487
2010,6,25,8,1618
2010,6,25,9,1784
2010,6,25,10,1931
2010,6,25,11,1994
2010,6,25,12,1957
2010,6,25,13,1818
2010,6,25,14,1636
2010,6,25,15,1474
2010,6,25,16,1390
2010,6,25,17,1410
2010,6,25,18,1525
2010,6,25,19,1721
2010,6,25,20,1947
2010,6,25,21,2172
2010,6,25,22,2357
2010,6,25,23,2458
2010,6,26,0,2442
2010,6,26,1,2300
2010,6,26,2,2069
2010,6,26,3,1820
2010,6,26,4,1609
2010,6,26,5,1468
2010,6,26,6,1421
2010,6,26,7,1449
2010,6,26,8,1556
2010,6,26,9,1707
2010,6,26,10,1874
2010,6,26,11,2006
2010,6,26,12,2053
2010,6,26,13,1979
2010,6,26,14,1803
2010,6,26,15,1591
2010,6,26,16,1434
2010,6,26,17,1379
2010,6,26,18,1422
2010,6,26,19,1555
2010,6,26,20,1765
2010,6,26,21,2014
2010,6,26,22,2247
2010,6,26,23,2420
2010,6,27,0,2473
2010,6,27,1,2410
2010,6,27,2,2231
2010,6,27,3,1993
2010,6,27,4,1741
2010,6,27,5,1530
2010,6,27,6,1416
2010,6,27,7,1409
2010,6,27,8,1483
2010,6,27,9,1625
2010,6,27,10,1793
2010,6,27,11,1948
2010,6,27,12,2046
2010,6,27,13,2052
2010,6,27,14,1945
2010,6,27,15,1761
2010,6,27,16,1552
2010,6,27,17,1403
2010,6,27,18,1361
2010,6,27,19,1443
2010,6,27,20,1620
2010,6,27,21,1863
2010,6,27,22,2124
2010,6,27,23,2345
2010,6,28,0,2463
2010,6,28,1,2468
2010,6,28,2,2379
2010,6,28,3,2180
2010,6,28,4,1911
2010,6,28,5,1643
2010,6,28,6,1459
2010,6,28,7,1403
2010,6,28,8,1449
2010,6,28,9,1558
2010,6,28,10,1713
2010,6,28,11,1877
2010,6,28,12,2007
2010,6,28,13,2084
2010,6,28,14,2063
2010,6,28,15,1917
2010,6,28,16,1702
2010,6,28,17,1502
2010,6,28,18,1392
2010,6,28,19,1395
2010,6,28,20,1512
2010,6,28,21,1707
2010,6,28,22,1940
2010,6,28,23,2172
2010,6,29,0,2331
2010,6,29,1,2395
2010,6,29,2,2365
2010,6,29,3,2243
2010,6,29,4,2035
2010,6,29,5,1775
2010,6,29,6,1537
2010,6,29,7,1406
2010,6,29,8,1406
2010,6,29,9,1509
2010,6,29,10,1690
2010,6,29,11,1864
2010,6,29,12,2007
2010,6,29,13,2101
2010,6,29,14,2127
2010,6,29,15,2070
2010,6,29,16,1898
2010,6,29,17,1686
2010,6,29,18,1513
2010,6,29,19,1440
2010,6,29,20,1490
2010,6,29,21,1635
2010,6,29,22,1840
2010,6,29,23,2068
2010,6,30,0,2260
2010,6,30,1,2378
2010,6,30,2,2400
2010,6,30,3,2324
2010,6,30,4,2149
2010,6,30,5,1914
2010,6,30,6,1656
2010,6,30,7,1457
2010,6,30,8,1405
2010,6,30,9,1474
2010,6,30,10,1616
2010,6,30,11,1768
2010,6,30,12,1907
2010,6,30,13,2011
2010,6,30,14,2065
2010,6,30,15,2083
2010,6,30,16,2003
2010,6,30,17,1841
2010,6,30,18,1660
2010,6,30,19,1538
2010,6,30,20,1521
2010,6,30,21,1598
2010,6,30,22,1743
2010,6,30,23,1921
2010,7,1,0,2115
2010,7,1,1,2263
2010,7,1,2,2320
2010,7,1,3,2291
2010,7,1,4,2199
2010,7,1,5,2030
2010,7,1,6,1804
2010,7,1,7,1586
2010,7,1,8,1451
2010,7,1,9,1445
2010,7,1,10,1545
2010,7,1,11,1718
2010,7,1,12,1872
2010,7,1,13,1990
2010,7,1,14,2070
2010,7,1,15,2109
2010,7,1,16,2075
2010,7,1,17,1950
2010,7,1,18,1771
2010,7,1,19,1615
2010,7,1,20,1524
2010,7,1,21,1531
2010,7,1,22,1636
2010,7,1,23,1797
2010,7,2,0,1978
2010,7,2,1,2133
2010,7,2,2,2227
2010,7,2,3,2251
2010,7,2,4,2194
2010,7,2,5,2066
2010,7,2,6,1876
2010,7,2,7,1665
2010,7,2,8,1494
2010,7,2,9,1443
2010,7,2,10,1524
2010,7,2,11,1682
2010,7,2,12,1847
2010,7,2,13,1971
2010,7,2,14,2045
2010,7,2,15,2093
2010,7,2,16,2105
2010,7,2,17,2068
2010,7,2,18,1946
2010,7,2,19,1791
2010,7,2,20,1669
2010,7,2,21,1624
2010,7,2,22,1663
2010,7,2,23,1751
2010,7,3,0,1882
2010,7,3,1,2022
2010,7,3,2,2146
2010,7,3,3,2207
2010,7,3,4,2183
2010,7,3,5,2086
2010,7,3,6,1935
2010,7,3,7,1760
2010,7,3,8,1605
2010,7,3,9,1500
2010,7,3,10,1508
2010,7,3,11,1613
2010,7,3,12,1772
2010,7,3,13,1920
2010,7,3,14,2028
2010,7,3,15,2108
2010,7,3,16,2163
2010,7,3,17,2179
2010,7,3,18,2118
2010,7,3,19,1991
2010,7,3,20,1849
2010,7,3,21,1758
2010,7,3,22,1733
2010,7,3,23,1776
2010,7,4,0,1868
2010,7,4,1,1983
2010,7,4,2,2099
2010,7,4,3,2170
2010,7,4,4,2183
2010,7,4,5,2132
2010,7,4,6,2015
2010,7,4,7,1890
2010,7,4,8,1742
2010,7,4,9,1613
2010,7,4,10,1569
2010,7,4,11,1605
2010,7,4,12,1712
2010,7,4,13,1858
2010,7,4,14,1989
2010,7,4,15,2103
2010,7,4,16,2182
2010,7,4,17,2217
2010,7,4,18,2205
2010,7,4,19,2137
2010,7,4,20,2036
2010,7,4,21,1929
2010,7,4,22,1838
2010,7,4,23,1816
2010,7,5,0,1865
2010,7,5,1,1942
2010,7,5,2,2018
2010,7,5,3,2079
2010,7,5,4,2122
2010,7,5,5,2128
2010,7,5,6,2089
2010,7,5,7,2007
2010,7,5,8,1877
2010,7,5,9,1746
2010,7,5,10,1669
2010,7,5,11,1663
2010,7,5,12,1723
2010,7,5,13,1836
2010,7,5,14,1962
2010,7,5,15,2078
2010,7,5,16,2185
2010,7,5,17,2270
2010,7,5,18,2305
2010,7,5,19,2275
2010,7,5,20,2187
2010,7,5,21,2058
2010,7,5,22,1942
2010,7,5,23,1873
2010,7,6,0,1865
2010,7,6,1,1894
2010,7,6,2,1939
2010,7,6,3,1994
2010,7,6,4,2042
2010,7,6,5,2080
2010,7,6,6,2073
2010,7,6,7,2012
2010,7,6,8,1915
2010,7,6,9,1813
2010,7,6,10,1738
2010,7,6,11,1697
2010,7,6,12,1697
2010,7,6,13,1743
2010,7,6,14,1844
2010,7,6,15,1980
2010,7,6,16,2114
2010,7,6,17,2227
2010,7,6,18,2317
2010,7,6,19,2363
2010,7,6,20,2340
2010,7,6,21,2247
2010,7,6,22,2116
2010,7,6,23,1994
2010,7,7,0,1910
2010,7,7,1,1871
2010,7,7,2,1878
2010,7,7,3,1899
2010,7,7,4,1929
2010,7,7,5,1978
2010,7,7,6,2007
2010,7,7,7,2029
2010,7,7,8,2006
2010,7,7,9,1928
2010,7,7,10,1814
2010,7,7,11,1695
2010,7,7,12,1638
2010,7,7,13,1636
2010,7,7,14,1685
2010,7,7,15,1781
2010,7,7,16,1906
2010,7,7,17,2035
2010,7,7,18,2162
2010,7,7,19,2268
2010,7,7,20,2332
2010,7,7,21,2319
2010,7,7,22,2226
2010,7,7,23,2082
2010,7,8,0,1933
2010,7,8,1,1819
2010,7,8,2,1749
2010,7,8,3,1732
2010,7,8,4,1755
2010,7,8,5,1811
2010,7,8,6,1876
2010,7,8,7,1935
2010,7,8,8,1960
2010,7,8,9,1940
2010,7,8,10,1873
2010,7,8,11,1775
2010,7,8,12,1667
2010,7,8,13,1579
2010,7,8,14,1546
2010,7,8,15,1582
2010,7,8,16,1691
2010,7,8,17,1848
2010,7,8,18,2026
2010,7,8,19,2188
2010,7,8,20,2305
2010,7,8,21,2356
2010,7,8,22,2329
2010,7,8,23,2220
2010,7,9,0,2059
2010,7,9,1,1878
2010,7,9,2,1718
2010,7,9,3,1618
2010,7,9,4,1584
2010,7,9,5,1611
2010,7,9,6,1686
2010,7,9,7,1782
2010,7,9,8,1869
2010,7,9,9,1923
2010,7,9,10,1934
2010,7,9,11,1880
2010,7,9,12,1767
2010,7,9,13,1624
2010,7,9,14,1509
2010,7,9,15,1459
2010,7,9,16,1501
2010,7,9,17,1628
2010,7,9,18,1824
2010,7,9,19,2034
2010,7,9,20,2225
2010,7,9,21,2359
2010,7,9,22,2409
2010,7,9,23,2375
2010,7,10,0,2245
2010,7,10,1,2049
2010,7,10,2,1841
2010,7,10,3,1655
2010,7,10,4,1529
2010,7,10,5,1488
2010,7,10,6,1526
2010,7,10,7,1630
2010,7,10,8,1765
2010,7,10,9,1893
2010,7,10,10,1982
2010,7,10,11,1991
2010,7,10,12,1905
2010,7,10,13,1736
2010,7,10,14,1551
2010,7,10,15,1424
2010,7,10,16,1389
2010,7,10,17,1450
2010,7,10,18,1600
2010,7,10,19,1816
2010,7,10,20,2056
2010,7,10,21,2278
2010,7,10,22,2425
2010,7,10,23,2471
2010,7,11,0,2395
2010,7,11,1,2220
2010,7,11,2,1992
2010,7,11,3,1756
2010,7,11,4,1556
2010,7,11,5,1430
2010,7,11,6,1402
2010,7,11,7,1471
2010,7,11,8,1609
2010,7,11,9,1776
2010,7,11,10,1944
2010,7,11,11,2051
2010,7,11,12,2032
2010,7,11,13,1900
2010,7,11,14,1692
2010,7,11,15,1481
2010,7,11,16,1333
2010,7,11,17,1283
2010,7,11,18,1356
2010,7,11,19,1541
2010,7,11,20,1798
2010,7,11,21,2073
2010,7,11,22,2314
2010,7,11,23,2468
2010,7,12,0,2496
2010,7,12,1,2384
2010,7,12,2,2167
2010,7,12,3,1904
2010,7,12,4,1646
2010,7,12,5,1452
2010,7,12,6,1357
2010,7,12,7,1366
2010,7,12,8,1469
2010,7,12,9,1641
2010,7,12,10,1839
2010,7,12,11,2021
2010,7,12,12,2113
2010,7,12,13,2069
2010,7,12,14,1896
2010,7,12,15,1651
2010,7,12,16,1425
2010,7,12,17,1280
2010,7,12,18,1257
2010,7,12,19,1362
2010,7,12,20,1577
2010,7,12,21,1868
2010,7,12,22,2150
2010,7,12,23,2369
2010,7,13,0,2496
2010,7,13,1,2494
2010,7,13,2,2346
2010,7,13,3,2077
2010,7,13,4,1773
2010,7,13,5,1496
2010,7,13,6,1307
2010,7,13,7,1248
2010,7,13,8,1318
2010,7,13,9,1493
2010,7,13,10,1721
2010,7,13,11,1944
2010,7,13,12,2103
2010,7,13,13,2153
2010,7,13,14,2072
2010,7,13,15,1877
2010,7,13,16,1615
2010,7,13,17,1391
2010,7,13,18,1276
2010,7,13,19,1300
2010,7,13,20,1432
2010,7,13,21,1647
2010,7,13,22,1915
2010,7,13,23,2201
2010,7,14,0,2437
2010,7,14,1,2539
2010,7,14,2,2484
2010,7,14,3,2280
2010,7,14,4,1975
2010,7,14,5,1659
2010,7,14,6,1404
2010,7,14,7,1277
2010,7,14,8,1270
2010,7,14,9,1386
2010,7,14,10,1599
2010,7,14,11,1838
2010,7,14,12,2047
2010,7,14,13,2192
2010,7,14,14,2218
2010,7,14,15,2109
2010,7,14,16,1890
2010,7,14,17,1626
2010,7,14,18,1405
2010,7,14,19,1322
2010,7,14,20,1376
2010,7,14,21,1528
2010,7,14,22,1733
2010,7,14,23,1975
2010,7,15,0,2236
2010,7,15,1,2455
2010,7,15,2,2544
2010,7,15,3,2445
2010,7,15,4,2187
2010,7,15,5,1872
2010,7,15,6,1587
2010,7,15,7,1378
2010,7,15,8,1289
2010,7,15,9,1330
2010,7,15,10,1503
2010,7,15,11,1738
2010,7,15,12,1974
2010,7,15,13,2175
2010,7,15,14,2298
2010,7,15,15,2321
2010,7,15,16,2200
2010,7,15,17,1959
2010,7,15,18,1680
2010,7,15,19,1474
2010,7,15,20,1410
2010,7,15,21,1483
2010,7,15,22,1630
2010,7,15,23,1832
2010,7,16,0,2044
2010,7,16,1,2265
2010,7,16,2,2442
2010,7,16,3,2490
2010,7,16,4,2383
2010,7,16,5,2127
2010,7,16,6,1818
2010,7,16,7,1538
2010,7,16,8,1365
2010,7,16,9,1301
2010,7,16,10,1363
2010,7,16,11,1558
2010,7,16,12,1822
2010,7,16,13,2075
2010,7,16,14,2280
2010,7,16,15,2389
2010,7,16,16,2356
2010,7,16,17,2198
2010,7,16,18,1969
2010,7,16,19,1725
2010,7,16,20,1550
2010,7,16,21,1488
2010,7,16,22,1526
2010,7,16,23,1652
2010,7,17,0,1852
2010,7,17,1,2070
2010,7,17,2,2257
2010,7,17,3,2353
2010,7,17,4,2341
2010,7,17,5,2209
2010,7,17,6,1986
2010,7,17,7,1727
2010,7,17,8,1499
2010,7,17,9,1377
2010,7,17,10,1390
2010,7,17,11,1532
2010,7,17,12,1749
2010,7,17,13,1978
2010,7,17,14,2177
2010,7,17,15,2315
2010,7,17,16,2391
2010,7,17,17,2381
2010,7,17,18,2247
2010,7,17,19,2032
2010,7,17,20,1832
2010,7,17,21,1707
2010,7,17,22,1671
2010,7,17,23,1711
2010,7,18,0,1814
2010,7,18,1,1960
2010,7,18,2,2115
2010,7,18,3,2236
2010,7,18,4,2285
2010,7,18,5,2240
2010,7,18,6,2117
2010,7,18,7,1915
2010,7,18,8,1688
2010,7,18,9,1536
2010,7,18,10,1506
2010,7,18,11,1579
2010,7,18,12,1705
2010,7,18,13,1870
2010,7,18,14,2048
2010,7,18,15,2223
2010,7,18,16,2368
2010,7,18,17,2451
2010,7,18,18,2416
2010,7,18,19,2268
2010,7,18,20,2081
2010,7,18,21,1902
2010,7,18,22,1767
2010,7,18,23,1709
2010,7,19,0,1747
2010,7,19,1,1848
2010,7,19,2,1969
2010,7,19,3,2073
2010,7,19,4,2128
2010,7,19,5,2148
2010,7,19,6,2126
2010,7,19,7,2029
2010,7,19,8,1859
2010,7,19,9,1690
2010,7,19,10,1559
2010,7,19,11,1542
2010,7,19,12,1626
2010,7,19,13,1765
2010,7,19,14,1911
2010,7,19,15,2060
2010,7,19,16,2208
2010,7,19,17,2344
2010,7,19,18,2419
2010,7,19,19,2398
2010,7,19,20,2281
2010,7,19,21,2079
2010,7,19,22,1891
2010,7,19,23,1774
2010,7,20,0,1750
2010,7,20,1,1782
2010,7,20,2,1836
2010,7,20,3,1895
2010,7,20,4,1950
2010,7,20,5,2010
2010,7,20,6,2042
2010,7,20,7,2012
2010,7,20,8,1927
2010,7,20,9,1798
2010,7,20,10,1692
2010,7,20,11,1636
2010,7,20,12,1641
2010,7,20,13,1683
2010,7,20,14,1762
2010,7,20,15,1865
2010,7,20,16,1994
2010,7,20,17,2149
2010,7,20,18,2290
2010,7,20,19,2385
2010,7,20,20,2390
2010,7,20,21,2295
2010,7,20,22,2138
2010,7,20,23,1978
2010,7,21,0,1863
2010,7,21,1,1800
2010,7,21,2,1796
2010,7,21,3,1824
2010,7,21,4,1862
2010,7,21,5,1907
2010,7,21,6,1949
2010,7,21,7,2003
2010,7,21,8,2024
2010,7,21,9,1985
2010,7,21,10,1896
2010,7,21,11,1779
2010,7,21,12,1696
2010,7,21,13,1669
2010,7,21,14,1700
2010,7,21,15,1776
2010,7,21,16,1891
2010,7,21,17,2027
2010,7,21,18,2175
2010,7,21,19,2328
2010,7,21,20,2438
2010,7,21,21,2459
2010,7,21,22,2372
2010,7,21,23,2201
2010,7,22,0,2012
2010,7,22,1,1861
2010,7,22,2,1773
2010,7,22,3,1735
2010,7,22,4,1731
2010,7,22,5,1753
2010,7,22,6,1817
2010,7,22,7,1914
2010,7,22,8,1995
2010,7,22,9,2024
2010,7,22,10,1990
2010,7,22,11,1899
2010,7,22,12,1787
2010,7,22,13,1699
2010,7,22,14,1655
2010,7,22,15,1670
2010,7,22,16,1739
2010,7,22,17,1862
2010,7,22,18,2019
2010,7,22,19,2189
2010,7,22,20,2345
2010,7,22,21,2437
2010,7,22,22,2442
2010,7,22,23,2349
2010,7,23,0,2181
2010,7,23,1,1995
2010,7,23,2,1837
2010,7,23,3,1728
2010,7,23,4,1666
2010,7,23,5,1654
2010,7,23,6,1695
2010,7,23,7,1778
2010,7,23,8,1878
2010,7,23,9,1972
2010,7,23,10,2034
2010,7,23,11,2021
2010,7,23,12,1924
2010,7,23,13,1787
2010,7,23,14,1657
2010,7,23,15,1581
2010,7,23,16,1584
2010,7,23,17,1674
2010,7,23,18,1821
2010,7,23,19,2002
2010,7,23,20,2194
2010,7,23,21,2354
2010,7,23,22,2451
2010,7,23,23,2456
2010,7,24,0,2356
2010,7,24,1,2174
2010,7,24,2,1970
2010,7,24,3,1782
2010,7,24,4,1651
2010,7,24,5,1589
2010,7,24,6,1603
2010,7,24,7,1688
2010,7,24,8,1819
2010,7,24,9,1951
2010,7,24,10,2059
2010,7,24,11,2108
2010,7,24,12,2054
2010,7,24,13,1919
2010,7,24,14,1742
2010,7,24,15,1599
2010,7,24,16,1536
2010,7,24,17,1558
2010,7,24,18,1660
2010,7,24,19,1819
2010,7,24,20,2025
2010,7,24,21,2234
2010,7,24,22,2408
2010,7,24,23,2509
2010,7,25,0,2488
2010,7,25,1,2347
2010,7,25,2,2131
2010,7,25,3,1896
2010,7,25,4,1706
2010,7,25,5,1589
2010,7,25,6,1558
2010,7,25,7,1595
2010,7,25,8,1687
2010,7,25,9,1835
2010,7,25,10,1996
2010,7,25,11,2115
2010,7,25,12,2138
2010,7,25,13,2048
2010,7,25,14,1872
2010,7,25,15,1685
2010,7,25,16,1532
2010,7,25,17,1475
2010,7,25,18,1533
2010,7,25,19,1661
2010,7,25,20,1864
2010,7,25,21,2084
2010,7,25,22,2284
2010,7,25,23,2429
2010,7,26,0,2465
2010,7,26,1,2403
2010,7,26,2,2238
2010,7,26,3,2003
2010,7,26,4,1758
2010,7,26,5,1564
2010,7,26,6,1475
2010,7,26,7,1504
2010,7,26,8,1614
2010,7,26,9,1773
2010,7,26,10,1939
2010,7,26,11,2078
2010,7,26,12,2154
2010,7,26,13,2135
2010,7,26,14,2014
2010,7,26,15,1826
2010,7,26,16,1627
2010,7,26,17,1485
2010,7,26,18,1450
2010,7,26,19,1545
2010,7,26,20,1734
2010,7,26,21,1962
2010,7,26,22,2178
2010,7,26,23,2342
2010,7,27,0,2424
2010,7,27,1,2418
2010,7,27,2,2318
2010,7,27,3,2119
2010,7,27,4,1866
2010,7,27,5,1635
2010,7,27,6,1484
2010,7,27,7,1442
2010,7,27,8,1517
2010,7,27,9,1664
2010,7,27,10,1843
2010,7,27,11,2001
2010,7,27,12,2113
2010,7,27,13,2159
2010,7,27,14,2098
2010,7,27,15,1943
2010,7,27,16,1732
2010,7,27,17,1535
2010,7,27,18,1415
2010,7,27,19,1427
2010,7,27,20,1574
2010,7,27,21,1805
2010,7,27,22,2052
2010,7,27,23,2241
2010,7,28,0,2355
2010,7,28,1,2394
2010,7,28,2,2342
2010,7,28,3,2176
2010,7,28,4,1928
2010,7,28,5,1684
2010,7,28,6,1474
2010,7,28,7,1425
2010,7,28,8,1471
2010,7,28,9,1607
2010,7,28,10,1797
2010,7,28,11,1987
2010,7,28,12,2131
2010,7,28,13,2187
2010,7,28,14,2147
2010,7,28,15,2018
2010,7,28,16,1822
2010,7,28,17,1621
2010,7,28,18,1479
2010,7,28,19,1434
2010,7,28,20,1511
2010,7,28,21,1693
2010,7,28,22,1918
2010,7,28,23,2141
2010,7,29,0,2305
2010,7,29,1,2379
2010,7,29,2,2348
2010,7,29,3,2227
2010,7,29,4,2032
2010,7,29,5,1786
2010,7,29,6,1563
2010,7,29,7,1431
2010,7,29,8,1424
2010,7,29,9,1522
2010,7,29,10,1715
2010,7,29,11,1940
2010,7,29,12,2114
2010,7,29,13,2214
2010,7,29,14,2221
2010,7,29,15,2152
2010,7,29,16,1998
2010,7,29,17,1798
2010,7,29,18,1609
2010,7,29,19,1494
2010,7,29,20,1513
2010,7,29,21,1642
2010,7,29,22,1857
2010,7,29,23,2075
2010,7,30,0,2248
2010,7,30,1,2346
2010,7,30,2,2372
2010,7,30,3,2316
2010,7,30,4,2136
2010,7,30,5,1891
2010,7,30,6,1633
2010,7,30,7,1449
2010,7,30,8,1400
2010,7,30,9,1468
2010,7,30,10,1641
2010,7,30,11,1848
2010,7,30,12,2037
2010,7,30,13,2177
2010,7,30,14,2239
2010,7,30,15,2209
2010,7,30,16,2082
2010,7,30,17,1884
2010,7,30,18,1678
2010,7,30,19,1532
2010,7,30,20,1504
2010,7,30,21,1571
2010,7,30,22,1712
2010,7,30,23,1891
2010,7,31,0,2066
2010,7,31,1,2211
2010,7,31,2,2294
2010,7,31,3,2293
2010,7,31,4,2170
2010,7,31,5,1956
2010,7,31,6,1712
2010,7,31,7,1502
2010,7,31,8,1408
2010,7,31,9,1438
2010,7,31,10,1574
2010,7,31,11,1756
2010,7,31,12,1944
2010,7,31,13,2103
2010,7,31,14,2216
2010,7,31,15,2259
2010,7,31,16,2189
2010,7,31,17,2026
2010,7,31,18,1820
2010,7,31,19,1646
2010,7,31,20,1560
2010,7,31,21,1581
2010,7,31,22,1678
2010,7,31,23,1814
2010,8,1,0,1957
2010,8,1,1,2082
2010,8,1,2,2182
2010,8,1,3,2231
2010,8,1,4,2181
2010,8,1,5,2019
2010,8,1,6,1791
2010,8,1,7,1583
2010,8,1,8,1463
2010,8,1,9,1456
2010,8,1,10,1541
2010,8,1,11,1672
2010,8,1,12,1839
2010,8,1,13,2008
2010,8,1,14,2141
2010,8,1,15,2205
2010,8,1,16,2189
2010,8,1,17,2094
2010,8,1,18,1946
2010,8,1,19,1785
2010,8,1,20,1663
2010,8,1,21,1622
2010,8,1,22,1659
2010,8,1,23,1756
2010,8,2,0,1872
2010,8,2,1,1975
2010,8,2,2,2055
2010,8,2,3,2103
2010,8,2,4,2105
2010,8,2,5,2027
2010,8,2,6,1867
2010,8,2,7,1674
2010,8,2,8,1522
2010,8,2,9,1474
2010,8,2,10,1521
2010,8,2,11,1627
2010,8,2,12,1773
2010,8,2,13,1931
2010,8,2,14,2070
2010,8,2,15,2167
2010,8,2,16,2204
2010,8,2,17,2180
2010,8,2,18,2093
2010,8,2,19,1955
2010,8,2,20,1802
2010,8,2,21,1704
2010,8,2,22,1695
2010,8,2,23,1740
2010,8,3,0,1811
2010,8,3,1,1883
2010,8,3,2,1946
2010,8,3,3,1999
2010,8,3,4,2043
2010,8,3,5,2033
2010,8,3,6,1934
2010,8,3,7,1770
2010,8,3,8,1606
2010,8,3,9,1513
2010,8,3,10,1516
2010,8,3,11,1591
2010,8,3,12,1702
2010,8,3,13,1835
2010,8,3,14,1964
2010,8,3,15,2072
2010,8,3,16,2123
2010,8,3,17,2128
2010,8,3,18,2107
2010,8,3,19,2030
2010,8,3,20,1907
2010,8,3,21,1784
2010,8,3,22,1698
2010,8,3,23,1664
2010,8,4,0,1685
2010,8,4,1,1742
2010,8,4,2,1791
2010,8,4,3,1832
2010,8,4,4,1869
2010,8,4,5,1891
2010,8,4,6,1875
2010,8,4,7,1797
2010,8,4,8,1675
2010,8,4,9,1558
2010,8,4,10,1510
2010,8,4,11,1535
2010,8,4,12,1611
2010,8,4,13,1706
2010,8,4,14,1805
2010,8,4,15,1911
2010,8,4,16,2002
2010,8,4,17,2076
2010,8,4,18,2110
2010,8,4,19,2096
2010,8,4,20,2028
2010,8,4,21,1921
2010,8,4,22,1810
2010,8,4,23,1729
2010,8,5,0,1690
2010,8,5,1,1693
2010,8,5,2,1715
2010,8,5,3,1749
2010,8,5,4,1794
2010,8,5,5,1828
2010,8,5,6,1842
2010,8,5,7,1815
2010,8,5,8,1748
2010,8,5,9,1662
2010,8,5,10,1596
2010,8,5,11,1566
2010,8,5,12,1574
2010,8,5,13,1613
2010,8,5,14,1680
2010,8,5,15,1770
2010,8,5,16,1873
2010,8,5,17,1987
2010,8,5,18,2087
2010,8,5,19,2145
2010,8,5,20,2149
2010,8,5,21,2098
2010,8,5,22,1991
2010,8,5,23,1864
2010,8,6,0,1754
2010,8,6,1,1676
2010,8,6,2,1647
2010,8,6,3,1650
2010,8,6,4,1671
2010,8,6,5,1706
2010,8,6,6,1757
2010,8,6,7,1809
2010,8,6,8,1827
2010,8,6,9,1806
2010,8,6,10,1745
2010,8,6,11,1662
2010,8,6,12,1586
2010,8,6,13,1540
2010,8,6,14,1546
2010,8,6,15,1607
2010,8,6,16,1720
2010,8,6,17,1855
2010,8,6,18,1998
2010,8,6,19,2120
2010,8,6,20,2211
2010,8,6,21,2234
2010,8,6,22,2171
2010,8,6,23,2033
2010,8,7,0,1867
2010,8,7,1,1706
2010,8,7,2,1604
2010,8,7,3,1563
2010,8,7,4,1559
2010,8,7,5,1583
2010,8,7,6,1638
2010,8,7,7,1726
2010,8,7,8,1807
2010,8,7,9,1863
2010,8,7,10,1867
2010,8,7,11,1797
2010,8,7,12,1680
2010,8,7,13,1562
2010,8,7,14,1490
2010,8,7,15,1481
2010,8,7,16,1534
2010,8,7,17,1648
2010,8,7,18,1816
2010,8,7,19,2012
2010,8,7,20,2192
2010,8,7,21,2306
2010,8,7,22,2325
2010,8,7,23,2239
2010,8,8,0,2078
2010,8,8,1,1883
2010,8,8,2,1684
2010,8,8,3,1525
2010,8,8,4,1443
2010,8,8,5,1453
2010,8,8,6,1532
2010,8,8,7,1661
2010,8,8,8,1806
2010,8,8,9,1929
2010,8,8,10,2002
2010,8,8,11,1983
2010,8,8,12,1873
2010,8,8,13,1709
2010,8,8,14,1555
2010,8,8,15,1452
2010,8,8,16,1428
2010,8,8,17,1489
2010,8,8,18,1633
2010,8,8,19,1842
2010,8,8,20,2079
2010,8,8,21,2291
2010,8,8,22,2435
2010,8,8,23,2449
2010,8,9,0,2333
2010,8,9,1,2117
2010,8,9,2,1856
2010,8,9,3,1612
2010,8,9,4,1434
2010,8,9,5,1358
2010,8,9,6,1388
2010,8,9,7,1508
2010,8,9,8,1685
2010,8,9,9,1874
2010,8,9,10,2035
2010,8,9,11,2125
2010,8,9,12,2097
2010,8,9,13,1938
2010,8,9,14,1705
2010,8,9,15,1474
2010,8,9,16,1338
2010,8,9,17,1341
2010,8,9,18,1466
2010,8,9,19,1670
2010,8,9,20,1917
2010,8,9,21,2169
2010,8,9,22,2381
2010,8,9,23,2500
2010,8,10,0,2482
2010,8,10,1,2335
2010,8,10,2,2080
2010,8,10,3,1790
2010,8,10,4,1527
2010,8,10,5,1352
2010,8,10,6,1308
2010,8,10,7,1375
2010,8,10,8,1535
2010,8,10,9,1766
2010,8,10,10,2013
2010,8,10,11,2211
2010,8,10,12,2282
2010,8,10,13,2184
2010,8,10,14,1958
2010,8,10,15,1678
2010,8,10,16,1436
2010,8,10,17,1306
2010,8,10,18,1315
2010,8,10,19,1452
2010,8,10,20,1681
2010,8,10,21,1976
2010,8,10,22,2272
2010,8,10,23,2497
2010,8,11,0,2593
2010,8,11,1,2534
2010,8,11,2,2332
2010,8,11,3,2028
2010,8,11,4,1700
2010,8,11,5,1414
2010,8,11,6,1248
2010,8,11,7,1249
2010,8,11,8,1405
2010,8,11,9,1658
2010,8,11,10,1941
2010,8,11,11,2183
2010,8,11,12,2334
2010,8,11,13,2356
2010,8,11,14,2234
2010,8,11,15,1976
2010,8,11,16,1660
2010,8,11,17,1399
2010,8,11,18,1284
2010,8,11,19,1329
2010,8,11,20,1496
2010,8,11,21,1746
2010,8,11,22,2030
2010,8,11,23,2300
2010,8,12,0,2501
2010,8,12,1,2574
2010,8,12,2,2497
2010,8,12,3,2268
2010,8,12,4,1932
2010,8,12,5,1586
2010,8,12,6,1340
2010,8,12,7,1236
2010,8,12,8,1311
2010,8,12,9,1504
2010,8,12,10,1804
2010,8,12,11,2073
2010,8,12,12,2335
2010,8,12,13,2479
2010,8,12,14,2463
2010,8,12,15,2292
2010,8,12,16,1989
2010,8,12,17,1647
2010,8,12,18,1398
2010,8,12,19,1314
2010,8,12,20,1369
2010,8,12,21,1531
2010,8,12,22,1778
2010,8,12,23,2054
2010,8,13,0,2307
2010,8,13,1,2475
2010,8,13,2,2500
2010,8,13,3,2355
2010,8,13,4,2091
2010,8,13,5,1768
2010,8,13,6,1463
2010,8,13,7,1267
2010,8,13,8,1239
2010,8,13,9,1374
2010,8,13,10,1618
2010,8,13,11,1928
2010,8,13,12,2204
2010,8,13,13,2393
2010,8,13,14,2472
2010,8,13,15,2426
2010,8,13,16,2227
2010,8,13,17,1925
2010,8,13,18,1637
2010,8,13,19,1447
2010,8,13,20,1391
2010,8,13,21,1452
2010,8,13,22,1609
2010,8,13,23,1826
2010,8,14,0,2072
2010,8,14,1,2287
2010,8,14,2,2410
2010,8,14,3,2392
2010,8,14,4,2242
2010,8,14,5,1981
2010,8,14,6,1672
2010,8,14,7,1399
2010,8,14,8,1246
2010,8,14,9,1271
2010,8,14,10,1455
2010,8,14,11,1748
2010,8,14,12,2032
2010,8,14,13,2276
2010,8,14,14,2446
2010,8,14,15,2516
2010,8,14,16,2433
2010,8,14,17,2193
2010,8,14,18,1882
2010,8,14,19,1604
2010,8,14,20,1431
2010,8,14,21,1392
2010,8,14,22,1472
2010,8,14,23,1639
2010,8,15,0,1845
2010,8,15,1,2042
2010,8,15,2,2188
2010,8,15,3,2255
2010,8,15,4,2228
2010,8,15,5,2075
2010,8,15,6,1832
2010,8,15,7,1554
2010,8,15,8,1356
2010,8,15,9,1306
2010,8,15,10,1427
2010,8,15,11,1629
2010,8,15,12,1860
2010,8,15,13,2085
2010,8,15,14,2277
2010,8,15,15,2424
2010,8,15,16,2464
2010,8,15,17,2376
2010,8,15,18,2163
2010,8,15,19,1906
2010,8,15,20,1693
2010,8,15,21,1567
2010,8,15,22,1552
2010,8,15,23,1632
2010,8,16,0,1770
2010,8,16,1,1913
2010,8,16,2,2027
2010,8,16,3,2093
2010,8,16,4,2127
2010,8,16,5,2098
2010,8,16,6,1976
2010,8,16,7,1773
2010,8,16,8,1553
2010,8,16,9,1429
2010,8,16,10,1451
2010,8,16,11,1597
2010,8,16,12,1812
2010,8,16,13,2014
2010,8,16,14,2143
2010,8,16,15,2260
2010,8,16,16,2350
2010,8,16,17,2379
2010,8,16,18,2328
2010,8,16,19,2169
2010,8,16,20,1970
2010,8,16,21,1785
2010,8,16,22,1683
2010,8,16,23,1684
2010,8,17,0,1752
2010,8,17,1,1844
2010,8,17,2,1902
2010,8,17,3,1947
2010,8,17,4,1999
2010,8,17,5,2034
2010,8,17,6,2020
2010,8,17,7,1915
2010,8,17,8,1761
2010,8,17,9,1629
2010,8,17,10,1577
2010,8,17,11,1615
2010,8,17,12,1732
2010,8,17,13,1876
2010,8,17,14,1997
2010,8,17,15,2096
2010,8,17,16,2190
2010,8,17,17,2273
2010,8,17,18,2324
2010,8,17,19,2270
2010,8,17,20,2148
2010,8,17,21,2009
2010,8,17,22,1879
2010,8,17,23,1809
2010,8,18,0,1788
2010,8,18,1,1799
2010,8,18,2,1837
2010,8,18,3,1883
2010,8,18,4,1935
2010,8,18,5,1982
2010,8,18,6,1997
2010,8,18,7,1956
2010,8,18,8,1873
2010,8,18,9,1772
2010,8,18,10,1696
2010,8,18,11,1690
2010,8,18,12,1737
2010,8,18,13,1813
2010,8,18,14,1902
2010,8,18,15,2002
2010,8,18,16,2118
2010,8,18,17,2230
2010,8,18,18,2325
2010,8,18,19,2357
2010,8,18,20,2328
2010,8,18,21,2249
2010,8,18,22,2135
2010,8,18,23,2023
2010,8,19,0,1925
2010,8,19,1,1879
2010,8,19,2,1857
2010,8,19,3,1849
2010,8,19,4,1863
2010,8,19,5,1891
2010,8,19,6,1941
2010,8,19,7,1995
2010,8,19,8,1998
2010,8,19,9,1944
2010,8,19,10,1858
2010,8,19,11,1789
2010,8,19,12,1764
2010,8,19,13,1779
2010,8,19,14,1827
2010,8,19,15,1881
2010,8,19,16,1953
2010,8,19,17,2060
2010,8,19,18,2184
2010,8,19,19,2297
2010,8,19,20,2368
2010,8,19,21,2368
2010,8,19,22,2288
2010,8,19,23,2175
2010,8,20,0,2057
2010,8,20,1,1945
2010,8,20,2,1863
2010,8,20,3,1801
2010,8,20,4,1788
2010,8,20,5,1807
2010,8,20,6,1868
2010,8,20,7,1946
2010,8,20,8,2004
2010,8,20,9,2029
2010,8,20,10,2005
2010,8,20,11,1935
2010,8,20,12,1859
2010,8,20,13,1790
2010,8,20,14,1752
2010,8,20,15,1754
2010,8,20,16,1810
2010,8,20,17,1917
2010,8,20,18,2059
2010,8,20,19,2221
2010,8,20,20,2364
2010,8,20,21,2447
2010,8,20,22,2432
2010,8,20,23,2331
2010,8,21,0,2180
2010,8,21,1,2020
2010,8,21,2,1888
2010,8,21,3,1789
2010,8,21,4,1737
2010,8,21,5,1729
2010,8,21,6,1784
2010,8,21,7,1893
2010,8,21,8,2009
2010,8,21,9,2100
2010,8,21,10,2130
2010,8,21,11,2087
2010,8,21,12,1990
2010,8,21,13,1871
2010,8,21,14,1764
2010,8,21,15,1710
2010,8,21,16,1727
2010,8,21,17,1816
2010,8,21,18,1954
2010,8,21,19,2128
2010,8,21,20,2306
2010,8,21,21,2450
2010,8,21,22,2518
2010,8,21,23,2486
2010,8,22,0,2371
2010,8,22,1,2196
2010,8,22,2,2010
2010,8,22,3,1842
2010,8,22,4,1724
2010,8,22,5,1693
2010,8,22,6,1734
2010,8,22,7,1835
2010,8,22,8,1968
2010,8,22,9,2102
2010,8,22,10,2202
2010,8,22,11,2225
2010,8,22,12,2157
2010,8,22,13,2019
2010,8,22,14,1850
2010,8,22,15,1716
2010,8,22,16,1662
2010,8,22,17,1693
2010,8,22,18,1797
2010,8,22,19,1964
2010,8,22,20,2159
2010,8,22,21,2361
2010,8,22,22,2512
2010,8,22,23,2555
2010,8,23,0,2474
2010,8,23,1,2290
2010,8,23,2,2062
2010,8,23,3,1844
2010,8,23,4,1686
2010,8,23,5,1617
2010,8,23,6,1632
2010,8,23,7,1724
2010,8,23,8,1870
2010,8,23,9,2044
2010,8,23,10,2205
2010,8,23,11,2306
2010,8,23,12,2300
2010,8,23,13,2168
2010,8,23,14,1963
2010,8,23,15,1763
2010,8,23,16,1638
2010,8,23,17,1620
2010,8,23,18,1706
2010,8,23,19,1859
2010,8,23,20,2053
2010,8,23,21,2266
2010,8,23,22,2460
2010,8,23,23,2570
2010,8,24,0,2560
2010,8,24,1,2432
2010,8,24,2,2201
2010,8,24,3,1947
2010,8,24,4,1730
2010,8,24,5,1609
2010,8,24,6,1595
2010,8,24,7,1660
2010,8,24,8,1802
2010,8,24,9,1991
2010,8,24,10,2183
2010,8,24,11,2329
2010,8,24,12,2370
2010,8,24,13,2296
2010,8,24,14,2115
2010,8,24,15,1885
2010,8,24,16,1679
2010,8,24,17,1553
2010,8,24,18,1568
2010,8,24,19,1699
2010,8,24,20,1907
2010,8,24,21,2135
2010,8,24,22,2338
2010,8,24,23,2476
2010,8,25,0,2509
2010,8,25,1,2449
2010,8,25,2,2273
2010,8,25,3,2007
2010,8,25,4,1737
2010,8,25,5,1547
2010,8,25,6,1486
2010,8,25,7,1542
2010,8,25,8,1683
2010,8,25,9,1872
2010,8,25,10,2075
2010,8,25,11,2259
2010,8,25,12,2373
2010,8,25,13,2339
2010,8,25,14,2187
2010,8,25,15,1969
2010,8,25,16,1749
2010,8,25,17,1601
2010,8,25,18,1552
2010,8,25,19,1604
2010,8,25,20,1749
2010,8,25,21,1967
2010,8,25,22,2206
2010,8,25,23,2395
2010,8,26,0,2482
2010,8,26,1,2473
2010,8,26,2,2365
2010,8,26,3,2141
2010,8,26,4,1862
2010,8,26,5,1617
2010,8,26,6,1484
2010,8,26,7,1500
2010,8,26,8,1645
2010,8,26,9,1853
2010,8,26,10,2076
2010,8,26,11,2279
2010,8,26,12,2420
2010,8,26,13,2450
2010,8,26,14,2359
2010,8,26,15,2168
2010,8,26,16,1910
2010,8,26,17,1682
2010,8,26,18,1558
2010,8,26,19,1573
2010,8,26,20,1695
2010,8,26,21,1891
2010,8,26,22,2120
2010,8,26,23,2311
2010,8,27,0,2430
2010,8,27,1,2455
2010,8,27,2,2393
2010,8,27,3,2225
2010,8,27,4,1976
2010,8,27,5,1716
2010,8,27,6,1517
2010,8,27,7,1447
2010,8,27,8,1533
2010,8,27,9,1712
2010,8,27,10,1990
2010,8,27,11,2226
2010,8,27,12,2379
2010,8,27,13,2419
2010,8,27,14,2368
2010,8,27,15,2238
2010,8,27,16,2039
2010,8,27,17,1801
2010,8,27,18,1596
2010,8,27,19,1506
2010,8,27,20,1548
2010,8,27,21,1711
2010,8,27,22,1948
2010,8,27,23,2190
2010,8,28,0,2357
2010,8,28,1,2410
2010,8,28,2,2367
2010,8,28,3,2244
2010,8,28,4,2041
2010,8,28,5,1788
2010,8,28,6,1552
2010,8,28,7,1418
2010,8,28,8,1447
2010,8,28,9,1613
2010,8,28,10,1875
2010,8,28,11,2138
2010,8,28,12,2336
2010,8,28,13,2437
2010,8,28,14,2438
2010,8,28,15,2351
2010,8,28,16,2179
2010,8,28,17,1957
2010,8,28,18,1727
2010,8,28,19,1585
2010,8,28,20,1583
2010,8,28,21,1697
2010,8,28,22,1889
2010,8,28,23,2092
2010,8,29,0,2261
2010,8,29,1,2359
2010,8,29,2,2371
2010,8,29,3,2287
2010,8,29,4,2111
2010,8,29,5,1878
2010,8,29,6,1648
2010,8,29,7,1490
2010,8,29,8,1457
2010,8,29,9,1564
2010,8,29,10,1774
2010,8,29,11,2022
2010,8,29,12,2247
2010,8,29,13,2390
2010,8,29,14,2438
2010,8,29,15,2395
2010,8,29,16,2269
2010,8,29,17,2082
2010,8,29,18,1870
2010,8,29,19,1690
2010,8,29,20,1607
2010,8,29,21,1648
2010,8,29,22,1776
2010,8,29,23,1960
2010,8,30,0,2135
2010,8,30,1,2259
2010,8,30,2,2299
2010,8,30,3,2259
2010,8,30,4,2147
2010,8,30,5,1964
2010,8,30,6,1743
2010,8,30,7,1556
2010,8,30,8,1466
2010,8,30,9,1497
2010,8,30,10,1651
2010,8,30,11,1909
2010,8,30,12,2149
2010,8,30,13,2306
2010,8,30,14,2391
2010,8,30,15,2411
2010,8,30,16,2339
2010,8,30,17,2184
2010,8,30,18,1990
2010,8,30,19,1801
2010,8,30,20,1674
2010,8,30,21,1653
2010,8,30,22,1715
2010,8,30,23,1831
2010,8,31,0,1983
2010,8,31,1,2126
2010,8,31,2,2198
2010,8,31,3,2197
2010,8,31,4,2126
2010,8,31,5,1988
2010,8,31,6,1804
2010,8,31,7,1617
2010,8,31,8,1485
2010,8,31,9,1462
2010,8,31,10,1576
2010,8,31,11,1791
2010,8,31,12,2022
2010,8,31,13,2199
2010,8,31,14,2314
2010,8,31,15,2369
2010,8,31,16,2355
2010,8,31,17,2266
2010,8,31,18,2117
2010,8,31,19,1940
2010,8,31,20,1782
2010,8,31,21,1697
2010,8,31,22,1704
2010,8,31,23,1772
2010,9,1,0,1874
2010,9,1,1,1981
2010,9,1,2,2062
2010,9,1,3,2093
2010,9,1,4,2068
2010,9,1,5,2003
2010,9,1,6,1876
2010,9,1,7,1710
2010,9,1,8,1561
2010,9,1,9,1488
2010,9,1,10,1518
2010,9,1,11,1642
2010,9,1,12,1831
2010,9,1,13,2007
2010,9,1,14,2148
2010,9,1,15,2248
2010,9,1,16,2294
2010,9,1,17,2278
2010,9,1,18,2202
2010,9,1,19,2069
2010,9,1,20,1925
2010,9,1,21,1808
2010,9,1,22,1754
2010,9,1,23,1754
2010,9,2,0,1787
2010,9,2,1,1858
2010,9,2,2,1920
2010,9,2,3,1961
2010,9,2,4,1976
2010,9,2,5,1962
2010,9,2,6,1900
2010,9,2,7,1780
2010,9,2,8,1647
2010,9,2,9,1549
2010,9,2,10,1536
2010,9,2,11,1610
2010,9,2,12,1747
2010,9,2,13,1900
2010,9,2,14,2016
2010,9,2,15,2111
2010,9,2,16,2182
2010,9,2,17,2229
2010,9,2,18,2239
2010,9,2,19,2174
2010,9,2,20,2069
2010,9,2,21,1951
2010,9,2,22,1859
2010,9,2,23,1810
2010,9,3,0,1795
2010,9,3,1,1808
2010,9,3,2,1822
2010,9,3,3,1844
2010,9,3,4,1889
2010,9,3,5,1932
2010,9,3,6,1953
2010,9,3,7,1910
2010,9,3,8,1819
2010,9,3,9,1716
2010,9,3,10,1648
2010,9,3,11,1641
2010,9,3,12,1677
2010,9,3,13,1732
2010,9,3,14,1820
2010,9,3,15,1938
2010,9,3,16,2062
2010,9,3,17,2174
2010,9,3,18,2247
2010,9,3,19,2265
2010,9,3,20,2216
2010,9,3,21,2130
2010,9,3,22,2038
2010,9,3,23,1932
2010,9,4,0,1836
2010,9,4,1,1761
2010,9,4,2,1722
2010,9,4,3,1726
2010,9,4,4,1777
2010,9,4,5,1857
2010,9,4,6,1919
2010,9,4,7,1943
2010,9,4,8,1923
2010,9,4,9,1859
2010,9,4,10,1762
2010,9,4,11,1685
2010,9,4,12,1644
2010,9,4,13,1645
2010,9,4,14,1693
2010,9,4,15,1776
2010,9,4,16,1876
2010,9,4,17,1999
2010,9,4,18,2150
2010,9,4,19,2274
2010,9,4,20,2327
2010,9,4,21,2308
2010,9,4,22,2221
2010,9,4,23,2082
2010,9,5,0,1926
2010,9,5,1,1790
2010,9,5,2,1687
2010,9,5,3,1634
2010,9,5,4,1642
2010,9,5,5,1715
2010,9,5,6,1824
2010,9,5,7,1934
2010,9,5,8,2009
2010,9,5,9,2018
2010,9,5,10,1966
2010,9,5,11,1879
2010,9,5,12,1770
2010,9,5,13,1664
2010,9,5,14,1589
2010,9,5,15,1582
2010,9,5,16,1662
2010,9,5,17,1810
2010,9,5,18,2013
2010,9,5,19,2211
2010,9,5,20,2357
2010,9,5,21,2431
2010,9,5,22,2417
2010,9,5,23,2313
2010,9,6,0,2131
2010,9,6,1,1917
2010,9,6,2,1710
2010,9,6,3,1573
2010,9,6,4,1527
2010,9,6,5,1576
2010,9,6,6,1689
2010,9,6,7,1848
2010,9,6,8,2024
2010,9,6,9,2150
2010,9,6,10,2189
2010,9,6,11,2122
2010,9,6,12,1972
2010,9,6,13,1768
2010,9,6,14,1588
2010,9,6,15,1491
2010,9,6,16,1485
2010,9,6,17,1584
2010,9,6,18,1766
2010,9,6,19,2000
2010,9,6,20,2232
2010,9,6,21,2427
2010,9,6,22,2541
2010,9,6,23,2526
2010,9,7,0,2361
2010,9,7,1,2111
2010,9,7,2,1838
2010,9,7,3,1611
2010,9,7,4,1483
2010,9,7,5,1456
2010,9,7,6,1528
2010,9,7,7,1685
2010,9,7,8,1904
2010,9,7,9,2129
2010,9,7,10,2295
2010,9,7,11,2333
2010,9,7,12,2226
2010,9,7,13,1996
2010,9,7,14,1724
2010,9,7,15,1510
2010,9,7,16,1387
2010,9,7,17,1376
2010,9,7,18,1485
2010,9,7,19,1689
2010,9,7,20,1962
2010,9,7,21,2238
2010,9,7,22,2452
2010,9,7,23,2539
2010,9,8,0,2463
2010,9,8,1,2267
2010,9,8,2,1973
2010,9,8,3,1663
2010,9,8,4,1426
2010,9,8,5,1320
2010,9,8,6,1353
2010,9,8,7,1494
2010,9,8,8,1728
2010,9,8,9,2005
2010,9,8,10,2258
2010,9,8,11,2429
2010,9,8,12,2441
2010,9,8,13,2283
2010,9,8,14,2005
2010,9,8,15,1704
2010,9,8,16,1454
2010,9,8,17,1319
2010,9,8,18,1343
2010,9,8,19,1501
2010,9,8,20,1750
2010,9,8,21,2040
2010,9,8,22,2306
2010,9,8,23,2487
2010,9,9,0,2542
2010,9,9,1,2454
2010,9,9,2,2208
2010,9,9,3,1876
2010,9,9,4,1560
2010,9,9,5,1354
2010,9,9,6,1302
2010,9,9,7,1400
2010,9,9,8,1608
2010,9,9,9,1880
2010,9,9,10,2173
2010,9,9,11,2430
2010,9,9,12,2573
2010,9,9,13,2540
2010,9,9,14,2324
2010,9,9,15,1984
2010,9,9,16,1644
2010,9,9,17,1405
2010,9,9,18,1319
2010,9,9,19,1382
2010,9,9,20,1552
2010,9,9,21,1808
2010,9,9,22,2098
2010,9,9,23,2361
2010,9,10,0,2527
2010,9,10,1,2550
2010,9,10,2,2397
2010,9,10,3,2095
2010,9,10,4,1753
2010,9,10,5,1470
2010,9,10,6,1321
2010,9,10,7,1329
2010,9,10,8,1483
2010,9,10,9,1742
2010,9,10,10,2055
2010,9,10,11,2368
2010,9,10,12,2607
2010,9,10,13,2681
2010,9,10,14,2584
2010,9,10,15,2313
2010,9,10,16,1948
2010,9,10,17,1597
2010,9,10,18,1358
2010,9,10,19,1289
2010,9,10,20,1385
2010,9,10,21,1604
2010,9,10,22,1866
2010,9,10,23,2113
2010,9,11,0,2328
2010,9,11,1,2456
2010,9,11,2,2435
2010,9,11,3,2246
2010,9,11,4,1926
2010,9,11,5,1590
2010,9,11,6,1334
2010,9,11,7,1241
2010,9,11,8,1325
2010,9,11,9,1546
2010,9,11,10,1849
2010,9,11,11,2200
2010,9,11,12,2459
2010,9,11,13,2616
2010,9,11,14,2638
2010,9,11,15,2509
2010,9,11,16,2226
2010,9,11,17,1852
2010,9,11,18,1529
2010,9,11,19,1337
2010,9,11,20,1323
2010,9,11,21,1458
2010,9,11,22,1677
2010,9,11,23,1906
2010,9,12,0,2117
2010,9,12,1,2296
2010,9,12,2,2373
2010,9,12,3,2315
2010,9,12,4,2102
2010,9,12,5,1793
2010,9,12,6,1497
2010,9,12,7,1312
2010,9,12,8,1304
2010,9,12,9,1444
2010,9,12,10,1703
2010,9,12,11,2015
2010,9,12,12,2300
2010,9,12,13,2499
2010,9,12,14,2592
2010,9,12,15,2571
2010,9,12,16,2408
2010,9,12,17,2129
2010,9,12,18,1812
2010,9,12,19,1547
2010,9,12,20,1408
2010,9,12,21,1419
2010,9,12,22,1547
2010,9,12,23,1738
2010,9,13,0,1923
2010,9,13,1,2079
2010,9,13,2,2186
2010,9,13,3,2226
2010,9,13,4,2150
2010,9,13,5,1960
2010,9,13,6,1693
2010,9,13,7,1452
2010,9,13,8,1339
2010,9,13,9,1397
2010,9,13,10,1580
2010,9,13,11,1831
2010,9,13,12,2062
2010,9,13,13,2253
2010,9,13,14,2406
2010,9,13,15,2487
2010,9,13,16,2445
2010,9,13,17,2259
2010,9,13,18,1992
2010,9,13,19,1730
2010,9,13,20,1549
2010,9,13,21,1497
2010,9,13,22,1542
2010,9,13,23,1633
2010,9,14,0,1745
2010,9,14,1,1859
2010,9,14,2,1953
2010,9,14,3,2022
2010,9,14,4,2034
2010,9,14,5,1954
2010,9,14,6,1785
2010,9,14,7,1589
2010,9,14,8,1449
2010,9,14,9,1421
2010,9,14,10,1507
2010,9,14,11,1676
2010,9,14,12,1873
2010,9,14,13,2049
2010,9,14,14,2178
2010,9,14,15,2263
2010,9,14,16,2309
2010,9,14,17,2275
2010,9,14,18,2141
2010,9,14,19,1941
2010,9,14,20,1762
2010,9,14,21,1649
2010,9,14,22,1618
2010,9,14,23,1648
2010,9,15,0,1712
2010,9,15,1,1781
2010,9,15,2,1834
2010,9,15,3,1888
2010,9,15,4,1940
2010,9,15,5,1947
2010,9,15,6,1877
2010,9,15,7,1745
2010,9,15,8,1612
2010,9,15,9,1537
2010,9,15,10,1539
2010,9,15,11,1617
2010,9,15,12,1738
2010,9,15,13,1865
2010,9,15,14,1974
2010,9,15,15,2061
2010,9,15,16,2138
2010,9,15,17,2182
2010,9,15,18,2159
2010,9,15,19,2057
2010,9,15,20,1911
2010,9,15,21,1774
2010,9,15,22,1697
2010,9,15,23,1682
2010,9,16,0,1716
2010,9,16,1,1764
2010,9,16,2,1791
2010,9,16,3,1799
2010,9,16,4,1820
2010,9,16,5,1856
2010,9,16,6,1868
2010,9,16,7,1823
2010,9,16,8,1732
2010,9,16,9,1641
2010,9,16,10,1592
2010,9,16,11,1600
2010,9,16,12,1662
2010,9,16,13,1752
2010,9,16,14,1846
2010,9,16,15,1927
2010,9,16,16,1993
2010,9,16,17,2050
2010,9,16,18,2093
2010,9,16,19,2087
2010,9,16,20,2022
2010,9,16,21,1911
2010,9,16,22,1798
2010,9,16,23,1724
2010,9,17,0,1695
2010,9,17,1,1712
2010,9,17,2,1733
2010,9,17,3,1738
2010,9,17,4,1743
2010,9,17,5,1775
2010,9,17,6,1835
2010,9,17,7,1882
2010,9,17,8,1883
2010,9,17,9,1836
2010,9,17,10,1766
2010,9,17,11,1707
2010,9,17,12,1689
2010,9,17,13,1707
2010,9,17,14,1753
2010,9,17,15,1822
2010,9,17,16,1893
2010,9,17,17,1974
2010,9,17,18,2057
2010,9,17,19,2121
2010,9,17,20,2139
2010,9,17,21,2088
2010,9,17,22,1986
2010,9,17,23,1865
2010,9,18,0,1770
2010,9,18,1,1718
2010,9,18,2,1684
2010,9,18,3,1663
2010,9,18,4,1673
2010,9,18,5,1714
2010,9,18,6,1785
2010,9,18,7,1864
2010,9,18,8,1930
2010,9,18,9,1937
2010,9,18,10,1879
2010,9,18,11,1795
2010,9,18,12,1711
2010,9,18,13,1650
2010,9,18,14,1618
2010,9,18,15,1635
2010,9,18,16,1703
2010,9,18,17,1816
2010,9,18,18,1934
2010,9,18,19,2031
2010,9,18,20,2102
2010,9,18,21,2136
2010,9,18,22,2108
2010,9,18,23,2015
2010,9,19,0,1874
2010,9,19,1,1725
2010,9,19,2,1614
2010,9,19,3,1572
2010,9,19,4,1582
2010,9,19,5,1630
2010,9,19,6,1718
2010,9,19,7,1834
2010,9,19,8,1950
2010,9,19,9,2023
2010,9,19,10,2026
2010,9,19,11,1961
2010,9,19,12,1840
2010,9,19,13,1716
2010,9,19,14,1615
2010,9,19,15,1562
2010,9,19,16,1579
2010,9,19,17,1660
2010,9,19,18,1776
2010,9,19,19,1909
2010,9,19,20,2043
2010,9,19,21,2142
2010,9,19,22,2183
2010,9,19,23,2131
2010,9,20,0,1991
2010,9,20,1,1805
2010,9,20,2,1631
2010,9,20,3,1515
2010,9,20,4,1476
2010,9,20,5,1522
2010,9,20,6,1620
2010,9,20,7,1753
2010,9,20,8,1924
2010,9,20,9,2064
2010,9,20,10,2157
2010,9,20,11,2131
2010,9,20,12,2028
2010,9,20,13,1846
2010,9,20,14,1674
2010,9,20,15,1561
2010,9,20,16,1527
2010,9,20,17,1580
2010,9,20,18,1694
2010,9,20,19,1844
2010,9,20,20,2003
2010,9,20,21,2151
2010,9,20,22,2258
2010,9,20,23,2266
2010,9,21,0,2162
2010,9,21,1,1977
2010,9,21,2,1763
2010,9,21,3,1588
2010,9,21,4,1498
2010,9,21,5,1509
2010,9,21,6,1590
2010,9,21,7,1733
2010,9,21,8,1914
2010,9,21,9,2091
2010,9,21,10,2229
2010,9,21,11,2284
2010,9,21,12,2220
2010,9,21,13,2057
2010,9,21,14,1850
2010,9,21,15,1663
2010,9,21,16,1549
2010,9,21,17,1531
2010,9,21,18,1595
2010,9,21,19,1727
2010,9,21,20,1905
2010,9,21,21,2098
2010,9,21,22,2260
2010,9,21,23,2330
2010,9,22,0,2281
2010,9,22,1,2124
2010,9,22,2,1898
2010,9,22,3,1667
2010,9,22,4,1500
2010,9,22,5,1454
2010,9,22,6,1539
2010,9,22,7,1706
2010,9,22,8,1916
2010,9,22,9,2138
2010,9,22,10,2313
2010,9,22,11,2407
2010,9,22,12,2397
2010,9,22,13,2287
2010,9,22,14,2028
2010,9,22,15,1802
2010,9,22,16,1604
2010,9,22,17,1513
2010,9,22,18,1545
2010,9,22,19,1662
2010,9,22,20,1846
2010,9,22,21,2056
2010,9,22,22,2242
2010,9,22,23,2354
2010,9,23,0,2358
2010,9,23,1,2249
2010,9,23,2,2034
2010,9,23,3,1768
2010,9,23,4,1533
2010,9,23,5,1420
2010,9,23,6,1458
2010,9,23,7,1609
2010,9,23,8,1837
2010,9,23,9,2077
2010,9,23,10,2284
2010,9,23,11,2429
2010,9,23,12,2491
2010,9,23,13,2433
2010,9,23,14,2218
2010,9,23,15,1963
2010,9,23,16,1700
2010,9,23,17,1519
2010,9,23,18,1468
2010,9,23,19,1556
2010,9,23,20,1750
2010,9,23,21,1986
2010,9,23,22,2182
2010,9,23,23,2309
2010,9,24,0,2353
2010,9,24,1,2291
2010,9,24,2,2130
2010,9,24,3,1877
2010,9,24,4,1603
2010,9,24,5,1420
2010,9,24,6,1402
2010,9,24,7,1548
2010,9,24,8,1775
2010,9,24,9,2020
2010,9,24,10,2240
2010,9,24,11,2414
2010,9,24,12,2520
2010,9,24,13,2515
2010,9,24,14,2366
2010,9,24,15,2102
2010,9,24,16,1804
2010,9,24,17,1568
2010,9,24,18,1476
2010,9,24,19,1538
2010,9,24,20,1689
2010,9,24,21,1883
2010,9,24,22,2089
2010,9,24,23,2274
2010,9,25,0,2382
2010,9,25,1,2382
2010,9,25,2,2250
2010,9,25,3,2009
2010,9,25,4,1731
2010,9,25,5,1507
2010,9,25,6,1437
2010,9,25,7,1519
2010,9,25,8,1692
2010,9,25,9,1914
2010,9,25,10,2158
2010,9,25,11,2382
2010,9,25,12,2528
2010,9,25,13,2560
2010,9,25,14,2466
2010,9,25,15,2259
2010,9,25,16,1970
2010,9,25,17,1707
2010,9,25,18,1547
2010,9,25,19,1529
2010,9,25,20,1606
2010,9,25,21,1763
2010,9,25,22,1959
2010,9,25,23,2150
2010,9,26,0,2292
2010,9,26,1,2344
2010,9,26,2,2272
2010,9,26,3,2090
2010,9,26,4,1825
2010,9,26,5,1573
2010,9,26,6,1428
2010,9,26,7,1442
2010,9,26,8,1584
2010,9,26,9,1795
2010,9,26,10,2044
2010,9,26,11,2304
2010,9,26,12,2503
2010,9,26,13,2592
2010,9,26,14,2559
2010,9,26,15,2392
2010,9,26,16,2128
2010,9,26,17,1853
2010,9,26,18,1644
2010,9,26,19,1542
2010,9,26,20,1560
2010,9,26,21,1679
2010,9,26,22,1858
2010,9,26,23,2050
2010,9,27,0,2212
2010,9,27,1,2300
2010,9,27,2,2281
2010,9,27,3,2159
2010,9,27,4,1956
2010,9,27,5,1724
2010,9,27,6,1542
2010,9,27,7,1478
2010,9,27,8,1544
2010,9,27,9,1717
2010,9,27,10,1963
2010,9,27,11,2224
2010,9,27,12,2427
2010,9,27,13,2561
2010,9,27,14,2599
2010,9,27,15,2513
2010,9,27,16,2299
2010,9,27,17,2025
2010,9,27,18,1779
2010,9,27,19,1616
2010,9,27,20,1578
2010,9,27,21,1638
2010,9,27,22,1760
2010,9,27,23,1918
2010,9,28,0,2082
2010,9,28,1,2206
2010,9,28,2,2248
2010,9,28,3,2186
2010,9,28,4,2039
2010,9,28,5,1829
2010,9,28,6,1623
2010,9,28,7,1500
2010,9,28,8,1500
2010,9,28,9,1621
2010,9,28,10,1848
2010,9,28,11,2100
2010,9,28,12,2311
2010,9,28,13,2470
2010,9,28,14,2554
2010,9,28,15,2540
2010,9,28,16,2423
2010,9,28,17,2175
2010,9,28,18,1947
2010,9,28,19,1733
2010,9,28,20,1625
2010,9,28,21,1620
2010,9,28,22,1704
2010,9,28,23,1848
2010,9,29,0,2001
2010,9,29,1,2128
2010,9,29,2,2194
2010,9,29,3,2184
2010,9,29,4,2093
2010,9,29,5,1923
2010,9,29,6,1730
2010,9,29,7,1584
2010,9,29,8,1542
2010,9,29,9,1619
2010,9,29,10,1786
2010,9,29,11,1994
2010,9,29,12,2195
2010,9,29,13,2356
2010,9,29,14,2455
2010,9,29,15,2491
2010,9,29,16,2450
2010,9,29,17,2314
2010,9,29,18,2103
2010,9,29,19,1885
2010,9,29,20,1745
2010,9,29,21,1691
2010,9,29,22,1714
2010,9,29,23,1803
2010,9,30,0,1910
2010,9,30,1,2010
2010,9,30,2,2079
2010,9,30,3,2121
2010,9,30,4,2094
2010,9,30,5,1995
2010,9,30,6,1871
2010,9,30,7,1742
2010,9,30,8,1655
2010,9,30,9,1639
2010,9,30,10,1715
2010,9,30,11,1871
2010,9,30,12,2063
2010,9,30,13,2243
2010,9,30,14,2353
2010,9,30,15,2411
2010,9,30,16,2426
2010,9,30,17,2369
2010,9,30,18,2242
2010,9,30,19,2085
2010,9,30,20,1935
2010,9,30,21,1827
2010,9,30,22,1783
2010,9,30,23,1796
2010,10,1,0,1855
2010,10,1,1,1921
2010,10,1,2,1984
2010,10,1,3,2042
2010,10,1,4,2069
2010,10,1,5,2045
2010,10,1,6,1975
2010,10,1,7,1867
2010,10,1,8,1759
2010,10,1,9,1701
2010,10,1,10,1720
2010,10,1,11,1802
2010,10,1,12,1931
2010,10,1,13,2079
2010,10,1,14,2204
2010,10,1,15,2289
2010,10,1,16,2349
2010,10,1,17,2374
2010,10,1,18,2349
2010,10,1,19,2265
2010,10,1,20,2123
2010,10,1,21,1984
2010,10,1,22,1886
2010,10,1,23,1839
2010,10,2,0,1837
2010,10,2,1,1851
2010,10,2,2,1883
2010,10,2,3,1930
2010,10,2,4,1995
2010,10,2,5,2053
2010,10,2,6,2071
2010,10,2,7,2026
2010,10,2,8,1944
2010,10,2,9,1866
2010,10,2,10,1820
2010,10,2,11,1827
2010,10,2,12,1877
2010,10,2,13,1951
2010,10,2,14,2042
2010,10,2,15,2139
2010,10,2,16,2236
2010,10,2,17,2323
2010,10,2,18,2372
2010,10,2,19,2364
2010,10,2,20,2299
2010,10,2,21,2186
2010,10,2,22,2050
2010,10,2,23,1928
2010,10,3,0,1849
2010,10,3,1,1811
2010,10,3,2,1808
2010,10,3,3,1838
2010,10,3,4,1894
2010,10,3,5,1981
2010,10,3,6,2084
2010,10,3,7,2152
2010,10,3,8,2154
2010,10,3,9,2084
2010,10,3,10,2000
2010,10,3,11,1918
2010,10,3,12,1862
2010,10,3,13,1859
2010,10,3,14,1904
2010,10,3,15,1984
2010,10,3,16,2072
2010,10,3,17,2215
2010,10,3,18,2335
2010,10,3,19,2439
2010,10,3,20,2470
2010,10,3,21,2410
2010,10,3,22,2272
2010,10,3,23,2103
2010,10,4,0,1943
2010,10,4,1,1811
2010,10,4,2,1725
2010,10,4,3,1693
2010,10,4,4,1738
2010,10,4,5,1854
2010,10,4,6,2021
2010,10,4,7,2177
2010,10,4,8,2278
2010,10,4,9,2291
2010,10,4,10,2213
2010,10,4,11,2082
2010,10,4,12,1936
2010,10,4,13,1825
2010,10,4,14,1768
2010,10,4,15,1780
2010,10,4,16,1861
2010,10,4,17,1996
2010,10,4,18,2170
2010,10,4,19,2353
2010,10,4,20,2485
2010,10,4,21,2518
2010,10,4,22,2440
2010,10,4,23,2276
2010,10,5,0,2060
2010,10,5,1,1845
2010,10,5,2,1681
2010,10,5,3,1592
2010,10,5,4,1589
2010,10,5,5,1688
2010,10,5,6,1881
2010,10,5,7,2105
2010,10,5,8,2320
2010,10,5,9,2447
2010,10,5,10,2456
2010,10,5,11,2344
2010,10,5,12,2132
2010,10,5,13,1921
2010,10,5,14,1743
2010,10,5,15,1652
2010,10,5,16,1656
2010,10,5,17,1751
2010,10,5,18,1923
2010,10,5,19,2145
2010,10,5,20,2367
2010,10,5,21,2513
2010,10,5,22,2555
2010,10,5,23,2469
2010,10,6,0,2261
2010,10,6,1,1996
2010,10,6,2,1737
2010,10,6,3,1544
2010,10,6,4,1476
2010,10,6,5,1549
2010,10,6,6,1733
2010,10,6,7,1984
2010,10,6,8,2272
2010,10,6,9,2525
2010,10,6,10,2653
2010,10,6,11,2615
2010,10,6,12,2433
2010,10,6,13,2159
2010,10,6,14,1871
2010,10,6,15,1649
2010,10,6,16,1534
2010,10,6,17,1551
2010,10,6,18,1687
2010,10,6,19,1907
2010,10,6,20,2171
2010,10,6,21,2419
2010,10,6,22,2580
2010,10,6,23,2608
2010,10,7,0,2474
2010,10,7,1,2212
2010,10,7,2,1893
2010,10,7,3,1599
2010,10,7,4,1421
2010,10,7,5,1412
2010,10,7,6,1558
2010,10,7,7,1810
2010,10,7,8,2121
2010,10,7,9,2431
2010,10,7,10,2684
2010,10,7,11,2800
2010,10,7,12,2729
2010,10,7,13,2513
2010,10,7,14,2139
2010,10,7,15,1803
2010,10,7,16,1568
2010,10,7,17,1471
2010,10,7,18,1533
2010,10,7,19,1709
2010,10,7,20,1970
2010,10,7,21,2260
2010,10,7,22,2505
2010,10,7,23,2641
2010,10,8,0,2624
2010,10,8,1,2450
2010,10,8,2,2141
2010,10,8,3,1800
2010,10,8,4,1526
2010,10,8,5,1407
2010,10,8,6,1477
2010,10,8,7,1684
2010,10,8,8,1980
2010,10,8,9,2324
2010,10,8,10,2648
2010,10,8,11,2874
2010,10,8,12,2926
2010,10,8,13,2786
2010,10,8,14,2479
2010,10,8,15,2084
2010,10,8,16,1726
2010,10,8,17,1498
2010,10,8,18,1445
2010,10,8,19,1541
2010,10,8,20,1762
2010,10,8,21,2046
2010,10,8,22,2324
2010,10,8,23,2531
2010,10,9,0,2611
2010,10,9,1,2531
2010,10,9,2,2288
2010,10,9,3,1952
2010,10,9,4,1631
2010,10,9,5,1416
2010,10,9,6,1392
2010,10,9,7,1538
2010,10,9,8,1801
2010,10,9,9,2137
2010,10,9,10,2492
2010,10,9,11,2790
2010,10,9,12,2963
2010,10,9,13,2955
2010,10,9,14,2755
2010,10,9,15,2397
2010,10,9,16,1993
2010,10,9,17,1658
2010,10,9,18,1465
2010,10,9,19,1452
2010,10,9,20,1594
2010,10,9,21,1832
2010,10,9,22,2087
2010,10,9,23,2312
2010,10,10,0,2456
2010,10,10,1,2495
2010,10,10,2,2394
2010,10,10,3,2146
2010,10,10,4,1817
2010,10,10,5,1532
2010,10,10,6,1405
2010,10,10,7,1470
2010,10,10,8,1686
2010,10,10,9,1982
2010,10,10,10,2314
2010,10,10,11,2614
2010,10,10,12,2833
2010,10,10,13,2929
2010,10,10,14,2870
2010,10,10,15,2650
2010,10,10,16,2297
2010,10,10,17,1922
2010,10,10,18,1630
2010,10,10,19,1512
2010,10,10,20,1565
2010,10,10,21,1733
2010,10,10,22,1952
2010,10,10,23,2162
2010,10,11,0,2322
2010,10,11,1,2419
2010,10,11,2,2409
2010,10,11,3,2268
2010,10,11,4,2023
2010,10,11,5,1769
2010,10,11,6,1591
2010,10,11,7,1545
2010,10,11,8,1651
2010,10,11,9,1867
2010,10,11,10,2152
2010,10,11,11,2457
2010,10,11,12,2711
2010,10,11,13,2863
2010,10,11,14,2880
2010,10,11,15,2748
2010,10,11,16,2484
2010,10,11,17,2170
2010,10,11,18,1887
2010,10,11,19,1689
2010,10,11,20,1622
2010,10,11,21,1672
2010,10,11,22,1812
2010,10,11,23,1992
2010,10,12,0,2163
2010,10,12,1,2289
2010,10,12,2,2331
2010,10,12,3,2276
2010,10,12,4,2129
2010,10,12,5,1939
2010,10,12,6,1749
2010,10,12,7,1624
2010,10,12,8,1615
2010,10,12,9,1726
2010,10,12,10,1938
2010,10,12,11,2215
2010,10,12,12,2471
2010,10,12,13,2643
2010,10,12,14,2712
2010,10,12,15,2689
2010,10,12,16,2561
2010,10,12,17,2349
2010,10,12,18,2100
2010,10,12,19,1839
2010,10,12,20,1663
2010,10,12,21,1650
2010,10,12,22,1726
2010,10,12,23,1852
2010,10,13,0,1984
2010,10,13,1,2100
2010,10,13,2,2188
2010,10,13,3,2209
2010,10,13,4,2162
2010,10,13,5,2044
2010,10,13,6,1884
2010,10,13,7,1732
2010,10,13,8,1648
2010,10,13,9,1674
2010,10,13,10,1812
2010,10,13,11,2019
2010,10,13,12,2238
2010,10,13,13,2413
2010,10,13,14,2515
2010,10,13,15,2543
2010,10,13,16,2526
2010,10,13,17,2441
2010,10,13,18,2271
2010,10,13,19,2048
2010,10,13,20,1855
2010,10,13,21,1754
2010,10,13,22,1740
2010,10,13,23,1807
2010,10,14,0,1905
2010,10,14,1,2003
2010,10,14,2,2069
2010,10,14,3,2135
2010,10,14,4,2141
2010,10,14,5,2113
2010,10,14,6,2032
2010,10,14,7,1913
2010,10,14,8,1801
2010,10,14,9,1758
2010,10,14,10,1805
2010,10,14,11,1912
2010,10,14,12,2051
2010,10,14,13,2189
2010,10,14,14,2291
2010,10,14,15,2366
2010,10,14,16,2412
2010,10,14,17,2403
2010,10,14,18,2320
2010,10,14,19,2169
2010,10,14,20,1993
2010,10,14,21,1853
2010,10,14,22,1796
2010,10,14,23,1816
2010,10,15,0,1866
2010,10,15,1,1917
2010,10,15,2,1969
2010,10,15,3,2023
2010,10,15,4,2072
2010,10,15,5,2114
2010,10,15,6,2103
2010,10,15,7,2043
2010,10,15,8,1948
2010,10,15,9,1865
2010,10,15,10,1846
2010,10,15,11,1885
2010,10,15,12,1967
2010,10,15,13,2054
2010,10,15,14,2135
2010,10,15,15,2201
2010,10,15,16,2267
2010,10,15,17,2321
2010,10,15,18,2325
2010,10,15,19,2262
2010,10,15,20,2150
2010,10,15,21,2025
2010,10,15,22,1924
2010,10,15,23,1864
2010,10,16,0,1841
2010,10,16,1,1847
2010,10,16,2,1873
2010,10,16,3,1910
2010,10,16,4,1961
2010,10,16,5,2030
2010,10,16,6,2090
2010,10,16,7,2104
2010,10,16,8,2058
2010,10,16,9,1988
2010,10,16,10,1924
2010,10,16,11,1889
2010,10,16,12,1896
2010,10,16,13,1926
2010,10,16,14,1980
2010,10,16,15,2048
2010,10,16,16,2130
2010,10,16,17,2219
2010,10,16,18,2287
2010,10,16,19,2314
2010,10,16,20,2276
2010,10,16,21,2188
2010,10,16,22,2078
2010,10,16,23,1974
2010,10,17,0,1906
2010,10,17,1,1874
2010,10,17,2,1870
2010,10,17,3,1888
2010,10,17,4,1945
2010,10,17,5,2028
2010,10,17,6,2121
2010,10,17,7,2189
2010,10,17,8,2212
2010,10,17,9,2178
2010,10,17,10,2107
2010,10,17,11,2026
2010,10,17,12,1963
2010,10,17,13,1937
2010,10,17,14,1940
2010,10,17,15,1962
2010,10,17,16,2020
2010,10,17,17,2094
2010,10,17,18,2183
2010,10,17,19,2257
2010,10,17,20,2290
2010,10,17,21,2254
2010,10,17,22,2172
2010,10,17,23,2080
2010,10,18,0,1977
2010,10,18,1,1877
2010,10,18,2,1804
2010,10,18,3,1789
2010,10,18,4,1834
2010,10,18,5,1929
2010,10,18,6,2047
2010,10,18,7,2158
2010,10,18,8,2244
2010,10,18,9,2276
2010,10,18,10,2245
2010,10,18,11,2154
2010,10,18,12,2040
2010,10,18,13,1917
2010,10,18,14,1838
2010,10,18,15,1815
2010,10,18,16,1841
2010,10,18,17,1912
2010,10,18,18,2020
2010,10,18,19,2143
2010,10,18,20,2247
2010,10,18,21,2290
2010,10,18,22,2247
2010,10,18,23,2138
2010,10,19,0,1999
2010,10,19,1,1862
2010,10,19,2,1751
2010,10,19,3,1693
2010,10,19,4,1712
2010,10,19,5,1808
2010,10,19,6,1951
2010,10,19,7,2108
2010,10,19,8,2244
2010,10,19,9,2331
2010,10,19,10,2346
2010,10,19,11,2279
2010,10,19,12,2142
2010,10,19,13,1976
2010,10,19,14,1831
2010,10,19,15,1743
2010,10,19,16,1720
2010,10,19,17,1773
2010,10,19,18,1883
2010,10,19,19,2024
2010,10,19,20,2174
2010,10,19,21,2283
2010,10,19,22,2316
2010,10,19,23,2242
2010,10,20,0,2096
2010,10,20,1,1921
2010,10,20,2,1757
2010,10,20,3,1659
2010,10,20,4,1641
2010,10,20,5,1713
2010,10,20,6,1871
2010,10,20,7,2070
2010,10,20,8,2261
2010,10,20,9,2406
2010,10,20,10,2479
2010,10,20,11,2454
2010,10,20,12,2333
2010,10,20,13,2130
2010,10,20,14,1923
2010,10,20,15,1744
2010,10,20,16,1660
2010,10,20,17,1682
2010,10,20,18,1777
2010,10,20,19,1920
2010,10,20,20,2094
2010,10,20,21,2245
2010,10,20,22,2325
2010,10,20,23,2311
2010,10,21,0,2190
2010,10,21,1,2004
2010,10,21,2,1796
2010,10,21,3,1633
2010,10,21,4,1571
2010,10,21,5,1633
2010,10,21,6,1783
2010,10,21,7,1983
2010,10,21,8,2189
2010,10,21,9,2378
2010,10,21,10,2513
2010,10,21,11,2543
2010,10,21,12,2468
2010,10,21,13,2261
2010,10,21,14,2015
2010,10,21,15,1774
2010,10,21,16,1621
2010,10,21,17,1583
2010,10,21,18,1637
2010,10,21,19,1765
2010,10,21,20,1950
2010,10,21,21,2147
2010,10,21,22,2289
2010,10,21,23,2332
2010,10,22,0,2259
2010,10,22,1,2086
2010,10,22,2,1862
2010,10,22,3,1666
2010,10,22,4,1554
2010,10,22,5,1562
2010,10,22,6,1683
2010,10,22,7,1879
2010,10,22,8,2117
2010,10,22,9,2346
2010,10,22,10,2519
2010,10,22,11,2596
2010,10,22,12,2563
2010,10,22,13,2422
2010,10,22,14,2176
2010,10,22,15,1886
2010,10,22,16,1649
2010,10,22,17,1518
2010,10,22,18,1518
2010,10,22,19,1637
2010,10,22,20,1820
2010,10,22,21,2029
2010,10,22,22,2205
2010,10,22,23,2309
2010,10,23,0,2312
2010,10,23,1,2192
2010,10,23,2,1976
2010,10,23,3,1735
2010,10,23,4,1546
2010,10,23,5,1482
2010,10,23,6,1560
2010,10,23,7,1745
2010,10,23,8,1977
2010,10,23,9,2225
2010,10,23,10,2445
2010,10,23,11,2589
2010,10,23,12,2616
2010,10,23,13,2520
2010,10,23,14,2305
2010,10,23,15,2013
2010,10,23,16,1741
2010,10,23,17,1549
2010,10,23,18,1471
2010,10,23,19,1520
2010,10,23,20,1682
2010,10,23,21,1900
2010,10,23,22,2099
2010,10,23,23,2236
2010,10,24,0,2284
2010,10,24,1,2221
2010,10,24,2,2048
2010,10,24,3,1824
2010,10,24,4,1605
2010,10,24,5,1473
2010,10,24,6,1475
2010,10,24,7,1610
2010,10,24,8,1837
2010,10,24,9,2118
2010,10,24,10,2385
2010,10,24,11,2564
2010,10,24,12,2635
2010,10,24,13,2599
2010,10,24,14,2450
2010,10,24,15,2189
2010,10,24,16,1888
2010,10,24,17,1634
2010,10,24,18,1480
2010,10,24,19,1469
2010,10,24,20,1579
2010,10,24,21,1762
2010,10,24,22,1961
2010,10,24,23,2122
2010,10,25,0,2215
2010,10,25,1,2213
2010,10,25,2,2105
2010,10,25,3,1919
2010,10,25,4,1692
2010,10,25,5,1507
2010,10,25,6,1448
2010,10,25,7,1526
2010,10,25,8,1716
2010,10,25,9,1974
2010,10,25,10,2259
2010,10,25,11,2494
2010,10,25,12,2633
2010,10,25,13,2647
2010,10,25,14,2538
2010,10,25,15,2332
2010,10,25,16,2059
2010,10,25,17,1760
2010,10,25,18,1548
2010,10,25,19,1469
2010,10,25,20,1503
2010,10,25,21,1647
2010,10,25,22,1844
2010,10,25,23,2033
2010,10,26,0,2161
2010,10,26,1,2205
2010,10,26,2,2157
2010,10,26,3,2017
2010,10,26,4,1816
2010,10,26,5,1607
2010,10,26,6,1483
2010,10,26,7,1484
2010,10,26,8,1612
2010,10,26,9,1842
2010,10,26,10,2112
2010,10,26,11,2369
2010,10,26,12,2549
2010,10,26,13,2631
2010,10,26,14,2595
2010,10,26,15,2455
2010,10,26,16,2221
2010,10,26,17,1938
2010,10,26,18,1687
2010,10,26,19,1542
2010,10,26,20,1536
2010,10,26,21,1636
2010,10,26,22,1787
2010,10,26,23,1963
2010,10,27,0,2116
2010,10,27,1,2207
2010,10,27,2,2218
2010,10,27,3,2135
2010,10,27,4,1956
2010,10,27,5,1743
2010,10,27,6,1578
2010,10,27,7,1523
2010,10,27,8,1598
2010,10,27,9,1778
2010,10,27,10,2018
2010,10,27,11,2264
2010,10,27,12,2467
2010,10,27,13,2606
2010,10,27,14,2654
2010,10,27,15,2593
2010,10,27,16,2416
2010,10,27,17,2157
2010,10,27,18,1887
2010,10,27,19,1683
2010,10,27,20,1611
2010,10,27,21,1648
2010,10,27,22,1754
2010,10,27,23,1904
2010,10,28,0,2050
2010,10,28,1,2166
2010,10,28,2,2224
2010,10,28,3,2194
2010,10,28,4,2075
2010,10,28,5,1902
2010,10,28,6,1729
2010,10,28,7,1613
2010,10,28,8,1591
2010,10,28,9,1694
2010,10,28,10,1903
2010,10,28,11,2155
2010,10,28,12,2384
2010,10,28,13,2548
2010,10,28,14,2625
2010,10,28,15,2618
2010,10,28,16,2506
2010,10,28,17,2321
2010,10,28,18,2091
2010,10,28,19,1861
2010,10,28,20,1706
2010,10,28,21,1650
2010,10,28,22,1682
2010,10,28,23,1784
2010,10,29,0,1917
2010,10,29,1,2044
2010,10,29,2,2132
2010,10,29,3,2162
2010,10,29,4,2130
2010,10,29,5,2022
2010,10,29,6,1868
2010,10,29,7,1726
2010,10,29,8,1648
2010,10,29,9,1653
2010,10,29,10,1757
2010,10,29,11,1926
2010,10,29,12,2130
2010,10,29,13,2319
2010,10,29,14,2440
2010,10,29,15,2500
2010,10,29,16,2492
2010,10,29,17,2399
2010,10,29,18,2224
2010,10,29,19,2005
2010,10,29,20,1829
2010,10,29,21,1715
2010,10,29,22,1676
2010,10,29,23,1711
2010,10,30,0,1797
2010,10,30,1,1916
2010,10,30,2,2017
2010,10,30,3,2093
2010,10,30,4,2129
2010,10,30,5,2104
2010,10,30,6,2020
2010,10,30,7,1910
2010,10,30,8,1790
2010,10,30,9,1724
2010,10,30,10,1757
2010,10,30,11,1868
2010,10,30,12,2014
2010,10,30,13,2148
2010,10,30,14,2262
2010,10,30,15,2345
2010,10,30,16,2409
2010,10,30,17,2430
2010,10,30,18,2365
2010,10,30,19,2211
2010,10,30,20,2020
2010,10,30,21,1848
2010,10,30,22,1753
2010,10,30,23,1732
2010,10,31,0,1770
2010,10,31,1,1840
2010,10,31,2,1907
2010,10,31,3,1994
2010,10,31,4,2090
2010,10,31,5,2164
2010,10,31,6,2177
2010,10,31,7,2122
2010,10,31,8,2012
2010,10,31,9,1899
2010,10,31,10,1832
2010,10,31,11,1829
2010,10,31,12,1881
2010,10,31,13,1958
2010,10,31,14,2052
2010,10,31,15,2156
2010,10,31,16,2272
2010,10,31,17,2363
2010,10,31,18,2391
2010,10,31,19,2333
2010,10,31,20,2203
2010,10,31,21,2036
2010,10,31,22,1886
2010,10,31,23,1777
2010,11,1,0,1716
2010,11,1,1,1714
2010,11,1,2,1753
2010,11,1,3,1844
2010,11,1,4,1971
2010,11,1,5,2113
2010,11,1,6,2226
2010,11,1,7,2264
2010,11,1,8,2201
2010,11,1,9,2090
2010,11,1,10,1980
2010,11,1,11,1890
2010,11,1,12,1838
2010,11,1,13,1847
2010,11,1,14,1889
2010,11,1,15,1959
2010,11,1,16,2071
2010,11,1,17,2208
2010,11,1,18,2312
2010,11,1,19,2362
2010,11,1,20,2346
2010,11,1,21,2233
2010,11,1,22,2073
2010,11,1,23,1897
2010,11,2,0,1756
2010,11,2,1,1672
2010,11,2,2,1666
2010,11,2,3,1728
2010,11,2,4,1847
2010,11,2,5,2003
2010,11,2,6,2186
2010,11,2,7,2350
2010,11,2,8,2415
2010,11,2,9,2379
2010,11,2,10,2252
2010,11,2,11,2077
2010,11,2,12,1925
2010,11,2,13,1828
2010,11,2,14,1785
2010,11,2,15,1801
2010,11,2,16,1890
2010,11,2,17,2028
2010,11,2,18,2183
2010,11,2,19,2323
2010,11,2,20,2409
2010,11,2,21,2395
2010,11,2,22,2279
2010,11,2,23,2107
2010,11,3,0,1915
2010,11,3,1,1728
2010,11,3,2,1598
2010,11,3,3,1584
2010,11,3,4,1675
2010,11,3,5,1861
2010,11,3,6,2108
2010,11,3,7,2352
2010,11,3,8,2508
2010,11,3,9,2575
2010,11,3,10,2540
2010,11,3,11,2387
2010,11,3,12,2163
2010,11,3,13,1944
2010,11,3,14,1783
2010,11,3,15,1705
2010,11,3,16,1721
2010,11,3,17,1820
2010,11,3,18,1981
2010,11,3,19,2183
2010,11,3,20,2363
2010,11,3,21,2451
2010,11,3,22,2425
2010,11,3,23,2291
2010,11,4,0,2078
2010,11,4,1,1835
2010,11,4,2,1626
2010,11,4,3,1523
2010,11,4,4,1553
2010,11,4,5,1714
2010,11,4,6,1979
2010,11,4,7,2277
2010,11,4,8,2544
2010,11,4,9,2724
2010,11,4,10,2772
2010,11,4,11,2664
2010,11,4,12,2430
2010,11,4,13,2141
2010,11,4,14,1857
2010,11,4,15,1658
2010,11,4,16,1578
2010,11,4,17,1624
2010,11,4,18,1765
2010,11,4,19,1964
2010,11,4,20,2191
2010,11,4,21,2363
2010,11,4,22,2456
2010,11,4,23,2420
2010,11,5,0,2242
2010,11,5,1,1976
2010,11,5,2,1707
2010,11,5,3,1514
2010,11,5,4,1465
2010,11,5,5,1564
2010,11,5,6,1788
2010,11,5,7,2085
2010,11,5,8,2401
2010,11,5,9,2679
2010,11,5,10,2854
2010,11,5,11,2872
2010,11,5,12,2716
2010,11,5,13,2423
2010,11,5,14,2070
2010,11,5,15,1762
2010,11,5,16,1565
2010,11,5,17,1499
2010,11,5,18,1543
2010,11,5,19,1694
2010,11,5,20,1905
2010,11,5,21,2137
2010,11,5,22,2318
2010,11,5,23,2393
2010,11,6,0,2331
2010,11,6,1,2133
2010,11,6,2,1868
2010,11,6,3,1614
2010,11,6,4,1458
2010,11,6,5,1441
2010,11,6,6,1565
2010,11,6,7,1814
2010,11,6,8,2121
2010,11,6,9,2443
2010,11,6,10,2716
2010,11,6,11,2873
2010,11,6,12,2853
2010,11,6,13,2661
2010,11,6,14,2338
2010,11,6,15,1963
2010,11,6,16,1645
2010,11,6,17,1451
2010,11,6,18,1411
2010,11,6,19,1505
2010,11,6,20,1692
2010,11,6,21,1918
2010,11,6,22,2132
2010,11,6,23,2303
2010,11,7,0,2374
2010,11,7,1,2279
2010,11,7,2,2038
2010,11,7,3,1738
2010,11,7,4,1495
2010,11,7,5,1379
2010,11,7,6,1419
2010,11,7,7,1589
2010,11,7,8,1863
2010,11,7,9,2205
2010,11,7,10,2534
2010,11,7,11,2775
2010,11,7,12,2868
2010,11,7,13,2807
2010,11,7,14,2585
2010,11,7,15,2234
2010,11,7,16,1855
2010,11,7,17,1554
2010,11,7,18,1404
2010,11,7,19,1409
2010,11,7,20,1527
2010,11,7,21,1726
2010,11,7,22,1951
2010,11,7,23,2170
2010,11,8,0,2312
2010,11,8,1,2327
2010,11,8,2,2182
2010,11,8,3,1909
2010,11,8,4,1612
2010,11,8,5,1398
2010,11,8,6,1337
2010,11,8,7,1438
2010,11,8,8,1652
2010,11,8,9,1957
2010,11,8,10,2282
2010,11,8,11,2558
2010,11,8,12,2737
2010,11,8,13,2808
2010,11,8,14,2724
2010,11,8,15,2461
2010,11,8,16,2087
2010,11,8,17,1717
2010,11,8,18,1465
2010,11,8,19,1380
2010,11,8,20,1436
2010,11,8,21,1577
2010,11,8,22,1772
2010,11,8,23,1980
2010,11,9,0,2163
2010,11,9,1,2259
2010,11,9,2,2233
2010,11,9,3,2066
2010,11,9,4,1805
2010,11,9,5,1551
2010,11,9,6,1404
2010,11,9,7,1414
2010,11,9,8,1550
2010,11,9,9,1782
2010,11,9,10,2072
2010,11,9,11,2357
2010,11,9,12,2579
2010,11,9,13,2719
2010,11,9,14,2729
2010,11,9,15,2579
2010,11,9,16,2297
2010,11,9,17,1960
2010,11,9,18,1667
2010,11,9,19,1495
2010,11,9,20,1473
2010,11,9,21,1551
2010,11,9,22,1706
2010,11,9,23,1891
2010,11,10,0,2061
2010,11,10,1,2186
2010,11,10,2,2247
2010,11,10,3,2192
2010,11,10,4,2014
2010,11,10,5,1778
2010,11,10,6,1579
2010,11,10,7,1487
2010,11,10,8,1524
2010,11,10,9,1676
2010,11,10,10,1903
2010,11,10,11,2157
2010,11,10,12,2386
2010,11,10,13,2566
2010,11,10,14,2665
2010,11,10,15,2638
2010,11,10,16,2479
2010,11,10,17,2211
2010,11,10,18,1912
2010,11,10,19,1670
2010,11,10,20,1554
2010,11,10,21,1553
2010,11,10,22,1648
2010,11,10,23,1802
2010,11,11,0,1961
2010,11,11,1,2089
2010,11,11,2,2179
2010,11,11,3,2197
2010,11,11,4,2123
2010,11,11,5,1960
2010,11,11,6,1768
2010,11,11,7,1615
2010,11,11,8,1569
2010,11,11,9,1650
2010,11,11,10,1822
2010,11,11,11,2020
2010,11,11,12,2180
2010,11,11,13,2323
2010,11,11,14,2452
2010,11,11,15,2520
2010,11,11,16,2491
2010,11,11,17,2339
2010,11,11,18,2094
2010,11,11,19,1845
2010,11,11,20,1673
2010,11,11,21,1624
2010,11,11,22,1660
2010,11,11,23,1749
2010,11,12,0,1858
2010,11,12,1,1962
2010,11,12,2,2046
2010,11,12,3,2103
2010,11,12,4,2109
2010,11,12,5,2048
2010,11,12,6,1925
2010,11,12,7,1772
2010,11,12,8,1663
2010,11,12,9,1656
2010,11,12,10,1746
2010,11,12,11,1883
2010,11,12,12,2034
2010,11,12,13,2167
2010,11,12,14,2281
2010,11,12,15,2369
2010,11,12,16,2394
2010,11,12,17,2324
2010,11,12,18,2161
2010,11,12,19,1967
2010,11,12,20,1799
2010,11,12,21,1691
2010,11,12,22,1657
2010,11,12,23,1689
2010,11,13,0,1760
2010,11,13,1,1851
2010,11,13,2,1944
2010,11,13,3,2027
2010,11,13,4,2079
2010,11,13,5,2076
2010,11,13,6,2021
2010,11,13,7,1923
2010,11,13,8,1824
2010,11,13,9,1779
2010,11,13,10,1797
2010,11,13,11,1855
2010,11,13,12,1941
2010,11,13,13,2055
2010,11,13,14,2174
2010,11,13,15,2270
2010,11,13,16,2325
2010,11,13,17,2321
2010,11,13,18,2248
2010,11,13,19,2117
2010,11,13,20,1979
2010,11,13,21,1855
2010,11,13,22,1771
2010,11,13,23,1739
2010,11,14,0,1759
2010,11,14,1,1820
2010,11,14,2,1893
2010,11,14,3,1969
2010,11,14,4,2047
2010,11,14,5,2116
2010,11,14,6,2153
2010,11,14,7,2132
2010,11,14,8,2051
2010,11,14,9,1967
2010,11,14,10,1904
2010,11,14,11,1888
2010,11,14,12,1913
2010,11,14,13,1972
2010,11,14,14,2046
2010,11,14,15,2120
2010,11,14,16,2205
2010,11,14,17,2268
2010,11,14,18,2275
2010,11,14,19,2216
2010,11,14,20,2108
2010,11,14,21,1967
2010,11,14,22,1835
2010,11,14,23,1761
2010,11,15,0,1739
2010,11,15,1,1751
2010,11,15,2,1787
2010,11,15,3,1852
2010,11,15,4,1946
2010,11,15,5,2055
2010,11,15,6,2162
2010,11,15,7,2218
2010,11,15,8,2207
2010,11,15,9,2133
2010,11,15,10,2028
2010,11,15,11,1941
2010,11,15,12,1888
2010,11,15,13,1886
2010,11,15,14,1928
2010,11,15,15,1979
2010,11,15,16,2049
2010,11,15,17,2124
2010,11,15,18,2183
2010,11,15,19,2198
2010,11,15,20,2153
2010,11,15,21,2062
2010,11,15,22,1941
2010,11,15,23,1824
2010,11,16,0,1738
2010,11,16,1,1704
2010,11,16,2,1711
2010,11,16,3,1758
2010,11,16,4,1851
2010,11,16,5,1973
2010,11,16,6,2110
2010,11,16,7,2231
2010,11,16,8,2304
2010,11,16,9,2296
2010,11,16,10,2205
2010,11,16,11,2070
2010,11,16,12,1943
2010,11,16,13,1864
2010,11,16,14,1830
2010,11,16,15,1846
2010,11,16,16,1896
2010,11,16,17,1973
2010,11,16,18,2066
2010,11,16,19,2142
2010,11,16,20,2170
2010,11,16,21,2126
2010,11,16,22,2019
2010,11,16,23,1887
2010,11,17,0,1765
2010,11,17,1,1674
2010,11,17,2,1632
2010,11,17,3,1654
2010,11,17,4,1734
2010,11,17,5,1867
2010,11,17,6,2040
2010,11,17,7,2204
2010,11,17,8,2321
2010,11,17,9,2365
2010,11,17,10,2305
2010,11,17,11,2193
2010,11,17,12,2049
2010,11,17,13,1908
2010,11,17,14,1802
2010,11,17,15,1745
2010,11,17,16,1741
2010,11,17,17,1790
2010,11,17,18,1888
2010,11,17,19,2006
2010,11,17,20,2104
2010,11,17,21,2141
2010,11,17,22,2097
2010,11,17,23,1977
2010,11,18,0,1831
2010,11,18,1,1699
2010,11,18,2,1601
2010,11,18,3,1561
2010,11,18,4,1602
2010,11,18,5,1724
2010,11,18,6,1906
2010,11,18,7,2112
2010,11,18,8,2289
2010,11,18,9,2396
2010,11,18,10,2419
2010,11,18,11,2354
2010,11,18,12,2205
2010,11,18,13,2020
2010,11,18,14,1839
2010,11,18,15,1698
2010,11,18,16,1640
2010,11,18,17,1665
2010,11,18,18,1759
2010,11,18,19,1892
2010,11,18,20,2024
2010,11,18,21,2119
2010,11,18,22,2147
2010,11,18,23,2089
2010,11,19,0,1954
2010,11,19,1,1779
2010,11,19,2,1618
2010,11,19,3,1529
2010,11,19,4,1537
2010,11,19,5,1644
2010,11,19,6,1840
2010,11,19,7,2082
2010,11,19,8,2305
2010,11,19,9,2455
2010,11,19,10,2514
2010,11,19,11,2477
2010,11,19,12,2348
2010,11,19,13,2147
2010,11,19,14,1929
2010,11,19,15,1739
2010,11,19,16,1616
2010,11,19,17,1604
2010,11,19,18,1685
2010,11,19,19,1808
2010,11,19,20,1977
2010,11,19,21,2093
2010,11,19,22,2173
2010,11,19,23,2166
2010,11,20,0,2058
2010,11,20,1,1874
2010,11,20,2,1669
2010,11,20,3,1514
2010,11,20,4,1470
2010,11,20,5,1546
2010,11,20,6,1719
2010,11,20,7,1947
2010,11,20,8,2189
2010,11,20,9,2417
2010,11,20,10,2555
2010,11,20,11,2582
2010,11,20,12,2493
2010,11,20,13,2305
2010,11,20,14,2050
2010,11,20,15,1804
2010,11,20,16,1621
2010,11,20,17,1549
2010,11,20,18,1572
2010,11,20,19,1672
2010,11,20,20,1816
2010,11,20,21,1962
2010,11,20,22,2078
2010,11,20,23,2129
2010,11,21,0,2093
2010,11,21,1,1971
2010,11,21,2,1772
2010,11,21,3,1567
2010,11,21,4,1449
2010,11,21,5,1469
2010,11,21,6,1620
2010,11,21,7,1847
2010,11,21,8,2097
2010,11,21,9,2335
2010,11,21,10,2518
2010,11,21,11,2623
2010,11,21,12,2617
2010,11,21,13,2487
2010,11,21,14,2253
2010,11,21,15,1975
2010,11,21,16,1731
2010,11,21,17,1566
2010,11,21,18,1511
2010,11,21,19,1569
2010,11,21,20,1716
2010,11,21,21,1895
2010,11,21,22,2055
2010,11,21,23,2153
2010,11,22,0,2164
2010,11,22,1,2085
2010,11,22,2,1919
2010,11,22,3,1707
2010,11,22,4,1533
2010,11,22,5,1468
2010,11,22,6,1547
2010,11,22,7,1730
2010,11,22,8,1968
2010,11,22,9,2224
2010,11,22,10,2441
2010,11,22,11,2601
2010,11,22,12,2671
2010,11,22,13,2620
2010,11,22,14,2434
2010,11,22,15,2132
2010,11,22,16,1855
2010,11,22,17,1623
2010,11,22,18,1503
2010,11,22,19,1502
2010,11,22,20,1579
2010,11,22,21,1738
2010,11,22,22,1933
2010,11,22,23,2094
2010,11,23,0,2173
2010,11,23,1,2152
2010,11,23,2,2009
2010,11,23,3,1793
2010,11,23,4,1571
2010,11,23,5,1431
2010,11,23,6,1428
2010,11,23,7,1550
2010,11,23,8,1764
2010,11,23,9,2024
2010,11,23,10,2288
2010,11,23,11,2505
2010,11,23,12,2632
2010,11,23,13,2644
2010,11,23,14,2528
2010,11,23,15,2292
2010,11,23,16,1997
2010,11,23,17,1720
2010,11,23,18,1533
2010,11,23,19,1456
2010,11,23,20,1491
2010,11,23,21,1621
2010,11,23,22,1812
2010,11,23,23,2001
2010,11,24,0,2131
2010,11,24,1,2162
2010,11,24,2,2083
2010,11,24,3,1914
2010,11,24,4,1697
2010,11,24,5,1509
2010,11,24,6,1423
2010,11,24,7,1480
2010,11,24,8,1653
2010,11,24,9,1897
2010,11,24,10,2159
2010,11,24,11,2398
2010,11,24,12,2564
2010,11,24,13,2650
2010,11,24,14,2629
2010,11,24,15,2454
2010,11,24,16,2179
2010,11,24,17,1876
2010,11,24,18,1637
2010,11,24,19,1502
2010,11,24,20,1482
2010,11,24,21,1563
2010,11,24,22,1710
2010,11,24,23,1885
2010,11,25,0,2035
2010,11,25,1,2129
2010,11,25,2,2131
2010,11,25,3,2034
2010,11,25,4,1853
2010,11,25,5,1637
2010,11,25,6,1487
2010,11,25,7,1456
2010,11,25,8,1555
2010,11,25,9,1745
2010,11,25,10,1975
2010,11,25,11,2210
2010,11,25,12,2409
2010,11,25,13,2562
2010,11,25,14,2635
2010,11,25,15,2573
2010,11,25,16,2378
2010,11,25,17,2085
2010,11,25,18,1800
2010,11,25,19,1604
2010,11,25,20,1524
2010,11,25,21,1544
2010,11,25,22,1645
2010,11,25,23,1782
2010,11,26,0,1927
2010,11,26,1,2070
2010,11,26,2,2170
2010,11,26,3,2172
2010,11,26,4,2064
2010,11,26,5,1871
2010,11,26,6,1673
2010,11,26,7,1550
2010,11,26,8,1562
2010,11,26,9,1688
2010,11,26,10,1873
2010,11,26,11,2086
2010,11,26,12,2287
2010,11,26,13,2477
2010,11,26,14,2620
2010,11,26,15,2658
2010,11,26,16,2556
2010,11,26,17,2334
2010,11,26,18,2064
2010,11,26,19,1813
2010,11,26,20,1648
2010,11,26,21,1596
2010,11,26,22,1634
2010,11,26,23,1734
2010,11,27,0,1879
2010,11,27,1,2038
2010,11,27,2,2162
2010,11,27,3,2225
2010,11,27,4,2202
2010,11,27,5,2080
2010,11,27,6,1899
2010,11,27,7,1742
2010,11,27,8,1663
2010,11,27,9,1686
2010,11,27,10,1807
2010,11,27,11,1973
2010,11,27,12,2152
2010,11,27,13,2328
2010,11,27,14,2486
2010,11,27,15,2587
2010,11,27,16,2583
2010,11,27,17,2456
2010,11,27,18,2236
2010,11,27,19,1994
2010,11,27,20,1792
2010,11,27,21,1662
2010,11,27,22,1617
2010,11,27,23,1653
2010,11,28,0,1759
2010,11,28,1,1902
2010,11,28,2,2041
2010,11,28,3,2165
2010,11,28,4,2238
2010,11,28,5,2223
2010,11,28,6,2109
2010,11,28,7,1955
2010,11,28,8,1832
2010,11,28,9,1761
2010,11,28,10,1769
2010,11,28,11,1860
2010,11,28,12,2000
2010,11,28,13,2164
2010,11,28,14,2341
2010,11,28,15,2465
2010,11,28,16,2521
2010,11,28,17,2493
2010,11,28,18,2376
2010,11,28,19,2182
2010,11,28,20,1974
2010,11,28,21,1801
2010,11,28,22,1687
2010,11,28,23,1656
2010,11,29,0,1708
2010,11,29,1,1818
2010,11,29,2,1945
2010,11,29,3,2083
2010,11,29,4,2229
2010,11,29,5,2318
2010,11,29,6,2316
2010,11,29,7,2220
2010,11,29,8,2079
2010,11,29,9,1950
2010,11,29,10,1857
2010,11,29,11,1840
2010,11,29,12,1895
2010,11,29,13,1999
2010,11,29,14,2137
2010,11,29,15,2272
2010,11,29,16,2389
2010,11,29,17,2457
2010,11,29,18,2445
2010,11,29,19,2347
2010,11,29,20,2166
2010,11,29,21,1949
2010,11,29,22,1773
2010,11,29,23,1676
2010,11,30,0,1675
2010,11,30,1,1742
2010,11,30,2,1850
2010,11,30,3,1984
2010,11,30,4,2138
2010,11,30,5,2297
2010,11,30,6,2414
2010,11,30,7,2438
2010,11,30,8,2353
2010,11,30,9,2198
2010,11,30,10,2034
2010,11,30,11,1929
2010,11,30,12,1890
2010,11,30,13,1910
2010,11,30,14,1995
2010,11,30,15,2094
2010,11,30,16,2198
2010,11,30,17,2289
2010,11,30,18,2352
2010,11,30,19,2348
2010,11,30,20,2265
2010,11,30,21,2104
2010,11,30,22,1900
2010,11,30,23,1729
2010,12,1,0,1655
2010,12,1,1,1652
2010,12,1,2,1712
2010,12,1,3,1824
2010,12,1,4,1981
2010,12,1,5,2168
2010,12,1,6,2354
2010,12,1,7,2497
2010,12,1,8,2553
2010,12,1,9,2450
2010,12,1,10,2270
2010,12,1,11,2091
2010,12,1,12,1944
2010,12,1,13,1846
2010,12,1,14,1828
2010,12,1,15,1876
2010,12,1,16,1964
2010,12,1,17,2078
2010,12,1,18,2185
2010,12,1,19,2254
2010,12,1,20,2263
2010,12,1,21,2195
2010,12,1,22,2055
2010,12,1,23,1876
2010,12,2,0,1716
2010,12,2,1,1617
2010,12,2,2,1610
2010,12,2,3,1684
2010,12,2,4,1832
2010,12,2,5,2034
2010,12,2,6,2271
2010,12,2,7,2495
2010,12,2,8,2638
2010,12,2,9,2667
2010,12,2,10,2564
2010,12,2,11,2361
2010,12,2,12,2123
2010,12,2,13,1928
2010,12,2,14,1804
2010,12,2,15,1740
2010,12,2,16,1744
2010,12,2,17,1815
2010,12,2,18,1942
2010,12,2,19,2080
2010,12,2,20,2194
2010,12,2,21,2235
2010,12,2,22,2173
2010,12,2,23,2026
2010,12,3,0,1846
2010,12,3,1,1689
2010,12,3,2,1594
2010,12,3,3,1577
2010,12,3,4,1659
2010,12,3,5,1843
2010,12,3,6,2109
2010,12,3,7,2386
2010,12,3,8,2607
2010,12,3,9,2729
2010,12,3,10,2712
2010,12,3,11,2571
2010,12,3,12,2337
2010,12,3,13,2080
2010,12,3,14,1849
2010,12,3,15,1675
2010,12,3,16,1588
2010,12,3,17,1592
2010,12,3,18,1690
2010,12,3,19,1844
2010,12,3,20,2008
2010,12,3,21,2149
2010,12,3,22,2202
2010,12,3,23,2139
2010,12,4,0,1991
2010,12,4,1,1800
2010,12,4,2,1612
2010,12,4,3,1498
2010,12,4,4,1502
2010,12,4,5,1625
2010,12,4,6,1848
2010,12,4,7,2133
2010,12,4,8,2428
2010,12,4,9,2651
2010,12,4,10,2757
2010,12,4,11,2727
2010,12,4,12,2550
2010,12,4,13,2277
2010,12,4,14,1976
2010,12,4,15,1722
2010,12,4,16,1549
2010,12,4,17,1486
2010,12,4,18,1529
2010,12,4,19,1653
2010,12,4,20,1825
2010,12,4,21,2012
2010,12,4,22,2158
2010,12,4,23,2208
2010,12,5,0,2131
2010,12,5,1,1964
2010,12,5,2,1736
2010,12,5,3,1533
2010,12,5,4,1454
2010,12,5,5,1515
2010,12,5,6,1680
2010,12,5,7,1925
2010,12,5,8,2203
2010,12,5,9,2469
2010,12,5,10,2673
2010,12,5,11,2772
2010,12,5,12,2721
2010,12,5,13,2527
2010,12,5,14,2228
2010,12,5,15,1897
2010,12,5,16,1632
2010,12,5,17,1478
2010,12,5,18,1447
2010,12,5,19,1517
2010,12,5,20,1671
2010,12,5,21,1868
2010,12,5,22,2051
2010,12,5,23,2173
2010,12,6,0,2201
2010,12,6,1,2106
2010,12,6,2,1912
2010,12,6,3,1680
2010,12,6,4,1501
2010,12,6,5,1446
2010,12,6,6,1533
2010,12,6,7,1730
2010,12,6,8,1991
2010,12,6,9,2270
2010,12,6,10,2526
2010,12,6,11,2711
2010,12,6,12,2774
2010,12,6,13,2693
2010,12,6,14,2454
2010,12,6,15,2115
2010,12,6,16,1789
2010,12,6,17,1551
2010,12,6,18,1444
2010,12,6,19,1447
2010,12,6,20,1549
2010,12,6,21,1715
2010,12,6,22,1920
2010,12,6,23,2122
2010,12,7,0,2253
2010,12,7,1,2254
2010,12,7,2,2109
2010,12,7,3,1867
2010,12,7,4,1620
2010,12,7,5,1475
2010,12,7,6,1472
2010,12,7,7,1599
2010,12,7,8,1812
2010,12,7,9,2072
2010,12,7,10,2345
2010,12,7,11,2581
2010,12,7,12,2741
2010,12,7,13,2767
2010,12,7,14,2639
2010,12,7,15,2375
2010,12,7,16,2028
2010,12,7,17,1710
2010,12,7,18,1507
2010,12,7,19,1449
2010,12,7,20,1507
2010,12,7,21,1657
2010,12,7,22,1846
2010,12,7,23,2030
2010,12,8,0,2193
2010,12,8,1,2285
2010,12,8,2,2243
2010,12,8,3,2060
2010,12,8,4,1813
2010,12,8,5,1608
2010,12,8,6,1518
2010,12,8,7,1565
2010,12,8,8,1715
2010,12,8,9,1922
2010,12,8,10,2170
2010,12,8,11,2431
2010,12,8,12,2647
2010,12,8,13,2763
2010,12,8,14,2731
2010,12,8,15,2536
2010,12,8,16,2235
2010,12,8,17,1911
2010,12,8,18,1661
2010,12,8,19,1529
2010,12,8,20,1516
2010,12,8,21,1591
2010,12,8,22,1736
2010,12,8,23,1922
2010,12,9,0,2117
2010,12,9,1,2268
2010,12,9,2,2302
2010,12,9,3,2188
2010,12,9,4,1983
2010,12,9,5,1770
2010,12,9,6,1629
2010,12,9,7,1592
2010,12,9,8,1656
2010,12,9,9,1812
2010,12,9,10,2029
2010,12,9,11,2278
2010,12,9,12,2506
2010,12,9,13,2660
2010,12,9,14,2705
2010,12,9,15,2610
2010,12,9,16,2390
2010,12,9,17,2092
2010,12,9,18,1811
2010,12,9,19,1623
2010,12,9,20,1553
2010,12,9,21,1597
2010,12,9,22,1722
2010,12,9,23,1905
2010,12,10,0,2083
2010,12,10,1,2226
2010,12,10,2,2303
2010,12,10,3,2290
2010,12,10,4,2180
2010,12,10,5,1992
2010,12,10,6,1800
2010,12,10,7,1668
2010,12,10,8,1662
2010,12,10,9,1783
2010,12,10,10,1986
2010,12,10,11,2205
2010,12,10,12,2386
2010,12,10,13,2515
2010,12,10,14,2593
2010,12,10,15,2585
2010,12,10,16,2462
2010,12,10,17,2230
2010,12,10,18,1953
2010,12,10,19,1709
2010,12,10,20,1579
2010,12,10,21,1571
2010,12,10,22,1656
2010,12,10,23,1805
2010,12,11,0,1976
2010,12,11,1,2121
2010,12,11,2,2213
2010,12,11,3,2247
2010,12,11,4,2206
2010,12,11,5,2096
2010,12,11,6,1951
2010,12,11,7,1815
2010,12,11,8,1732
2010,12,11,9,1752
2010,12,11,10,1874
2010,12,11,11,2061
2010,12,11,12,2243
2010,12,11,13,2383
2010,12,11,14,2451
2010,12,11,15,2457
2010,12,11,16,2409
2010,12,11,17,2282
2010,12,11,18,2071
2010,12,11,19,1843
2010,12,11,20,1663
2010,12,11,21,1593
2010,12,11,22,1629
2010,12,11,23,1743
2010,12,12,0,1893
2010,12,12,1,2028
2010,12,12,2,2134
2010,12,12,3,2197
2010,12,12,4,2203
2010,12,12,5,2160
2010,12,12,6,2061
2010,12,12,7,1937
2010,12,12,8,1834
2010,12,12,9,1794
2010,12,12,10,1840
2010,12,12,11,1952
2010,12,12,12,2101
2010,12,12,13,2231
2010,12,12,14,2316
2010,12,12,15,2348
2010,12,12,16,2333
2010,12,12,17,2276
2010,12,12,18,2145
2010,12,12,19,1963
2010,12,12,20,1779
2010,12,12,21,1661
2010,12,12,22,1637
2010,12,12,23,1715
2010,12,13,0,1850
2010,12,13,1,1979
2010,12,13,2,2086
2010,12,13,3,2158
2010,12,13,4,2205
2010,12,13,5,2219
2010,12,13,6,2172
2010,12,13,7,2081
2010,12,13,8,1974
2010,12,13,9,1892
2010,12,13,10,1873
2010,12,13,11,1913
2010,12,13,12,2001
2010,12,13,13,2091
2010,12,13,14,2176
2010,12,13,15,2240
2010,12,13,16,2262
2010,12,13,17,2240
2010,12,13,18,2159
2010,12,13,19,2027
2010,12,13,20,1868
2010,12,13,21,1732
2010,12,13,22,1657
2010,12,13,23,1662
2010,12,14,0,1737
2010,12,14,1,1860
2010,12,14,2,1983
2010,12,14,3,2061
2010,12,14,4,2122
2010,12,14,5,2181
2010,12,14,6,2218
2010,12,14,7,2202
2010,12,14,8,2112
2010,12,14,9,2003
2010,12,14,10,1917
2010,12,14,11,1898
2010,12,14,12,1940
2010,12,14,13,2005
2010,12,14,14,2058
2010,12,14,15,2096
2010,12,14,16,2118
2010,12,14,17,2127
2010,12,14,18,2111
2010,12,14,19,2047
2010,12,14,20,1940
2010,12,14,21,1821
2010,12,14,22,1726
2010,12,14,23,1675
2010,12,15,0,1674
2010,12,15,1,1734
2010,12,15,2,1845
2010,12,15,3,1940
2010,12,15,4,2032
2010,12,15,5,2116
2010,12,15,6,2191
2010,12,15,7,2238
2010,12,15,8,2226
2010,12,15,9,2156
2010,12,15,10,2052
2010,12,15,11,1957
2010,12,15,12,1909
2010,12,15,13,1915
2010,12,15,14,1939
2010,12,15,15,1963
2010,12,15,16,1982
2010,12,15,17,2004
2010,12,15,18,2034
2010,12,15,19,2039
2010,12,15,20,1997
2010,12,15,21,1899
2010,12,15,22,1779
2010,12,15,23,1691
2010,12,16,0,1651
2010,12,16,1,1675
2010,12,16,2,1743
2010,12,16,3,1838
2010,12,16,4,1960
2010,12,16,5,2086
2010,12,16,6,2206
2010,12,16,7,2289
2010,12,16,8,2319
2010,12,16,9,2273
2010,12,16,10,2171
2010,12,16,11,2059
2010,12,16,12,1946
2010,12,16,13,1869
2010,12,16,14,1839
2010,12,16,15,1838
2010,12,16,16,1855
2010,12,16,17,1886
2010,12,16,18,1932
2010,12,16,19,1983
2010,12,16,20,2008
2010,12,16,21,1981
2010,12,16,22,1892
2010,12,16,23,1779
2010,12,17,0,1683
2010,12,17,1,1646
2010,12,17,2,1668
2010,12,17,3,1738
2010,12,17,4,1858
2010,12,17,5,1998
2010,12,17,6,2158
2010,12,17,7,2306
2010,12,17,8,2407
2010,12,17,9,2425
2010,12,17,10,2369
2010,12,17,11,2255
2010,12,17,12,2110
2010,12,17,13,1979
2010,12,17,14,1878
2010,12,17,15,1822
2010,12,17,16,1810
2010,12,17,17,1840
2010,12,17,18,1907
2010,12,17,19,1977
2010,12,17,20,2039
2010,12,17,21,2053
2010,12,17,22,2002
2010,12,17,23,1904
2010,12,18,0,1786
2010,12,18,1,1704
2010,12,18,2,1663
2010,12,18,3,1677
2010,12,18,4,1762
2010,12,18,5,1907
2010,12,18,6,2095
2010,12,18,7,2279
2010,12,18,8,2425
2010,12,18,9,2500
2010,12,18,10,2494
2010,12,18,11,2413
2010,12,18,12,2266
2010,12,18,13,2083
2010,12,18,14,1910
2010,12,18,15,1779
2010,12,18,16,1712
2010,12,18,17,1724
2010,12,18,18,1790
2010,12,18,19,1875
2010,12,18,20,1962
2010,12,18,21,2027
2010,12,18,22,2058
2010,12,18,23,2016
2010,12,19,0,1903
2010,12,19,1,1756
2010,12,19,2,1630
2010,12,19,3,1587
2010,12,19,4,1644
2010,12,19,5,1780
2010,12,19,6,1963
2010,12,19,7,2170
2010,12,19,8,2364
2010,12,19,9,2506
2010,12,19,10,2571
2010,12,19,11,2542
2010,12,19,12,2414
2010,12,19,13,2208
2010,12,19,14,1982
2010,12,19,15,1785
2010,12,19,16,1650
2010,12,19,17,1600
2010,12,19,18,1625
2010,12,19,19,1711
2010,12,19,20,1836
2010,12,19,21,1955
2010,12,19,22,2042
2010,12,19,23,2054
2010,12,20,0,1994
2010,12,20,1,1839
2010,12,20,2,1693
2010,12,20,3,1568
2010,12,20,4,1526
2010,12,20,5,1601
2010,12,20,6,1774
2010,12,20,7,2003
2010,12,20,8,2247
2010,12,20,9,2457
2010,12,20,10,2594
2010,12,20,11,2636
2010,12,20,12,2564
2010,12,20,13,2391
2010,12,20,14,2137
2010,12,20,15,1867
2010,12,20,16,1652
2010,12,20,17,1539
2010,12,20,18,1543
2010,12,20,19,1618
2010,12,20,20,1739
2010,12,20,21,1881
2010,12,20,22,2017
2010,12,20,23,2107
2010,12,21,0,2107
2010,12,21,1,2002
2010,12,21,2,1808
2010,12,21,3,1602
2010,12,21,4,1477
2010,12,21,5,1483
2010,12,21,6,1620
2010,12,21,7,1841
2010,12,21,8,2103
2010,12,21,9,2350
2010,12,21,10,2545
2010,12,21,11,2659
2010,12,21,12,2666
2010,12,21,13,2555
2010,12,21,14,2328
2010,12,21,15,2038
2010,12,21,16,1757
2010,12,21,17,1561
2010,12,21,18,1487
2010,12,21,19,1510
2010,12,21,20,1621
2010,12,21,21,1791
2010,12,21,22,1969
2010,12,21,23,2114
2010,12,22,0,2179
2010,12,22,1,2128
2010,12,22,2,1953
2010,12,22,3,1710
2010,12,22,4,1512
2010,12,22,5,1423
2010,12,22,6,1482
2010,12,22,7,1656
2010,12,22,8,1894
2010,12,22,9,2165
2010,12,22,10,2417
2010,12,22,11,2610
2010,12,22,12,2692
2010,12,22,13,2654
2010,12,22,14,2493
2010,12,22,15,2216
2010,12,22,16,1903
2010,12,22,17,1630
2010,12,22,18,1456
2010,12,22,19,1399
2010,12,22,20,1463
2010,12,22,21,1623
2010,12,22,22,1824
2010,12,22,23,2017
2010,12,23,0,2153
2010,12,23,1,2182
2010,12,23,2,2085
2010,12,23,3,1874
2010,12,23,4,1638
2010,12,23,5,1453
2010,12,23,6,1389
2010,12,23,7,1479
2010,12,23,8,1681
2010,12,23,9,1934
2010,12,23,10,2206
2010,12,23,11,2451
2010,12,23,12,2628
2010,12,23,13,2693
2010,12,23,14,2627
2010,12,23,15,2426
2010,12,23,16,2108
2010,12,23,17,1769
2010,12,23,18,1514
2010,12,23,19,1383
2010,12,23,20,1387
2010,12,23,21,1506
2010,12,23,22,1700
2010,12,23,23,1918
2010,12,24,0,2109
2010,12,24,1,2215
2010,12,24,2,2204
2010,12,24,3,2058
2010,12,24,4,1826
2010,12,24,5,1599
2010,12,24,6,1449
2010,12,24,7,1435
2010,12,24,8,1545
2010,12,24,9,1752
2010,12,24,10,2013
2010,12,24,11,2289
2010,12,24,12,2524
2010,12,24,13,2666
2010,12,24,14,2679
2010,12,24,15,2556
2010,12,24,16,2304
2010,12,24,17,1986
2010,12,24,18,1681
2010,12,24,19,1469
2010,12,24,20,1382
2010,12,24,21,1426
2010,12,24,22,1568
2010,12,24,23,1771
2010,12,25,0,1996
2010,12,25,1,2181
2010,12,25,2,2260
2010,12,25,3,2214
2010,12,25,4,2055
2010,12,25,5,1830
2010,12,25,6,1614
2010,12,25,7,1480
2010,12,25,8,1477
2010,12,25,9,1602
2010,12,25,10,1809
2010,12,25,11,2052
2010,12,25,12,2288
2010,12,25,13,2490
2010,12,25,14,2597
2010,12,25,15,2582
2010,12,25,16,2431
2010,12,25,17,2170
2010,12,25,18,1861
2010,12,25,19,1577
2010,12,25,20,1403
2010,12,25,21,1369
2010,12,25,22,1459
2010,12,25,23,1633
2010,12,26,0,1847
2010,12,26,1,2050
2010,12,26,2,2197
2010,12,26,3,2250
2010,12,26,4,2190
2010,12,26,5,2035
2010,12,26,6,1826
2010,12,26,7,1625
2010,12,26,8,1519
2010,12,26,9,1533
2010,12,26,10,1655
2010,12,26,11,1834
2010,12,26,12,2037
2010,12,26,13,2246
2010,12,26,14,2407
2010,12,26,15,2482
2010,12,26,16,2440
2010,12,26,17,2270
2010,12,26,18,2023
2010,12,26,19,1755
2010,12,26,20,1524
2010,12,26,21,1395
2010,12,26,22,1381
2010,12,26,23,1489
2010,12,27,0,1689
2010,12,27,1,1903
2010,12,27,2,2084
2010,12,27,3,2210
2010,12,27,4,2271
2010,12,27,5,2235
2010,12,27,6,2086
2010,12,27,7,1876
2010,12,27,8,1687
2010,12,27,9,1576
2010,12,27,10,1573
2010,12,27,11,1675
2010,12,27,12,1845
2010,12,27,13,2041
2010,12,27,14,2228
2010,12,27,15,2355
2010,12,27,16,2395
2010,12,27,17,2341
2010,12,27,18,2183
2010,12,27,19,1948
2010,12,27,20,1701
2010,12,27,21,1521
2010,12,27,22,1455
2010,12,27,23,1501
2010,12,28,0,1626
2010,12,28,1,1790
2010,12,28,2,1971
2010,12,28,3,2137
2010,12,28,4,2276
2010,12,28,5,2351
2010,12,28,6,2315
2010,12,28,7,2168
2010,12,28,8,1982
2010,12,28,9,1810
2010,12,28,10,1700
2010,12,28,11,1690
2010,12,28,12,1769
2010,12,28,13,1895
2010,12,28,14,2033
2010,12,28,15,2169
2010,12,28,16,2259
2010,12,28,17,2288
2010,12,28,18,2232
2010,12,28,19,2083
2010,12,28,20,1874
2010,12,28,21,1677
2010,12,28,22,1547
2010,12,28,23,1507
2010,12,29,0,1541
2010,12,29,1,1647
2010,12,29,2,1808
2010,12,29,3,1993
2010,12,29,4,2178
2010,12,29,5,2328
2010,12,29,6,2406
2010,12,29,7,2377
2010,12,29,8,2245
2010,12,29,9,2055
2010,12,29,10,1868
2010,12,29,11,1751
2010,12,29,12,1734
2010,12,29,13,1786
2010,12,29,14,1887
2010,12,29,15,2004
2010,12,29,16,2098
2010,12,29,17,2175
2010,12,29,18,2202
2010,12,29,19,2166
2010,12,29,20,2042
2010,12,29,21,1852
2010,12,29,22,1666
2010,12,29,23,1546
2010,12,30,0,1526
2010,12,30,1,1598
2010,12,30,2,1730
2010,12,30,3,1881
2010,12,30,4,2052
2010,12,30,5,2237
2010,12,30,6,2403
2010,12,30,7,2496
2010,12,30,8,2469
2010,12,30,9,2335
2010,12,30,10,2142
2010,12,30,11,1969
2010,12,30,12,1856
2010,12,30,13,1810
2010,12,30,14,1826
2010,12,30,15,1877
2010,12,30,16,1943
2010,12,30,17,2014
2010,12,30,18,2073
2010,12,30,19,2123
2010,12,30,20,2109
2010,12,30,21,2009
2010,12,30,22,1851
2010,12,30,23,1680
2010,12,31,0,1572
2010,12,31,1,1549
2010,12,31,2,1614
2010,12,31,3,1721
2010,12,31,4,1876
2010,12,31,5,2078
2010,12,31,6,2291
2010,12,31,7,2462
2010,12,31,8,2560
2010,12,31,9,2526
2010,12,31,10,2407
2010,12,31,11,2206
2010,12,31,12,2018
2010,12,31,13,1871
2010,12,31,14,1788
2010,12,31,15,1764
2010,12,31,16,1789
2010,12,31,17,1850
2010,12,31,18,1937
2010,12,31,19,2015
2010,12,31,20,2063
2010,12,31,21,2074
2010,12,31,22,2000
2010,12,31,23,1860
2011,1,1,0,1699
2011,1,1,1,1587
2011,1,1,2,1546
2011,1,1,3,1574
2011,1,1,4,1691
2011,1,1,5,1875
2011,1,1,6,2101
2011,1,1,7,2327
2011,1,1,8,2507
2011,1,1,9,2607
2011,1,1,10,2588
2011,1,1,11,2461
2011,1,1,12,2256
2011,1,1,13,2029
2011,1,1,14,1834
2011,1,1,15,1709
2011,1,1,16,1665
2011,1,1,17,1689
2011,1,1,18,1761
2011,1,1,19,1862
2011,1,1,20,1969
2011,1,1,21,2051
2011,1,1,22,2065
2011,1,1,23,1989
2011,1,2,0,1847
2011,1,2,1,1693
2011,1,2,2,1575
2011,1,2,3,1519
2011,1,2,4,1560
2011,1,2,5,1686
2011,1,2,6,1875
2011,1,2,7,2109
2011,1,2,8,2356
2011,1,2,9,2547
2011,1,2,10,2628
2011,1,2,11,2599
2011,1,2,12,2467
2011,1,2,13,2250
2011,1,2,14,2003
2011,1,2,15,1781
2011,1,2,16,1618
2011,1,2,17,1572
2011,1,2,18,1621
2011,1,2,19,1734
2011,1,2,20,1863
2011,1,2,21,1981
2011,1,2,22,2070
2011,1,2,23,2085
2011,1,3,0,2027
2011,1,3,1,1890
2011,1,3,2,1706
2011,1,3,3,1546
2011,1,3,4,1473
2011,1,3,5,1526
2011,1,3,6,1680
2011,1,3,7,1904
2011,1,3,8,2167
2011,1,3,9,2412
2011,1,3,10,2595
2011,1,3,11,2655
2011,1,3,12,2610
2011,1,3,13,2452
2011,1,3,14,2199
2011,1,3,15,1910
2011,1,3,16,1663
2011,1,3,17,1529
2011,1,3,18,1525
2011,1,3,19,1617
2011,1,3,20,1748
2011,1,3,21,1882
2011,1,3,22,2021
2011,1,3,23,2131
2011,1,4,0,2150
2011,1,4,1,2056
2011,1,4,2,1858
2011,1,4,3,1632
2011,1,4,4,1468
2011,1,4,5,1436
2011,1,4,6,1526
2011,1,4,7,1708
2011,1,4,8,1947
2011,1,4,9,2223
2011,1,4,10,2476
2011,1,4,11,2646
2011,1,4,12,2697
2011,1,4,13,2602
2011,1,4,14,2382
2011,1,4,15,2081
2011,1,4,16,1775
2011,1,4,17,1556
2011,1,4,18,1464
2011,1,4,19,1495
2011,1,4,20,1613
2011,1,4,21,1778
2011,1,4,22,1957
2011,1,4,23,2104
2011,1,5,0,2192
2011,1,5,1,2182
2011,1,5,2,2041
2011,1,5,3,1807
2011,1,5,4,1569
2011,1,5,5,1426
2011,1,5,6,1449
2011,1,5,7,1602
2011,1,5,8,1817
2011,1,5,9,2061
2011,1,5,10,2317
2011,1,5,11,2531
2011,1,5,12,2665
2011,1,5,13,2680
2011,1,5,14,2545
2011,1,5,15,2270
2011,1,5,16,1932
2011,1,5,17,1650
2011,1,5,18,1486
2011,1,5,19,1451
2011,1,5,20,1528
2011,1,5,21,1676
2011,1,5,22,1856
2011,1,5,23,2037
2011,1,6,0,2176
2011,1,6,1,2224
2011,1,6,2,2139
2011,1,6,3,1955
2011,1,6,4,1732
2011,1,6,5,1533
2011,1,6,6,1444
2011,1,6,7,1504
2011,1,6,8,1672
2011,1,6,9,1896
2011,1,6,10,2145
2011,1,6,11,2382
2011,1,6,12,2550
2011,1,6,13,2608
2011,1,6,14,2553
2011,1,6,15,2360
2011,1,6,16,2058
2011,1,6,17,1747
2011,1,6,18,1490
2011,1,6,19,1376
2011,1,6,20,1396
2011,1,6,21,1530
2011,1,6,22,1721
2011,1,6,23,1905
2011,1,7,0,2062
2011,1,7,1,2164
2011,1,7,2,2174
2011,1,7,3,2069
2011,1,7,4,1873
2011,1,7,5,1651
2011,1,7,6,1491
2011,1,7,7,1460
2011,1,7,8,1554
2011,1,7,9,1734
2011,1,7,10,1971
2011,1,7,11,2217
2011,1,7,12,2426
2011,1,7,13,2549
2011,1,7,14,2564
2011,1,7,15,2448
2011,1,7,16,2200
2011,1,7,17,1903
2011,1,7,18,1637
2011,1,7,19,1468
2011,1,7,20,1423
2011,1,7,21,1485
2011,1,7,22,1639
2011,1,7,23,1845
2011,1,8,0,2045
2011,1,8,1,2193
2011,1,8,2,2239
2011,1,8,3,2183
2011,1,8,4,2038
2011,1,8,5,1842
2011,1,8,6,1660
2011,1,8,7,1550
2011,1,8,8,1567
2011,1,8,9,1680
2011,1,8,10,1871
2011,1,8,11,2095
2011,1,8,12,2297
2011,1,8,13,2443
2011,1,8,14,2489
2011,1,8,15,2437
2011,1,8,16,2266
2011,1,8,17,2011
2011,1,8,18,1748
2011,1,8,19,1535
2011,1,8,20,1436
2011,1,8,21,1448
2011,1,8,22,1558
2011,1,8,23,1744
2011,1,9,0,1945
2011,1,9,1,2112
2011,1,9,2,2200
2011,1,9,3,2204
2011,1,9,4,2132
2011,1,9,5,1989
2011,1,9,6,1813
2011,1,9,7,1668
2011,1,9,8,1613
2011,1,9,9,1666
2011,1,9,10,1794
2011,1,9,11,1966
2011,1,9,12,2149
2011,1,9,13,2310
2011,1,9,14,2424
2011,1,9,15,2451
2011,1,9,16,2344
2011,1,9,17,2130
2011,1,9,18,1881
2011,1,9,19,1660
2011,1,9,20,1527
2011,1,9,21,1513
2011,1,9,22,1582
2011,1,9,23,1717
2011,1,10,0,1884
2011,1,10,1,2038
2011,1,10,2,2156
2011,1,10,3,2218
2011,1,10,4,2218
2011,1,10,5,2136
2011,1,10,6,1996
2011,1,10,7,1850
2011,1,10,8,1736
2011,1,10,9,1716
2011,1,10,10,1793
2011,1,10,11,1923
2011,1,10,12,2082
2011,1,10,13,2227
2011,1,10,14,2332
2011,1,10,15,2368
2011,1,10,16,2320
2011,1,10,17,2186
2011,1,10,18,1989
2011,1,10,19,1774
2011,1,10,20,1611
2011,1,10,21,1543
2011,1,10,22,1545
2011,1,10,23,1625
2011,1,11,0,1775
2011,1,11,1,1952
2011,1,11,2,2100
2011,1,11,3,2199
2011,1,11,4,2241
2011,1,11,5,2210
2011,1,11,6,2122
2011,1,11,7,2014
2011,1,11,8,1903
2011,1,11,9,1828
2011,1,11,10,1819
2011,1,11,11,1878
2011,1,11,12,1985
2011,1,11,13,2111
2011,1,11,14,2222
2011,1,11,15,2266
2011,1,11,16,2245
2011,1,11,17,2164
2011,1,11,18,2031
2011,1,11,19,1866
2011,1,11,20,1698
2011,1,11,21,1588
2011,1,11,22,1546
2011,1,11,23,1596
2011,1,12,0,1733
2011,1,12,1,1895
2011,1,12,2,2031
2011,1,12,3,2115
2011,1,12,4,2176
2011,1,12,5,2219
2011,1,12,6,2211
2011,1,12,7,2132
2011,1,12,8,2003
2011,1,12,9,1883
2011,1,12,10,1838
2011,1,12,11,1868
2011,1,12,12,1936
2011,1,12,13,2014
2011,1,12,14,2087
2011,1,12,15,2134
2011,1,12,16,2153
2011,1,12,17,2135
2011,1,12,18,2051
2011,1,12,19,1903
2011,1,12,20,1741
2011,1,12,21,1625
2011,1,12,22,1580
2011,1,12,23,1604
2011,1,13,0,1690
2011,1,13,1,1811
2011,1,13,2,1939
2011,1,13,3,2046
2011,1,13,4,2143
2011,1,13,5,2219
2011,1,13,6,2258
2011,1,13,7,2244
2011,1,13,8,2160
2011,1,13,9,2041
2011,1,13,10,1939
2011,1,13,11,1901
2011,1,13,12,1913
2011,1,13,13,1947
2011,1,13,14,1986
2011,1,13,15,2012
2011,1,13,16,2029
2011,1,13,17,2040
2011,1,13,18,2012
2011,1,13,19,1943
2011,1,13,20,1846
2011,1,13,21,1728
2011,1,13,22,1638
2011,1,13,23,1602
2011,1,14,0,1628
2011,1,14,1,1698
2011,1,14,2,1790
2011,1,14,3,1890
2011,1,14,4,1998
2011,1,14,5,2120
2011,1,14,6,2228
2011,1,14,7,2281
2011,1,14,8,2253
2011,1,14,9,2153
2011,1,14,10,2037
2011,1,14,11,1948
2011,1,14,12,1904
2011,1,14,13,1889
2011,1,14,14,1877
2011,1,14,15,1868
2011,1,14,16,1880
2011,1,14,17,1911
2011,1,14,18,1948
2011,1,14,19,1952
2011,1,14,20,1899
2011,1,14,21,1803
2011,1,14,22,1699
2011,1,14,23,1632
2011,1,15,0,1619
2011,1,15,1,1643
2011,1,15,2,1685
2011,1,15,3,1748
2011,1,15,4,1856
2011,1,15,5,2010
2011,1,15,6,2171
2011,1,15,7,2291
2011,1,15,8,2326
2011,1,15,9,2282
2011,1,15,10,2188
2011,1,15,11,2075
2011,1,15,12,1970
2011,1,15,13,1881
2011,1,15,14,1816
2011,1,15,15,1771
2011,1,15,16,1765
2011,1,15,17,1801
2011,1,15,18,1859
2011,1,15,19,1911
2011,1,15,20,1929
2011,1,15,21,1907
2011,1,15,22,1830
2011,1,15,23,1727
2011,1,16,0,1633
2011,1,16,1,1574
2011,1,16,2,1570
2011,1,16,3,1628
2011,1,16,4,1745
2011,1,16,5,1899
2011,1,16,6,2073
2011,1,16,7,2237
2011,1,16,8,2357
2011,1,16,9,2400
2011,1,16,10,2361
2011,1,16,11,2246
2011,1,16,12,2087
2011,1,16,13,1930
2011,1,16,14,1794
2011,1,16,15,1699
2011,1,16,16,1672
2011,1,16,17,1692
2011,1,16,18,1740
2011,1,16,19,1807
2011,1,16,20,1881
2011,1,16,21,1923
2011,1,16,22,1901
2011,1,16,23,1823
2011,1,17,0,1715
2011,1,17,1,1610
2011,1,17,2,1533
2011,1,17,3,1511
2011,1,17,4,1581
2011,1,17,5,1724
2011,1,17,6,1910
2011,1,17,7,2111
2011,1,17,8,2299
2011,1,17,9,2432
2011,1,17,10,2471
2011,1,17,11,2403
2011,1,17,12,2241
2011,1,17,13,2034
2011,1,17,14,1837
2011,1,17,15,1686
2011,1,17,16,1595
2011,1,17,17,1572
2011,1,17,18,1602
2011,1,17,19,1685
2011,1,17,20,1818
2011,1,17,21,1950
2011,1,17,22,2013
2011,1,17,23,1968
2011,1,18,0,1839
2011,1,18,1,1687
2011,1,18,2,1554
2011,1,18,3,1473
2011,1,18,4,1468
2011,1,18,5,1557
2011,1,18,6,1726
2011,1,18,7,1954
2011,1,18,8,2196
2011,1,18,9,2394
2011,1,18,10,2515
2011,1,18,11,2529
2011,1,18,12,2433
2011,1,18,13,2245
2011,1,18,14,1994
2011,1,18,15,1748
2011,1,18,16,1550
2011,1,18,17,1453
2011,1,18,18,1458
2011,1,18,19,1549
2011,1,18,20,1716
2011,1,18,21,1888
2011,1,18,22,2019
2011,1,18,23,2057
2011,1,19,0,1997
2011,1,19,1,1864
2011,1,19,2,1678
2011,1,19,3,1498
2011,1,19,4,1387
2011,1,19,5,1395
2011,1,19,6,1529
2011,1,19,7,1747
2011,1,19,8,2006
2011,1,19,9,2259
2011,1,19,10,2462
2011,1,19,11,2570
2011,1,19,12,2558
2011,1,19,13,2420
2011,1,19,14,2176
2011,1,19,15,1874
2011,1,19,16,1598
2011,1,19,17,1417
2011,1,19,18,1341
2011,1,19,19,1373
2011,1,19,20,1518
2011,1,19,21,1737
2011,1,19,22,1959
2011,1,19,23,2120
2011,1,20,0,2166
2011,1,20,1,2078
2011,1,20,2,1880
2011,1,20,3,1629
2011,1,20,4,1416
2011,1,20,5,1326
2011,1,20,6,1381
2011,1,20,7,1559
2011,1,20,8,1812
2011,1,20,9,2089
2011,1,20,10,2353
2011,1,20,11,2555
2011,1,20,12,2650
2011,1,20,13,2610
2011,1,20,14,2422
2011,1,20,15,2120
2011,1,20,16,1782
2011,1,20,17,1499
2011,1,20,18,1342
2011,1,20,19,1314
2011,1,20,20,1409
2011,1,20,21,1615
2011,1,20,22,1864
2011,1,20,23,2096
2011,1,21,0,2237
2011,1,21,1,2239
2011,1,21,2,2099
2011,1,21,3,1853
2011,1,21,4,1581
2011,1,21,5,1380
2011,1,21,6,1298
2011,1,21,7,1370
2011,1,21,8,1569
2011,1,21,9,1849
2011,1,21,10,2155
2011,1,21,11,2421
2011,1,21,12,2605
2011,1,21,13,2660
2011,1,21,14,2569
2011,1,21,15,2332
2011,1,21,16,1990
2011,1,21,17,1642
2011,1,21,18,1376
2011,1,21,19,1246
2011,1,21,20,1276
2011,1,21,21,1437
2011,1,21,22,1685
2011,1,21,23,1949
2011,1,22,0,2174
2011,1,22,1,2297
2011,1,22,2,2268
2011,1,22,3,2084
2011,1,22,4,1814
2011,1,22,5,1542
2011,1,22,6,1351
2011,1,22,7,1313
2011,1,22,8,1416
2011,1,22,9,1631
2011,1,22,10,1912
2011,1,22,11,2202
2011,1,22,12,2450
2011,1,22,13,2607
2011,1,22,14,2629
2011,1,22,15,2478
2011,1,22,16,2179
2011,1,22,17,1822
2011,1,22,18,1503
2011,1,22,19,1301
2011,1,22,20,1246
2011,1,22,21,1337
2011,1,22,22,1540
2011,1,22,23,1804
2011,1,23,0,2070
2011,1,23,1,2275
2011,1,23,2,2357
2011,1,23,3,2281
2011,1,23,4,2073
2011,1,23,5,1798
2011,1,23,6,1551
2011,1,23,7,1389
2011,1,23,8,1367
2011,1,23,9,1476
2011,1,23,10,1690
2011,1,23,11,1962
2011,1,23,12,2223
2011,1,23,13,2433
2011,1,23,14,2523
2011,1,23,15,2475
2011,1,23,16,2291
2011,1,23,17,2003
2011,1,23,18,1668
2011,1,23,19,1383
2011,1,23,20,1249
2011,1,23,21,1267
2011,1,23,22,1418
2011,1,23,23,1646
2011,1,24,0,1905
2011,1,24,1,2149
2011,1,24,2,2318
2011,1,24,3,2368
2011,1,24,4,2270
2011,1,24,5,2061
2011,1,24,6,1796
2011,1,24,7,1553
2011,1,24,8,1422
2011,1,24,9,1427
2011,1,24,10,1554
2011,1,24,11,1765
2011,1,24,12,2001
2011,1,24,13,2208
2011,1,24,14,2346
2011,1,24,15,2383
2011,1,24,16,2279
2011,1,24,17,2060
2011,1,24,18,1778
2011,1,24,19,1506
2011,1,24,20,1327
2011,1,24,21,1266
2011,1,24,22,1320
2011,1,24,23,1483
2011,1,25,0,1717
2011,1,25,1,1975
2011,1,25,2,2194
2011,1,25,3,2330
2011,1,25,4,2355
2011,1,25,5,2237
2011,1,25,6,2013
2011,1,25,7,1770
2011,1,25,8,1582
2011,1,25,9,1504
2011,1,25,10,1532
2011,1,25,11,1640
2011,1,25,12,1793
2011,1,25,13,1955
2011,1,25,14,2105
2011,1,25,15,2213
2011,1,25,16,2242
2011,1,25,17,2143
2011,1,25,18,1945
2011,1,25,19,1707
2011,1,25,20,1492
2011,1,25,21,1359
2011,1,25,22,1338
2011,1,25,23,1420
2011,1,26,0,1601
2011,1,26,1,1826
2011,1,26,2,2042
2011,1,26,3,2205
2011,1,26,4,2305
2011,1,26,5,2320
2011,1,26,6,2221
2011,1,26,7,2032
2011,1,26,8,1818
2011,1,26,9,1653
2011,1,26,10,1574
2011,1,26,11,1585
2011,1,26,12,1668
2011,1,26,13,1786
2011,1,26,14,1895
2011,1,26,15,1972
2011,1,26,16,2025
2011,1,26,17,2033
2011,1,26,18,1953
2011,1,26,19,1778
2011,1,26,20,1577
2011,1,26,21,1412
2011,1,26,22,1351
2011,1,26,23,1391
2011,1,27,0,1499
2011,1,27,1,1661
2011,1,27,2,1831
2011,1,27,3,1994
2011,1,27,4,2138
2011,1,27,5,2247
2011,1,27,6,2274
2011,1,27,7,2181
2011,1,27,8,2011
2011,1,27,9,1834
2011,1,27,10,1712
2011,1,27,11,1655
2011,1,27,12,1650
2011,1,27,13,1687
2011,1,27,14,1735
2011,1,27,15,1789
2011,1,27,16,1852
2011,1,27,17,1903
2011,1,27,18,1903
2011,1,27,19,1835
2011,1,27,20,1710
2011,1,27,21,1563
2011,1,27,22,1448
2011,1,27,23,1416
2011,1,28,0,1469
2011,1,28,1,1580
2011,1,28,2,1721
2011,1,28,3,1852
2011,1,28,4,1959
2011,1,28,5,2073
2011,1,28,6,2185
2011,1,28,7,2224
2011,1,28,8,2183
2011,1,28,9,2045
2011,1,28,10,1908
2011,1,28,11,1774
2011,1,28,12,1705
2011,1,28,13,1695
2011,1,28,14,1698
2011,1,28,15,1689
2011,1,28,16,1679
2011,1,28,17,1704
2011,1,28,18,1767
2011,1,28,19,1807
2011,1,28,20,1783
2011,1,28,21,1698
2011,1,28,22,1588
2011,1,28,23,1497
2011,1,29,0,1466
2011,1,29,1,1504
2011,1,29,2,1582
2011,1,29,3,1670
2011,1,29,4,1780
2011,1,29,5,1910
2011,1,29,6,2041
2011,1,29,7,2161
2011,1,29,8,2217
2011,1,29,9,2176
2011,1,29,10,2063
2011,1,29,11,1924
2011,1,29,12,1810
2011,1,29,13,1721
2011,1,29,14,1659
2011,1,29,15,1627
2011,1,29,16,1607
2011,1,29,17,1614
2011,1,29,18,1654
2011,1,29,19,1717
2011,1,29,20,1782
2011,1,29,21,1793
2011,1,29,22,1746
2011,1,29,23,1657
2011,1,30,0,1558
2011,1,30,1,1499
2011,1,30,2,1492
2011,1,30,3,1529
2011,1,30,4,1612
2011,1,30,5,1738
2011,1,30,6,1880
2011,1,30,7,2025
2011,1,30,8,2145
2011,1,30,9,2200
2011,1,30,10,2170
2011,1,30,11,2060
2011,1,30,12,1915
2011,1,30,13,1765
2011,1,30,14,1640
2011,1,30,15,1558
2011,1,30,16,1521
2011,1,30,17,1532
2011,1,30,18,1580
2011,1,30,19,1649
2011,1,30,20,1733
2011,1,30,21,1816
2011,1,30,22,1850
2011,1,30,23,1811
2011,1,31,0,1702
2011,1,31,1,1576
2011,1,31,2,1487
2011,1,31,3,1451
2011,1,31,4,1483
2011,1,31,5,1586
2011,1,31,6,1738
2011,1,31,7,1910
2011,1,31,8,2083
2011,1,31,9,2225
2011,1,31,10,2290
2011,1,31,11,2249
2011,1,31,12,2122
2011,1,31,13,1951
2011,1,31,14,1760
2011,1,31,15,1595
2011,1,31,16,1492
2011,1,31,17,1468
2011,1,31,18,1497
2011,1,31,19,1573
2011,1,31,20,1681
2011,1,31,21,1802
2011,1,31,22,1889
2011,1,31,23,1911
2011,2,1,0,1855
2011,2,1,1,1730
2011,2,1,2,1577
2011,2,1,3,1453
2011,2,1,4,1398
2011,2,1,5,1440
2011,2,1,6,1556
2011,2,1,7,1731
2011,2,1,8,1927
2011,2,1,9,2118
2011,2,1,10,2265
2011,2,1,11,2301
2011,2,1,12,2221
2011,2,1,13,2066
2011,2,1,14,1855
2011,2,1,15,1649
2011,2,1,16,1490
2011,2,1,17,1410
2011,2,1,18,1410
2011,2,1,19,1480
2011,2,1,20,1604
2011,2,1,21,1757
2011,2,1,22,1914
2011,2,1,23,2022
2011,2,2,0,2031
2011,2,2,1,1929
2011,2,2,2,1736
2011,2,2,3,1526
2011,2,2,4,1382
2011,2,2,5,1346
2011,2,2,6,1416
2011,2,2,7,1564
2011,2,2,8,1757
2011,2,2,9,1972
2011,2,2,10,2165
2011,2,2,11,2312
2011,2,2,12,2328
2011,2,2,13,2217
2011,2,2,14,2003
2011,2,2,15,1736
2011,2,2,16,1493
2011,2,2,17,1349
2011,2,2,18,1317
2011,2,2,19,1378
2011,2,2,20,1499
2011,2,2,21,1660
2011,2,2,22,1847
2011,2,2,23,2000
2011,2,3,0,2069
2011,2,3,1,2033
2011,2,3,2,1877
2011,2,3,3,1650
2011,2,3,4,1441
2011,2,3,5,1339
2011,2,3,6,1359
2011,2,3,7,1463
2011,2,3,8,1632
2011,2,3,9,1841
2011,2,3,10,2066
2011,2,3,11,2263
2011,2,3,12,2348
2011,2,3,13,2304
2011,2,3,14,2128
2011,2,3,15,1858
2011,2,3,16,1611
2011,2,3,17,1406
2011,2,3,18,1305
2011,2,3,19,1318
2011,2,3,20,1436
2011,2,3,21,1616
2011,2,3,22,1822
2011,2,3,23,2007
2011,2,4,0,2121
2011,2,4,1,2134
2011,2,4,2,2032
2011,2,4,3,1834
2011,2,4,4,1612
2011,2,4,5,1444
2011,2,4,6,1367
2011,2,4,7,1405
2011,2,4,8,1522
2011,2,4,9,1710
2011,2,4,10,1940
2011,2,4,11,2156
2011,2,4,12,2303
2011,2,4,13,2319
2011,2,4,14,2205
2011,2,4,15,1982
2011,2,4,16,1706
2011,2,4,17,1456
2011,2,4,18,1299
2011,2,4,19,1269
2011,2,4,20,1368
2011,2,4,21,1554
2011,2,4,22,1768
2011,2,4,23,1959
2011,2,5,0,2094
2011,2,5,1,2157
2011,2,5,2,2127
2011,2,5,3,1994
2011,2,5,4,1765
2011,2,5,5,1580
2011,2,5,6,1426
2011,2,5,7,1397
2011,2,5,8,1481
2011,2,5,9,1635
2011,2,5,10,1835
2011,2,5,11,2056
2011,2,5,12,2254
2011,2,5,13,2335
2011,2,5,14,2265
2011,2,5,15,2073
2011,2,5,16,1786
2011,2,5,17,1535
2011,2,5,18,1354
2011,2,5,19,1280
2011,2,5,20,1332
2011,2,5,21,1477
2011,2,5,22,1685
2011,2,5,23,1906
2011,2,6,0,2084
2011,2,6,1,2190
2011,2,6,2,2209
2011,2,6,3,2138
2011,2,6,4,1954
2011,2,6,5,1703
2011,2,6,6,1492
2011,2,6,7,1412
2011,2,6,8,1466
2011,2,6,9,1593
2011,2,6,10,1762
2011,2,6,11,1949
2011,2,6,12,2126
2011,2,6,13,2250
2011,2,6,14,2282
2011,2,6,15,2167
2011,2,6,16,1935
2011,2,6,17,1658
2011,2,6,18,1423
2011,2,6,19,1287
2011,2,6,20,1278
2011,2,6,21,1392
2011,2,6,22,1594
2011,2,6,23,1826
2011,2,7,0,2032
2011,2,7,1,2179
2011,2,7,2,2244
2011,2,7,3,2222
2011,2,7,4,2095
2011,2,7,5,1891
2011,2,7,6,1677
2011,2,7,7,1540
2011,2,7,8,1509
2011,2,7,9,1564
2011,2,7,10,1698
2011,2,7,11,1873
2011,2,7,12,2075
2011,2,7,13,2227
2011,2,7,14,2279
2011,2,7,15,2207
2011,2,7,16,2036
2011,2,7,17,1804
2011,2,7,18,1572
2011,2,7,19,1387
2011,2,7,20,1314
2011,2,7,21,1379
2011,2,7,22,1537
2011,2,7,23,1744
2011,2,8,0,1952
2011,2,8,1,2120
2011,2,8,2,2243
2011,2,8,3,2277
2011,2,8,4,2184
2011,2,8,5,2006
2011,2,8,6,1799
2011,2,8,7,1635
2011,2,8,8,1533
2011,2,8,9,1518
2011,2,8,10,1607
2011,2,8,11,1772
2011,2,8,12,1952
2011,2,8,13,2095
2011,2,8,14,2159
2011,2,8,15,2139
2011,2,8,16,2044
2011,2,8,17,1880
2011,2,8,18,1677
2011,2,8,19,1467
2011,2,8,20,1359
2011,2,8,21,1366
2011,2,8,22,1478
2011,2,8,23,1669
2011,2,9,0,1882
2011,2,9,1,2056
2011,2,9,2,2172
2011,2,9,3,2219
2011,2,9,4,2191
2011,2,9,5,2083
2011,2,9,6,1915
2011,2,9,7,1740
2011,2,9,8,1591
2011,2,9,9,1538
2011,2,9,10,1592
2011,2,9,11,1723
2011,2,9,12,1882
2011,2,9,13,2006
2011,2,9,14,2069
2011,2,9,15,2067
2011,2,9,16,2010
2011,2,9,17,1893
2011,2,9,18,1724
2011,2,9,19,1527
2011,2,9,20,1392
2011,2,9,21,1369
2011,2,9,22,1450
2011,2,9,23,1602
2011,2,10,0,1772
2011,2,10,1,1932
2011,2,10,2,2056
2011,2,10,3,2129
2011,2,10,4,2153
2011,2,10,5,2107
2011,2,10,6,1993
2011,2,10,7,1849
2011,2,10,8,1698
2011,2,10,9,1600
2011,2,10,10,1575
2011,2,10,11,1618
2011,2,10,12,1714
2011,2,10,13,1827
2011,2,10,14,1922
2011,2,10,15,1960
2011,2,10,16,1932
2011,2,10,17,1849
2011,2,10,18,1729
2011,2,10,19,1593
2011,2,10,20,1473
2011,2,10,21,1400
2011,2,10,22,1417
2011,2,10,23,1517
2011,2,11,0,1669
2011,2,11,1,1836
2011,2,11,2,1973
2011,2,11,3,2056
2011,2,11,4,2092
2011,2,11,5,2095
2011,2,11,6,2046
2011,2,11,7,1944
2011,2,11,8,1814
2011,2,11,9,1693
2011,2,11,10,1624
2011,2,11,11,1629
2011,2,11,12,1686
2011,2,11,13,1757
2011,2,11,14,1816
2011,2,11,15,1845
2011,2,11,16,1846
2011,2,11,17,1816
2011,2,11,18,1754
2011,2,11,19,1657
2011,2,11,20,1546
2011,2,11,21,1457
2011,2,11,22,1433
2011,2,11,23,1488
2011,2,12,0,1587
2011,2,12,1,1721
2011,2,12,2,1846
2011,2,12,3,1943
2011,2,12,4,2020
2011,2,12,5,2066
2011,2,12,6,2087
2011,2,12,7,2059
2011,2,12,8,1961
2011,2,12,9,1855
2011,2,12,10,1760
2011,2,12,11,1723
2011,2,12,12,1713
2011,2,12,13,1719
2011,2,12,14,1741
2011,2,12,15,1750
2011,2,12,16,1759
2011,2,12,17,1773
2011,2,12,18,1788
2011,2,12,19,1761
2011,2,12,20,1691
2011,2,12,21,1611
2011,2,12,22,1549
2011,2,12,23,1535
2011,2,13,0,1578
2011,2,13,1,1660
2011,2,13,2,1760
2011,2,13,3,1867
2011,2,13,4,1971
2011,2,13,5,2055
2011,2,13,6,2125
2011,2,13,7,2162
2011,2,13,8,2120
2011,2,13,9,2029
2011,2,13,10,1934
2011,2,13,11,1867
2011,2,13,12,1817
2011,2,13,13,1776
2011,2,13,14,1738
2011,2,13,15,1703
2011,2,13,16,1700
2011,2,13,17,1739
2011,2,13,18,1799
2011,2,13,19,1826
2011,2,13,20,1797
2011,2,13,21,1736
2011,2,13,22,1674
2011,2,13,23,1635
2011,2,14,0,1609
2011,2,14,1,1606
2011,2,14,2,1633
2011,2,14,3,1704
2011,2,14,4,1807
2011,2,14,5,1934
2011,2,14,6,2055
2011,2,14,7,2139
2011,2,14,8,2177
2011,2,14,9,2144
2011,2,14,10,2095
2011,2,14,11,2008
2011,2,14,12,1901
2011,2,14,13,1786
2011,2,14,14,1686
2011,2,14,15,1630
2011,2,14,16,1616
2011,2,14,17,1652
2011,2,14,18,1722
2011,2,14,19,1794
2011,2,14,20,1846
2011,2,14,21,1849
2011,2,14,22,1811
2011,2,14,23,1746
2011,2,15,0,1665
2011,2,15,1,1586
2011,2,15,2,1550
2011,2,15,3,1579
2011,2,15,4,1657
2011,2,15,5,1789
2011,2,15,6,1943
2011,2,15,7,2106
2011,2,15,8,2239
2011,2,15,9,2323
2011,2,15,10,2324
2011,2,15,11,2229
2011,2,15,12,2079
2011,2,15,13,1913
2011,2,15,14,1763
2011,2,15,15,1651
2011,2,15,16,1588
2011,2,15,17,1591
2011,2,15,18,1656
2011,2,15,19,1763
2011,2,15,20,1887
2011,2,15,21,1980
2011,2,15,22,2008
2011,2,15,23,1954
2011,2,16,0,1835
2011,2,16,1,1700
2011,2,16,2,1589
2011,2,16,3,1519
2011,2,16,4,1529
2011,2,16,5,1634
2011,2,16,6,1805
2011,2,16,7,2013
2011,2,16,8,2227
2011,2,16,9,2395
2011,2,16,10,2483
2011,2,16,11,2453
2011,2,16,12,2321
2011,2,16,13,2118
2011,2,16,14,1885
2011,2,16,15,1677
2011,2,16,16,1544
2011,2,16,17,1495
2011,2,16,18,1532
2011,2,16,19,1647
2011,2,16,20,1818
2011,2,16,21,1990
2011,2,16,22,2105
2011,2,16,23,2121
2011,2,17,0,2024
2011,2,17,1,1845
2011,2,17,2,1643
2011,2,17,3,1489
2011,2,17,4,1418
2011,2,17,5,1455
2011,2,17,6,1589
2011,2,17,7,1795
2011,2,17,8,2047
2011,2,17,9,2304
2011,2,17,10,2502
2011,2,17,11,2571
2011,2,17,12,2500
2011,2,17,13,2302
2011,2,17,14,2070
2011,2,17,15,1784
2011,2,17,16,1536
2011,2,17,17,1425
2011,2,17,18,1396
2011,2,17,19,1478
2011,2,17,20,1665
2011,2,17,21,1901
2011,2,17,22,2114
2011,2,17,23,2239
2011,2,18,0,2221
2011,2,18,1,2073
2011,2,18,2,1846
2011,2,18,3,1603
2011,2,18,4,1401
2011,2,18,5,1306
2011,2,18,6,1364
2011,2,18,7,1553
2011,2,18,8,1822
2011,2,18,9,2120
2011,2,18,10,2379
2011,2,18,11,2541
2011,2,18,12,2571
2011,2,18,13,2467
2011,2,18,14,2252
2011,2,18,15,1900
2011,2,18,16,1608
2011,2,18,17,1368
2011,2,18,18,1265
2011,2,18,19,1316
2011,2,18,20,1499
2011,2,18,21,1759
2011,2,18,22,2039
2011,2,18,23,2276
2011,2,19,0,2376
2011,2,19,1,2310
2011,2,19,2,2097
2011,2,19,3,1808
2011,2,19,4,1524
2011,2,19,5,1320
2011,2,19,6,1271
2011,2,19,7,1372
2011,2,19,8,1590
2011,2,19,9,1886
2011,2,19,10,2186
2011,2,19,11,2438
2011,2,19,12,2584
2011,2,19,13,2584
2011,2,19,14,2419
2011,2,19,15,2109
2011,2,19,16,1753
2011,2,19,17,1447
2011,2,19,18,1266
2011,2,19,19,1233
2011,2,19,20,1341
2011,2,19,21,1579
2011,2,19,22,1879
2011,2,19,23,2180
2011,2,20,0,2394
2011,2,20,1,2461
2011,2,20,2,2355
2011,2,20,3,2082
2011,2,20,4,1757
2011,2,20,5,1455
2011,2,20,6,1271
2011,2,20,7,1248
2011,2,20,8,1367
2011,2,20,9,1624
2011,2,20,10,1923
2011,2,20,11,2181
2011,2,20,12,2377
2011,2,20,13,2489
2011,2,20,14,2461
2011,2,20,15,2248
2011,2,20,16,1903
2011,2,20,17,1544
2011,2,20,18,1273
2011,2,20,19,1167
2011,2,20,20,1216
2011,2,20,21,1388
2011,2,20,22,1661
2011,2,20,23,1977
2011,2,21,0,2270
2011,2,21,1,2454
2011,2,21,2,2474
2011,2,21,3,2306
2011,2,21,4,1998
2011,2,21,5,1643
2011,2,21,6,1373
2011,2,21,7,1238
2011,2,21,8,1260
2011,2,21,9,1408
2011,2,21,10,1643
2011,2,21,11,1920
2011,2,21,12,2180
2011,2,21,13,2330
2011,2,21,14,2389
2011,2,21,15,2280
2011,2,21,16,2044
2011,2,21,17,1715
2011,2,21,18,1399
2011,2,21,19,1211
2011,2,21,20,1189
2011,2,21,21,1295
2011,2,21,22,1520
2011,2,21,23,1807
2011,2,22,0,2088
2011,2,22,1,2325
2011,2,22,2,2459
2011,2,22,3,2454
2011,2,22,4,2281
2011,2,22,5,1984
2011,2,22,6,1674
2011,2,22,7,1416
2011,2,22,8,1288
2011,2,22,9,1324
2011,2,22,10,1492
2011,2,22,11,1725
2011,2,22,12,1941
2011,2,22,13,2107
2011,2,22,14,2215
2011,2,22,15,2238
2011,2,22,16,2140
2011,2,22,17,1907
2011,2,22,18,1611
2011,2,22,19,1342
2011,2,22,20,1208
2011,2,22,21,1238
2011,2,22,22,1393
2011,2,22,23,1638
2011,2,23,0,1903
2011,2,23,1,2141
2011,2,23,2,2328
2011,2,23,3,2422
2011,2,23,4,2384
2011,2,23,5,2200
2011,2,23,6,1923
2011,2,23,7,1624
2011,2,23,8,1400
2011,2,23,9,1325
2011,2,23,10,1391
2011,2,23,11,1556
2011,2,23,12,1757
2011,2,23,13,1913
2011,2,23,14,2008
2011,2,23,15,2045
2011,2,23,16,2034
2011,2,23,17,1942
2011,2,23,18,1750
2011,2,23,19,1500
2011,2,23,20,1296
2011,2,23,21,1224
2011,2,23,22,1304
2011,2,23,23,1500
2011,2,24,0,1735
2011,2,24,1,1946
2011,2,24,2,2112
2011,2,24,3,2230
2011,2,24,4,2290
2011,2,24,5,2252
2011,2,24,6,2096
2011,2,24,7,1867
2011,2,24,8,1633
2011,2,24,9,1469
2011,2,24,10,1417
2011,2,24,11,1477
2011,2,24,12,1614
2011,2,24,13,1756
2011,2,24,14,1853
2011,2,24,15,1895
2011,2,24,16,1909
2011,2,24,17,1896
2011,2,24,18,1817
2011,2,24,19,1658
2011,2,24,20,1482
2011,2,24,21,1358
2011,2,24,22,1335
2011,2,24,23,1423
2011,2,25,0,1589
2011,2,25,1,1773
2011,2,25,2,1943
2011,2,25,3,2082
2011,2,25,4,2171
2011,2,25,5,2201
2011,2,25,6,2159
2011,2,25,7,2035
2011,2,25,8,1856
2011,2,25,9,1684
2011,2,25,10,1577
2011,2,25,11,1543
2011,2,25,12,1581
2011,2,25,13,1654
2011,2,25,14,1716
2011,2,25,15,1754
2011,2,25,16,1784
2011,2,25,17,1815
2011,2,25,18,1828
2011,2,25,19,1775
2011,2,25,20,1642
2011,2,25,21,1507
2011,2,25,22,1434
2011,2,25,23,1453
2011,2,26,0,1536
2011,2,26,1,1644
2011,2,26,2,1760
2011,2,26,3,1872
2011,2,26,4,1989
2011,2,26,5,2082
2011,2,26,6,2147
2011,2,26,7,2138
2011,2,26,8,2042
2011,2,26,9,1897
2011,2,26,10,1760
2011,2,26,11,1666
2011,2,26,12,1611
2011,2,26,13,1609
2011,2,26,14,1635
2011,2,26,15,1661
2011,2,26,16,1682
2011,2,26,17,1696
2011,2,26,18,1718
2011,2,26,19,1754
2011,2,26,20,1751
2011,2,26,21,1685
2011,2,26,22,1590
2011,2,26,23,1533
2011,2,27,0,1536
2011,2,27,1,1589
2011,2,27,2,1674
2011,2,27,3,1749
2011,2,27,4,1826
2011,2,27,5,1903
2011,2,27,6,2000
2011,2,27,7,2098
2011,2,27,8,2114
2011,2,27,9,2052
2011,2,27,10,1939
2011,2,27,11,1817
2011,2,27,12,1706
2011,2,27,13,1632
2011,2,27,14,1604
2011,2,27,15,1597
2011,2,27,16,1595
2011,2,27,17,1620
2011,2,27,18,1676
2011,2,27,19,1730
2011,2,27,20,1789
2011,2,27,21,1800
2011,2,27,22,1764
2011,2,27,23,1698
2011,2,28,0,1621
2011,2,28,1,1561
2011,2,28,2,1552
2011,2,28,3,1605
2011,2,28,4,1683
2011,2,28,5,1777
2011,2,28,6,1887
2011,2,28,7,2012
2011,2,28,8,2112
2011,2,28,9,2151
2011,2,28,10,2115
2011,2,28,11,2014
2011,2,28,12,1867
2011,2,28,13,1721
2011,2,28,14,1602
2011,2,28,15,1531
2011,2,28,16,1514
2011,2,28,17,1550
2011,2,28,18,1633
2011,2,28,19,1736
2011,2,28,20,1834
2011,2,28,21,1907
2011,2,28,22,1919
2011,2,28,23,1865
2011,3,1,0,1769
2011,3,1,1,1658
2011,3,1,2,1567
2011,3,1,3,1522
2011,3,1,4,1540
2011,3,1,5,1630
2011,3,1,6,1758
2011,3,1,7,1905
2011,3,1,8,2054
2011,3,1,9,2176
2011,3,1,10,2223
2011,3,1,11,2172
2011,3,1,12,2031
2011,3,1,13,1849
2011,3,1,14,1662
2011,3,1,15,1525
2011,3,1,16,1466
2011,3,1,17,1486
2011,3,1,18,1553
2011,3,1,19,1656
2011,3,1,20,1785
2011,3,1,21,1905
2011,3,1,22,1992
2011,3,1,23,2007
2011,3,2,0,1938
2011,3,2,1,1804
2011,3,2,2,1657
2011,3,2,3,1546
2011,3,2,4,1497
2011,3,2,5,1537
2011,3,2,6,1655
2011,3,2,7,1813
2011,3,2,8,1985
2011,3,2,9,2144
2011,3,2,10,2267
2011,3,2,11,2301
2011,3,2,12,2209
2011,3,2,13,2011
2011,3,2,14,1811
2011,3,2,15,1580
2011,3,2,16,1444
2011,3,2,17,1418
2011,3,2,18,1466
2011,3,2,19,1581
2011,3,2,20,1731
2011,3,2,21,1894
2011,3,2,22,2034
2011,3,2,23,2109
2011,3,3,0,2081
2011,3,3,1,1946
2011,3,3,2,1750
2011,3,3,3,1567
2011,3,3,4,1444
2011,3,3,5,1419
2011,3,3,6,1507
2011,3,3,7,1668
2011,3,3,8,1860
2011,3,3,9,2054
2011,3,3,10,2217
2011,3,3,11,2307
2011,3,3,12,2286
2011,3,3,13,2161
2011,3,3,14,1943
2011,3,3,15,1697
2011,3,3,16,1488
2011,3,3,17,1392
2011,3,3,18,1407
2011,3,3,19,1518
2011,3,3,20,1684
2011,3,3,21,1869
2011,3,3,22,2041
2011,3,3,23,2179
2011,3,4,0,2222
2011,3,4,1,2137
2011,3,4,2,1947
2011,3,4,3,1714
2011,3,4,4,1522
2011,3,4,5,1416
2011,3,4,6,1437
2011,3,4,7,1557
2011,3,4,8,1749
2011,3,4,9,1969
2011,3,4,10,2166
2011,3,4,11,2302
2011,3,4,12,2326
2011,3,4,13,2222
2011,3,4,14,2017
2011,3,4,15,1770
2011,3,4,16,1547
2011,3,4,17,1401
2011,3,4,18,1369
2011,3,4,19,1434
2011,3,4,20,1585
2011,3,4,21,1787
2011,3,4,22,1991
2011,3,4,23,2156
2011,3,5,0,2233
2011,3,5,1,2195
2011,3,5,2,2042
2011,3,5,3,1828
2011,3,5,4,1611
2011,3,5,5,1463
2011,3,5,6,1428
2011,3,5,7,1491
2011,3,5,8,1627
2011,3,5,9,1825
2011,3,5,10,2044
2011,3,5,11,2233
2011,3,5,12,2324
2011,3,5,13,2286
2011,3,5,14,2132
2011,3,5,15,1874
2011,3,5,16,1610
2011,3,5,17,1413
2011,3,5,18,1313
2011,3,5,19,1342
2011,3,5,20,1482
2011,3,5,21,1700
2011,3,5,22,1934
2011,3,5,23,2137
2011,3,6,0,2263
2011,3,6,1,2280
2011,3,6,2,2180
2011,3,6,3,1972
2011,3,6,4,1713
2011,3,6,5,1492
2011,3,6,6,1389
2011,3,6,7,1399
2011,3,6,8,1501
2011,3,6,9,1677
2011,3,6,10,1900
2011,3,6,11,2109
2011,3,6,12,2250
2011,3,6,13,2289
2011,3,6,14,2198
2011,3,6,15,1988
2011,3,6,16,1721
2011,3,6,17,1476
2011,3,6,18,1332
2011,3,6,19,1315
2011,3,6,20,1418
2011,3,6,21,1616
2011,3,6,22,1863
2011,3,6,23,2095
2011,3,7,0,2272
2011,3,7,1,2328
2011,3,7,2,2269
2011,3,7,3,2104
2011,3,7,4,1858
2011,3,7,5,1607
2011,3,7,6,1443
2011,3,7,7,1388
2011,3,7,8,1435
2011,3,7,9,1563
2011,3,7,10,1758
2011,3,7,11,1980
2011,3,7,12,2141
2011,3,7,13,2206
2011,3,7,14,2168
2011,3,7,15,1970
2011,3,7,16,1758
2011,3,7,17,1507
2011,3,7,18,1329
2011,3,7,19,1262
2011,3,7,20,1320
2011,3,7,21,1487
2011,3,7,22,1732
2011,3,7,23,1997
2011,3,8,0,2192
2011,3,8,1,2282
2011,3,8,2,2268
2011,3,8,3,2166
2011,3,8,4,1977
2011,3,8,5,1728
2011,3,8,6,1513
2011,3,8,7,1394
2011,3,8,8,1399
2011,3,8,9,1510
2011,3,8,10,1698
2011,3,8,11,1900
2011,3,8,12,2055
2011,3,8,13,2127
2011,3,8,14,2122
2011,3,8,15,2029
2011,3,8,16,1837
2011,3,8,17,1608
2011,3,8,18,1386
2011,3,8,19,1284
2011,3,8,20,1313
2011,3,8,21,1451
2011,3,8,22,1658
2011,3,8,23,1886
2011,3,9,0,2083
2011,3,9,1,2218
2011,3,9,2,2271
2011,3,9,3,2220
2011,3,9,4,2066
2011,3,9,5,1843
2011,3,9,6,1629
2011,3,9,7,1485
2011,3,9,8,1447
2011,3,9,9,1498
2011,3,9,10,1623
2011,3,9,11,1797
2011,3,9,12,1961
2011,3,9,13,2069
2011,3,9,14,2102
2011,3,9,15,2047
2011,3,9,16,1915
2011,3,9,17,1730
2011,3,9,18,1516
2011,3,9,19,1364
2011,3,9,20,1331
2011,3,9,21,1408
2011,3,9,22,1588
2011,3,9,23,1821
2011,3,10,0,2050
2011,3,10,1,2200
2011,3,10,2,2265
2011,3,10,3,2247
2011,3,10,4,2157
2011,3,10,5,1992
2011,3,10,6,1782
2011,3,10,7,1601
2011,3,10,8,1486
2011,3,10,9,1464
2011,3,10,10,1546
2011,3,10,11,1701
2011,3,10,12,1865
2011,3,10,13,1985
2011,3,10,14,2014
2011,3,10,15,1982
2011,3,10,16,1903
2011,3,10,17,1765
2011,3,10,18,1593
2011,3,10,19,1442
2011,3,10,20,1370
2011,3,10,21,1408
2011,3,10,22,1522
2011,3,10,23,1712
2011,3,11,0,1927
2011,3,11,1,2096
2011,3,11,2,2193
2011,3,11,3,2214
2011,3,11,4,2161
2011,3,11,5,2046
2011,3,11,6,1892
2011,3,11,7,1726
2011,3,11,8,1599
2011,3,11,9,1546
2011,3,11,10,1568
2011,3,11,11,1649
2011,3,11,12,1765
2011,3,11,13,1886
2011,3,11,14,1958
2011,3,11,15,1967
2011,3,11,16,1923
2011,3,11,17,1828
2011,3,11,18,1699
2011,3,11,19,1567
2011,3,11,20,1472
2011,3,11,21,1431
2011,3,11,22,1480
2011,3,11,23,1617
2011,3,12,0,1811
2011,3,12,1,1997
2011,3,12,2,2123
2011,3,12,3,2182
2011,3,12,4,2174
2011,3,12,5,2125
2011,3,12,6,2029
2011,3,12,7,1891
2011,3,12,8,1752
2011,3,12,9,1651
2011,3,12,10,1623
2011,3,12,11,1667
2011,3,12,12,1755
2011,3,12,13,1837
2011,3,12,14,1888
2011,3,12,15,1905
2011,3,12,16,1905
2011,3,12,17,1880
2011,3,12,18,1802
2011,3,12,19,1680
2011,3,12,20,1564
2011,3,12,21,1496
2011,3,12,22,1499
2011,3,12,23,1579
2011,3,13,0,1724
2011,3,13,1,1884
2011,3,13,2,1999
2011,3,13,3,2083
2011,3,13,4,2140
2011,3,13,5,2163
2011,3,13,6,2157
2011,3,13,7,2078
2011,3,13,8,1949
2011,3,13,9,1827
2011,3,13,10,1762
2011,3,13,11,1754
2011,3,13,12,1773
2011,3,13,13,1807
2011,3,13,14,1821
2011,3,13,15,1836
2011,3,13,16,1860
2011,3,13,17,1874
2011,3,13,18,1864
2011,3,13,19,1809
2011,3,13,20,1722
2011,3,13,21,1633
2011,3,13,22,1571
2011,3,13,23,1578
2011,3,14,0,1659
2011,3,14,1,1769
2011,3,14,2,1876
2011,3,14,3,1976
2011,3,14,4,2051
2011,3,14,5,2113
2011,3,14,6,2155
2011,3,14,7,2148
2011,3,14,8,2081
2011,3,14,9,1985
2011,3,14,10,1899
2011,3,14,11,1826
2011,3,14,12,1779
2011,3,14,13,1746
2011,3,14,14,1727
2011,3,14,15,1728
2011,3,14,16,1758
2011,3,14,17,1812
2011,3,14,18,1846
2011,3,14,19,1861
2011,3,14,20,1831
2011,3,14,21,1768
2011,3,14,22,1703
2011,3,14,23,1651
2011,3,15,0,1633
2011,3,15,1,1657
2011,3,15,2,1714
2011,3,15,3,1808
2011,3,15,4,1912
2011,3,15,5,2006
2011,3,15,6,2108
2011,3,15,7,2176
2011,3,15,8,2186
2011,3,15,9,2149
2011,3,15,10,2069
2011,3,15,11,1953
2011,3,15,12,1829
2011,3,15,13,1713
2011,3,15,14,1647
2011,3,15,15,1621
2011,3,15,16,1649
2011,3,15,17,1717
2011,3,15,18,1796
2011,3,15,19,1873
2011,3,15,20,1915
2011,3,15,21,1901
2011,3,15,22,1840
2011,3,15,23,1763
2011,3,16,0,1685
2011,3,16,1,1627
2011,3,16,2,1599
2011,3,16,3,1617
2011,3,16,4,1687
2011,3,16,5,1803
2011,3,16,6,1961
2011,3,16,7,2125
2011,3,16,8,2245
2011,3,16,9,2283
2011,3,16,10,2236
2011,3,16,11,2121
2011,3,16,12,1964
2011,3,16,13,1798
2011,3,16,14,1652
2011,3,16,15,1546
2011,3,16,16,1508
2011,3,16,17,1565
2011,3,16,18,1687
2011,3,16,19,1832
2011,3,16,20,1957
2011,3,16,21,2027
2011,3,16,22,2033
2011,3,16,23,1975
2011,3,17,0,1856
2011,3,17,1,1697
2011,3,17,2,1564
2011,3,17,3,1501
2011,3,17,4,1525
2011,3,17,5,1623
2011,3,17,6,1798
2011,3,17,7,2004
2011,3,17,8,2185
2011,3,17,9,2320
2011,3,17,10,2373
2011,3,17,11,2319
2011,3,17,12,2158
2011,3,17,13,1935
2011,3,17,14,1738
2011,3,17,15,1539
2011,3,17,16,1429
2011,3,17,17,1433
2011,3,17,18,1537
2011,3,17,19,1708
2011,3,17,20,1921
2011,3,17,21,2107
2011,3,17,22,2208
2011,3,17,23,2187
2011,3,18,0,2071
2011,3,18,1,1875
2011,3,18,2,1660
2011,3,18,3,1496
2011,3,18,4,1412
2011,3,18,5,1432
2011,3,18,6,1564
2011,3,18,7,1784
2011,3,18,8,2028
2011,3,18,9,2250
2011,3,18,10,2390
2011,3,18,11,2403
2011,3,18,12,2287
2011,3,18,13,2074
2011,3,18,14,1768
2011,3,18,15,1529
2011,3,18,16,1349
2011,3,18,17,1314
2011,3,18,18,1392
2011,3,18,19,1559
2011,3,18,20,1806
2011,3,18,21,2067
2011,3,18,22,2265
2011,3,18,23,2336
2011,3,19,0,2271
2011,3,19,1,2071
2011,3,19,2,1804
2011,3,19,3,1555
2011,3,19,4,1375
2011,3,19,5,1298
2011,3,19,6,1352
2011,3,19,7,1522
2011,3,19,8,1784
2011,3,19,9,2080
2011,3,19,10,2317
2011,3,19,11,2428
2011,3,19,12,2388
2011,3,19,13,2235
2011,3,19,14,1923
2011,3,19,15,1639
2011,3,19,16,1380
2011,3,19,17,1227
2011,3,19,18,1233
2011,3,19,19,1378
2011,3,19,20,1638
2011,3,19,21,1958
2011,3,19,22,2243
2011,3,19,23,2437
2011,3,20,0,2492
2011,3,20,1,2375
2011,3,20,2,2116
2011,3,20,3,1790
2011,3,20,4,1493
2011,3,20,5,1294
2011,3,20,6,1236
2011,3,20,7,1327
2011,3,20,8,1548
2011,3,20,9,1845
2011,3,20,10,2134
2011,3,20,11,2341
2011,3,20,12,2414
2011,3,20,13,2355
2011,3,20,14,2158
2011,3,20,15,1857
2011,3,20,16,1535
2011,3,20,17,1284
2011,3,20,18,1178
2011,3,20,19,1241
2011,3,20,20,1456
2011,3,20,21,1777
2011,3,20,22,2102
2011,3,20,23,2380
2011,3,21,0,2558
2011,3,21,1,2575
2011,3,21,2,2416
2011,3,21,3,2096
2011,3,21,4,1735
2011,3,21,5,1419
2011,3,21,6,1236
2011,3,21,7,1216
2011,3,21,8,1345
2011,3,21,9,1599
2011,3,21,10,1891
2011,3,21,11,2146
2011,3,21,12,2319
2011,3,21,13,2382
2011,3,21,14,2310
2011,3,21,15,2071
2011,3,21,16,1706
2011,3,21,17,1368
2011,3,21,18,1172
2011,3,21,19,1146
2011,3,21,20,1287
2011,3,21,21,1549
2011,3,21,22,1875
2011,3,21,23,2184
2011,3,22,0,2432
2011,3,22,1,2572
2011,3,22,2,2550
2011,3,22,3,2335
2011,3,22,4,1969
2011,3,22,5,1586
2011,3,22,6,1305
2011,3,22,7,1174
2011,3,22,8,1201
2011,3,22,9,1357
2011,3,22,10,1601
2011,3,22,11,1858
2011,3,22,12,2077
2011,3,22,13,2218
2011,3,22,14,2239
2011,3,22,15,2107
2011,3,22,16,1853
2011,3,22,17,1552
2011,3,22,18,1305
2011,3,22,19,1190
2011,3,22,20,1223
2011,3,22,21,1387
2011,3,22,22,1661
2011,3,22,23,1974
2011,3,23,0,2271
2011,3,23,1,2489
2011,3,23,2,2565
2011,3,23,3,2494
2011,3,23,4,2273
2011,3,23,5,1944
2011,3,23,6,1612
2011,3,23,7,1370
2011,3,23,8,1273
2011,3,23,9,1314
2011,3,23,10,1477
2011,3,23,11,1700
2011,3,23,12,1915
2011,3,23,13,2084
2011,3,23,14,2171
2011,3,23,15,2158
2011,3,23,16,2020
2011,3,23,17,1787
2011,3,23,18,1513
2011,3,23,19,1306
2011,3,23,20,1246
2011,3,23,21,1318
2011,3,23,22,1529
2011,3,23,23,1796
2011,3,24,0,2059
2011,3,24,1,2284
2011,3,24,2,2437
2011,3,24,3,2489
2011,3,24,4,2399
2011,3,24,5,2187
2011,3,24,6,1902
2011,3,24,7,1627
2011,3,24,8,1428
2011,3,24,9,1380
2011,3,24,10,1442
2011,3,24,11,1587
2011,3,24,12,1741
2011,3,24,13,1882
2011,3,24,14,2031
2011,3,24,15,2079
2011,3,24,16,2045
2011,3,24,17,1908
2011,3,24,18,1706
2011,3,24,19,1509
2011,3,24,20,1390
2011,3,24,21,1388
2011,3,24,22,1477
2011,3,24,23,1639
2011,3,25,0,1845
2011,3,25,1,2073
2011,3,25,2,2263
2011,3,25,3,2372
2011,3,25,4,2369
2011,3,25,5,2258
2011,3,25,6,2061
2011,3,25,7,1827
2011,3,25,8,1640
2011,3,25,9,1544
2011,3,25,10,1515
2011,3,25,11,1548
2011,3,25,12,1628
2011,3,25,13,1731
2011,3,25,14,1841
2011,3,25,15,1907
2011,3,25,16,1941
2011,3,25,17,1888
2011,3,25,18,1760
2011,3,25,19,1619
2011,3,25,20,1504
2011,3,25,21,1440
2011,3,25,22,1457
2011,3,25,23,1543
2011,3,26,0,1687
2011,3,26,1,1872
2011,3,26,2,2042
2011,3,26,3,2174
2011,3,26,4,2244
2011,3,26,5,2234
2011,3,26,6,2152
2011,3,26,7,2019
2011,3,26,8,1865
2011,3,26,9,1749
2011,3,26,10,1669
2011,3,26,11,1629
2011,3,26,12,1662
2011,3,26,13,1738
2011,3,26,14,1796
2011,3,26,15,1847
2011,3,26,16,1892
2011,3,26,17,1920
2011,3,26,18,1896
2011,3,26,19,1808
2011,3,26,20,1694
2011,3,26,21,1611
2011,3,26,22,1580
2011,3,26,23,1615
2011,3,27,0,1698
2011,3,27,1,1800
2011,3,27,2,1902
2011,3,27,3,1997
2011,3,27,4,2085
2011,3,27,5,2156
2011,3,27,6,2177
2011,3,27,7,2118
2011,3,27,8,2025
2011,3,27,9,1918
2011,3,27,10,1808
2011,3,27,11,1731
2011,3,27,12,1694
2011,3,27,13,1696
2011,3,27,14,1722
2011,3,27,15,1752
2011,3,27,16,1781
2011,3,27,17,1837
2011,3,27,18,1892
2011,3,27,19,1907
2011,3,27,20,1871
2011,3,27,21,1796
2011,3,27,22,1733
2011,3,27,23,1690
2011,3,28,0,1673
2011,3,28,1,1713
2011,3,28,2,1769
2011,3,28,3,1838
2011,3,28,4,1924
2011,3,28,5,2020
2011,3,28,6,2105
2011,3,28,7,2137
2011,3,28,8,2126
2011,3,28,9,2072
2011,3,28,10,1964
2011,3,28,11,1842
2011,3,28,12,1735
2011,3,28,13,1673
2011,3,28,14,1656
2011,3,28,15,1667
2011,3,28,16,1708
2011,3,28,17,1743
2011,3,28,18,1795
2011,3,28,19,1868
2011,3,28,20,1923
2011,3,28,21,1938
2011,3,28,22,1903
2011,3,28,23,1819
2011,3,29,0,1717
2011,3,29,1,1653
2011,3,29,2,1666
2011,3,29,3,1725
2011,3,29,4,1815
2011,3,29,5,1905
2011,3,29,6,1984
2011,3,29,7,2061
2011,3,29,8,2125
2011,3,29,9,2149
2011,3,29,10,2093
2011,3,29,11,1975
2011,3,29,12,1843
2011,3,29,13,1720
2011,3,29,14,1643
2011,3,29,15,1603
2011,3,29,16,1596
2011,3,29,17,1650
2011,3,29,18,1745
2011,3,29,19,1856
2011,3,29,20,1957
2011,3,29,21,2019
2011,3,29,22,2013
2011,3,29,23,1942
2011,3,30,0,1835
2011,3,30,1,1733
2011,3,30,2,1654
2011,3,30,3,1625
2011,3,30,4,1657
2011,3,30,5,1740
2011,3,30,6,1863
2011,3,30,7,1992
2011,3,30,8,2108
2011,3,30,9,2174
2011,3,30,10,2174
2011,3,30,11,2111
2011,3,30,12,1993
2011,3,30,13,1839
2011,3,30,14,1693
2011,3,30,15,1603
2011,3,30,16,1578
2011,3,30,17,1617
2011,3,30,18,1709
2011,3,30,19,1839
2011,3,30,20,1982
2011,3,30,21,2087
2011,3,30,22,2146
2011,3,30,23,2119
2011,3,31,0,2013
2011,3,31,1,1857
2011,3,31,2,1709
2011,3,31,3,1617
2011,3,31,4,1590
2011,3,31,5,1634
2011,3,31,6,1732
2011,3,31,7,1880
2011,3,31,8,2031
2011,3,31,9,2154
2011,3,31,10,2217
2011,3,31,11,2191
2011,3,31,12,2086
2011,3,31,13,1931
2011,3,31,14,1708
2011,3,31,15,1582
2011,3,31,16,1502
2011,3,31,17,1521
2011,3,31,18,1621
2011,3,31,19,1774
2011,3,31,20,1942
2011,3,31,21,2088
2011,3,31,22,2188
2011,3,31,23,2218
2011,4,1,0,2149
2011,4,1,1,2002
2011,4,1,2,1814
2011,4,1,3,1632
2011,4,1,4,1528
2011,4,1,5,1534
2011,4,1,6,1622
2011,4,1,7,1761
2011,4,1,8,1925
2011,4,1,9,2078
2011,4,1,10,2187
2011,4,1,11,2239
2011,4,1,12,2195
2011,4,1,13,2041
2011,4,1,14,1819
2011,4,1,15,1612
2011,4,1,16,1482
2011,4,1,17,1466
2011,4,1,18,1560
2011,4,1,19,1718
2011,4,1,20,1903
2011,4,1,21,2088
2011,4,1,22,2239
2011,4,1,23,2312
2011,4,2,0,2278
2011,4,2,1,2146
2011,4,2,2,1934
2011,4,2,3,1711
2011,4,2,4,1556
2011,4,2,5,1499
2011,4,2,6,1540
2011,4,2,7,1657
2011,4,2,8,1827
2011,4,2,9,2004
2011,4,2,10,2146
2011,4,2,11,2232
2011,4,2,12,2235
2011,4,2,13,2120
2011,4,2,14,1914
2011,4,2,15,1680
2011,4,2,16,1496
2011,4,2,17,1440
2011,4,2,18,1501
2011,4,2,19,1655
2011,4,2,20,1846
2011,4,2,21,2040
2011,4,2,22,2226
2011,4,2,23,2341
2011,4,3,0,2362
2011,4,3,1,2275
2011,4,3,2,2071
2011,4,3,3,1831
2011,4,3,4,1615
2011,4,3,5,1489
2011,4,3,6,1482
2011,4,3,7,1562
2011,4,3,8,1704
2011,4,3,9,1886
2011,4,3,10,2071
2011,4,3,11,2223
2011,4,3,12,2280
2011,4,3,13,2204
2011,4,3,14,2012
2011,4,3,15,1765
2011,4,3,16,1542
2011,4,3,17,1405
2011,4,3,18,1401
2011,4,3,19,1527
2011,4,3,20,1724
2011,4,3,21,1957
2011,4,3,22,2190
2011,4,3,23,2351
2011,4,4,0,2412
2011,4,4,1,2375
2011,4,4,2,2221
2011,4,4,3,1984
2011,4,4,4,1732
2011,4,4,5,1543
2011,4,4,6,1462
2011,4,4,7,1494
2011,4,4,8,1631
2011,4,4,9,1822
2011,4,4,10,2014
2011,4,4,11,2183
2011,4,4,12,2279
2011,4,4,13,2257
2011,4,4,14,2112
2011,4,4,15,1876
2011,4,4,16,1632
2011,4,4,17,1460
2011,4,4,18,1409
2011,4,4,19,1483
2011,4,4,20,1645
2011,4,4,21,1868
2011,4,4,22,2114
2011,4,4,23,2321
2011,4,5,0,2438
2011,4,5,1,2440
2011,4,5,2,2329
2011,4,5,3,2111
2011,4,5,4,1838
2011,4,5,5,1603
2011,4,5,6,1458
2011,4,5,7,1434
2011,4,5,8,1525
2011,4,5,9,1695
2011,4,5,10,1900
2011,4,5,11,2084
2011,4,5,12,2217
2011,4,5,13,2257
2011,4,5,14,2155
2011,4,5,15,1953
2011,4,5,16,1706
2011,4,5,17,1483
2011,4,5,18,1379
2011,4,5,19,1410
2011,4,5,20,1556
2011,4,5,21,1775
2011,4,5,22,2017
2011,4,5,23,2232
2011,4,6,0,2380
2011,4,6,1,2451
2011,4,6,2,2414
2011,4,6,3,2245
2011,4,6,4,1976
2011,4,6,5,1708
2011,4,6,6,1518
2011,4,6,7,1448
2011,4,6,8,1503
2011,4,6,9,1650
2011,4,6,10,1838
2011,4,6,11,2014
2011,4,6,12,2146
2011,4,6,13,2202
2011,4,6,14,2158
2011,4,6,15,2020
2011,4,6,16,1813
2011,4,6,17,1594
2011,4,6,18,1446
2011,4,6,19,1414
2011,4,6,20,1503
2011,4,6,21,1686
2011,4,6,22,1931
2011,4,6,23,2168
2011,4,7,0,2344
2011,4,7,1,2439
2011,4,7,2,2458
2011,4,7,3,2372
2011,4,7,4,2170
2011,4,7,5,1898
2011,4,7,6,1661
2011,4,7,7,1527
2011,4,7,8,1516
2011,4,7,9,1603
2011,4,7,10,1748
2011,4,7,11,1909
2011,4,7,12,2051
2011,4,7,13,2150
2011,4,7,14,2176
2011,4,7,15,2102
2011,4,7,16,1931
2011,4,7,17,1704
2011,4,7,18,1495
2011,4,7,19,1401
2011,4,7,20,1443
2011,4,7,21,1587
2011,4,7,22,1804
2011,4,7,23,2032
2011,4,8,0,2214
2011,4,8,1,2337
2011,4,8,2,2384
2011,4,8,3,2350
2011,4,8,4,2225
2011,4,8,5,2014
2011,4,8,6,1771
2011,4,8,7,1574
2011,4,8,8,1489
2011,4,8,9,1515
2011,4,8,10,1622
2011,4,8,11,1772
2011,4,8,12,1911
2011,4,8,13,2006
2011,4,8,14,2058
2011,4,8,15,2047
2011,4,8,16,1941
2011,4,8,17,1766
2011,4,8,18,1579
2011,4,8,19,1436
2011,4,8,20,1413
2011,4,8,21,1499
2011,4,8,22,1661
2011,4,8,23,1871
2011,4,9,0,2067
2011,4,9,1,2221
2011,4,9,2,2311
2011,4,9,3,2329
2011,4,9,4,2245
2011,4,9,5,2073
2011,4,9,6,1866
2011,4,9,7,1681
2011,4,9,8,1570
2011,4,9,9,1542
2011,4,9,10,1585
2011,4,9,11,1677
2011,4,9,12,1787
2011,4,9,13,1884
2011,4,9,14,1953
2011,4,9,15,1979
2011,4,9,16,1934
2011,4,9,17,1818
2011,4,9,18,1666
2011,4,9,19,1528
2011,4,9,20,1453
2011,4,9,21,1487
2011,4,9,22,1606
2011,4,9,23,1761
2011,4,10,0,1913
2011,4,10,1,2055
2011,4,10,2,2177
2011,4,10,3,2249
2011,4,10,4,2242
2011,4,10,5,2138
2011,4,10,6,1967
2011,4,10,7,1782
2011,4,10,8,1653
2011,4,10,9,1601
2011,4,10,10,1602
2011,4,10,11,1637
2011,4,10,12,1704
2011,4,10,13,1778
2011,4,10,14,1838
2011,4,10,15,1912
2011,4,10,16,1905
2011,4,10,17,1852
2011,4,10,18,1733
2011,4,10,19,1597
2011,4,10,20,1502
2011,4,10,21,1490
2011,4,10,22,1557
2011,4,10,23,1657
2011,4,11,0,1781
2011,4,11,1,1914
2011,4,11,2,2034
2011,4,11,3,2134
2011,4,11,4,2179
2011,4,11,5,2172
2011,4,11,6,2092
2011,4,11,7,1960
2011,4,11,8,1816
2011,4,11,9,1706
2011,4,11,10,1647
2011,4,11,11,1638
2011,4,11,12,1669
2011,4,11,13,1725
2011,4,11,14,1784
2011,4,11,15,1828
2011,4,11,16,1855
2011,4,11,17,1868
2011,4,11,18,1839
2011,4,11,19,1763
2011,4,11,20,1669
2011,4,11,21,1595
2011,4,11,22,1579
2011,4,11,23,1610
2011,4,12,0,1682
2011,4,12,1,1785
2011,4,12,2,1897
2011,4,12,3,2004
2011,4,12,4,2093
2011,4,12,5,2153
2011,4,12,6,2149
2011,4,12,7,2080
2011,4,12,8,1969
2011,4,12,9,1842
2011,4,12,10,1742
2011,4,12,11,1671
2011,4,12,12,1635
2011,4,12,13,1623
2011,4,12,14,1649
2011,4,12,15,1703
2011,4,12,16,1768
2011,4,12,17,1833
2011,4,12,18,1875
2011,4,12,19,1875
2011,4,12,20,1816
2011,4,12,21,1744
2011,4,12,22,1677
2011,4,12,23,1634
2011,4,13,0,1622
2011,4,13,1,1652
2011,4,13,2,1730
2011,4,13,3,1836
2011,4,13,4,1959
2011,4,13,5,2074
2011,4,13,6,2150
2011,4,13,7,2162
2011,4,13,8,2121
2011,4,13,9,2018
2011,4,13,10,1890
2011,4,13,11,1771
2011,4,13,12,1664
2011,4,13,13,1592
2011,4,13,14,1563
2011,4,13,15,1578
2011,4,13,16,1642
2011,4,13,17,1740
2011,4,13,18,1863
2011,4,13,19,1955
2011,4,13,20,1979
2011,4,13,21,1936
2011,4,13,22,1847
2011,4,13,23,1749
2011,4,14,0,1658
2011,4,14,1,1612
2011,4,14,2,1613
2011,4,14,3,1662
2011,4,14,4,1758
2011,4,14,5,1883
2011,4,14,6,2032
2011,4,14,7,2148
2011,4,14,8,2190
2011,4,14,9,2163
2011,4,14,10,2068
2011,4,14,11,1935
2011,4,14,12,1778
2011,4,14,13,1643
2011,4,14,14,1514
2011,4,14,15,1497
2011,4,14,16,1543
2011,4,14,17,1650
2011,4,14,18,1814
2011,4,14,19,1983
2011,4,14,20,2112
2011,4,14,21,2164
2011,4,14,22,2120
2011,4,14,23,1982
2011,4,15,0,1800
2011,4,15,1,1645
2011,4,15,2,1555
2011,4,15,3,1537
2011,4,15,4,1585
2011,4,15,5,1691
2011,4,15,6,1837
2011,4,15,7,2002
2011,4,15,8,2160
2011,4,15,9,2246
2011,4,15,10,2222
2011,4,15,11,2092
2011,4,15,12,1896
2011,4,15,13,1675
2011,4,15,14,1489
2011,4,15,15,1393
2011,4,15,16,1399
2011,4,15,17,1504
2011,4,15,18,1691
2011,4,15,19,1897
2011,4,15,20,2097
2011,4,15,21,2255
2011,4,15,22,2311
2011,4,15,23,2239
2011,4,16,0,2035
2011,4,16,1,1784
2011,4,16,2,1576
2011,4,16,3,1446
2011,4,16,4,1430
2011,4,16,5,1503
2011,4,16,6,1637
2011,4,16,7,1828
2011,4,16,8,2037
2011,4,16,9,2213
2011,4,16,10,2301
2011,4,16,11,2263
2011,4,16,12,2096
2011,4,16,13,1839
2011,4,16,14,1575
2011,4,16,15,1381
2011,4,16,16,1309
2011,4,16,17,1358
2011,4,16,18,1518
2011,4,16,19,1759
2011,4,16,20,2027
2011,4,16,21,2281
2011,4,16,22,2447
2011,4,16,23,2466
2011,4,17,0,2320
2011,4,17,1,2063
2011,4,17,2,1781
2011,4,17,3,1536
2011,4,17,4,1400
2011,4,17,5,1377
2011,4,17,6,1446
2011,4,17,7,1603
2011,4,17,8,1830
2011,4,17,9,2070
2011,4,17,10,2267
2011,4,17,11,2331
2011,4,17,12,2234
2011,4,17,13,2016
2011,4,17,14,1737
2011,4,17,15,1484
2011,4,17,16,1307
2011,4,17,17,1259
2011,4,17,18,1364
2011,4,17,19,1588
2011,4,17,20,1894
2011,4,17,21,2218
2011,4,17,22,2474
2011,4,17,23,2610
2011,4,18,0,2589
2011,4,18,1,2401
2011,4,18,2,2095
2011,4,18,3,1749
2011,4,18,4,1461
2011,4,18,5,1303
2011,4,18,6,1282
2011,4,18,7,1369
2011,4,18,8,1555
2011,4,18,9,1804
2011,4,18,10,2041
2011,4,18,11,2228
2011,4,18,12,2290
2011,4,18,13,2180
2011,4,18,14,1922
2011,4,18,15,1618
2011,4,18,16,1318
2011,4,18,17,1178
2011,4,18,18,1206
2011,4,18,19,1382
2011,4,18,20,1653
2011,4,18,21,1976
2011,4,18,22,2278
2011,4,18,23,2506
2011,4,19,0,2614
2011,4,19,1,2584
2011,4,19,2,2383
2011,4,19,3,2032
2011,4,19,4,1659
2011,4,19,5,1366
2011,4,19,6,1229
2011,4,19,7,1243
2011,4,19,8,1375
2011,4,19,9,1581
2011,4,19,10,1826
2011,4,19,11,2055
2011,4,19,12,2208
2011,4,19,13,2211
2011,4,19,14,2075
2011,4,19,15,1813
2011,4,19,16,1500
2011,4,19,17,1275
2011,4,19,18,1179
2011,4,19,19,1248
2011,4,19,20,1465
2011,4,19,21,1769
2011,4,19,22,2087
2011,4,19,23,2357
2011,4,20,0,2533
2011,4,20,1,2600
2011,4,20,2,2525
2011,4,20,3,2273
2011,4,20,4,1922
2011,4,20,5,1583
2011,4,20,6,1341
2011,4,20,7,1252
2011,4,20,8,1285
2011,4,20,9,1429
2011,4,20,10,1637
2011,4,20,11,1865
2011,4,20,12,2049
2011,4,20,13,2141
2011,4,20,14,2109
2011,4,20,15,1963
2011,4,20,16,1726
2011,4,20,17,1463
2011,4,20,18,1276
2011,4,20,19,1233
2011,4,20,20,1351
2011,4,20,21,1585
2011,4,20,22,1882
2011,4,20,23,2161
2011,4,21,0,2393
2011,4,21,1,2548
2011,4,21,2,2593
2011,4,21,3,2483
2011,4,21,4,2217
2011,4,21,5,1869
2011,4,21,6,1555
2011,4,21,7,1364
2011,4,21,8,1310
2011,4,21,9,1372
2011,4,21,10,1513
2011,4,21,11,1699
2011,4,21,12,1889
2011,4,21,13,2035
2011,4,21,14,2099
2011,4,21,15,2043
2011,4,21,16,1885
2011,4,21,17,1652
2011,4,21,18,1439
2011,4,21,19,1311
2011,4,21,20,1309
2011,4,21,21,1445
2011,4,21,22,1675
2011,4,21,23,1932
2011,4,22,0,2161
2011,4,22,1,2342
2011,4,22,2,2444
2011,4,22,3,2438
2011,4,22,4,2304
2011,4,22,5,2064
2011,4,22,6,1775
2011,4,22,7,1535
2011,4,22,8,1399
2011,4,22,9,1371
2011,4,22,10,1438
2011,4,22,11,1582
2011,4,22,12,1742
2011,4,22,13,1885
2011,4,22,14,1973
2011,4,22,15,2001
2011,4,22,16,1941
2011,4,22,17,1794
2011,4,22,18,1601
2011,4,22,19,1440
2011,4,22,20,1378
2011,4,22,21,1411
2011,4,22,22,1535
2011,4,22,23,1735
2011,4,23,0,1949
2011,4,23,1,2145
2011,4,23,2,2271
2011,4,23,3,2331
2011,4,23,4,2294
2011,4,23,5,2168
2011,4,23,6,1953
2011,4,23,7,1703
2011,4,23,8,1540
2011,4,23,9,1448
2011,4,23,10,1457
2011,4,23,11,1545
2011,4,23,12,1668
2011,4,23,13,1774
2011,4,23,14,1839
2011,4,23,15,1899
2011,4,23,16,1914
2011,4,23,17,1858
2011,4,23,18,1754
2011,4,23,19,1618
2011,4,23,20,1509
2011,4,23,21,1478
2011,4,23,22,1537
2011,4,23,23,1664
2011,4,24,0,1823
2011,4,24,1,1986
2011,4,24,2,2118
2011,4,24,3,2196
2011,4,24,4,2227
2011,4,24,5,2195
2011,4,24,6,2092
2011,4,24,7,1932
2011,4,24,8,1749
2011,4,24,9,1609
2011,4,24,10,1539
2011,4,24,11,1554
2011,4,24,12,1605
2011,4,24,13,1691
2011,4,24,14,1757
2011,4,24,15,1835
2011,4,24,16,1891
2011,4,24,17,1898
2011,4,24,18,1843
2011,4,24,19,1759
2011,4,24,20,1667
2011,4,24,21,1615
2011,4,24,22,1601
2011,4,24,23,1632
2011,4,25,0,1713
2011,4,25,1,1839
2011,4,25,2,1973
2011,4,25,3,2064
2011,4,25,4,2121
2011,4,25,5,2142
2011,4,25,6,2112
2011,4,25,7,2032
2011,4,25,8,1911
2011,4,25,9,1774
2011,4,25,10,1662
2011,4,25,11,1588
2011,4,25,12,1586
2011,4,25,13,1631
2011,4,25,14,1670
2011,4,25,15,1717
2011,4,25,16,1779
2011,4,25,17,1844
2011,4,25,18,1887
2011,4,25,19,1881
2011,4,25,20,1825
2011,4,25,21,1732
2011,4,25,22,1659
2011,4,25,23,1645
2011,4,26,0,1662
2011,4,26,1,1712
2011,4,26,2,1780
2011,4,26,3,1858
2011,4,26,4,1936
2011,4,26,5,2006
2011,4,26,6,2039
2011,4,26,7,2017
2011,4,26,8,1953
2011,4,26,9,1863
2011,4,26,10,1754
2011,4,26,11,1661
2011,4,26,12,1601
2011,4,26,13,1582
2011,4,26,14,1598
2011,4,26,15,1645
2011,4,26,16,1717
2011,4,26,17,1791
2011,4,26,18,1866
2011,4,26,19,1912
2011,4,26,20,1914
2011,4,26,21,1872
2011,4,26,22,1814
2011,4,26,23,1758
2011,4,27,0,1712
2011,4,27,1,1694
2011,4,27,2,1717
2011,4,27,3,1752
2011,4,27,4,1809
2011,4,27,5,1894
2011,4,27,6,1978
2011,4,27,7,2031
2011,4,27,8,2025
2011,4,27,9,1966
2011,4,27,10,1857
2011,4,27,11,1743
2011,4,27,12,1656
2011,4,27,13,1601
2011,4,27,14,1571
2011,4,27,15,1588
2011,4,27,16,1649
2011,4,27,17,1739
2011,4,27,18,1848
2011,4,27,19,1956
2011,4,27,20,2016
2011,4,27,21,2014
2011,4,27,22,1970
2011,4,27,23,1885
2011,4,28,0,1788
2011,4,28,1,1722
2011,4,28,2,1696
2011,4,28,3,1693
2011,4,28,4,1730
2011,4,28,5,1803
2011,4,28,6,1890
2011,4,28,7,1967
2011,4,28,8,2023
2011,4,28,9,2045
2011,4,28,10,2000
2011,4,28,11,1891
2011,4,28,12,1739
2011,4,28,13,1594
2011,4,28,14,1517
2011,4,28,15,1528
2011,4,28,16,1590
2011,4,28,17,1672
2011,4,28,18,1783
2011,4,28,19,1917
2011,4,28,20,2045
2011,4,28,21,2127
2011,4,28,22,2134
2011,4,28,23,2049
2011,4,29,0,1904
2011,4,29,1,1770
2011,4,29,2,1670
2011,4,29,3,1620
2011,4,29,4,1630
2011,4,29,5,1683
2011,4,29,6,1762
2011,4,29,7,1858
2011,4,29,8,1964
2011,4,29,9,2039
2011,4,29,10,2042
2011,4,29,11,1970
2011,4,29,12,1839
2011,4,29,13,1671
2011,4,29,14,1537
2011,4,29,15,1476
2011,4,29,16,1499
2011,4,29,17,1586
2011,4,29,18,1715
2011,4,29,19,1865
2011,4,29,20,2016
2011,4,29,21,2155
2011,4,29,22,2228
2011,4,29,23,2185
2011,4,30,0,2045
2011,4,30,1,1861
2011,4,30,2,1703
2011,4,30,3,1595
2011,4,30,4,1561
2011,4,30,5,1599
2011,4,30,6,1664
2011,4,30,7,1760
2011,4,30,8,1868
2011,4,30,9,1968
2011,4,30,10,2026
2011,4,30,11,2009
2011,4,30,12,1912
2011,4,30,13,1745
2011,4,30,14,1561
2011,4,30,15,1454
2011,4,30,16,1428
2011,4,30,17,1488
2011,4,30,18,1629
2011,4,30,19,1796
2011,4,30,20,1971
2011,4,30,21,2127
2011,4,30,22,2230
2011,4,30,23,2254
2011,5,1,0,2168
2011,5,1,1,2001
2011,5,1,2,1805
2011,5,1,3,1636
2011,5,1,4,1544
2011,5,1,5,1532
2011,5,1,6,1576
2011,5,1,7,1679
2011,5,1,8,1822
2011,5,1,9,1957
2011,5,1,10,2066
2011,5,1,11,2110
2011,5,1,12,2059
2011,5,1,13,1915
2011,5,1,14,1719
2011,5,1,15,1552
2011,5,1,16,1459
2011,5,1,17,1473
2011,5,1,18,1582
2011,5,1,19,1760
2011,5,1,20,1964
2011,5,1,21,2152
2011,5,1,22,2284
2011,5,1,23,2336
2011,5,2,0,2297
2011,5,2,1,2169
2011,5,2,2,1977
2011,5,2,3,1754
2011,5,2,4,1581
2011,5,2,5,1497
2011,5,2,6,1507
2011,5,2,7,1593
2011,5,2,8,1729
2011,5,2,9,1883
2011,5,2,10,2025
2011,5,2,11,2108
2011,5,2,12,2093
2011,5,2,13,1966
2011,5,2,14,1777
2011,5,2,15,1584
2011,5,2,16,1442
2011,5,2,17,1415
2011,5,2,18,1511
2011,5,2,19,1684
2011,5,2,20,1901
2011,5,2,21,2123
2011,5,2,22,2303
2011,5,2,23,2408
2011,5,3,0,2409
2011,5,3,1,2310
2011,5,3,2,2120
2011,5,3,3,1872
2011,5,3,4,1649
2011,5,3,5,1499
2011,5,3,6,1460
2011,5,3,7,1524
2011,5,3,8,1657
2011,5,3,9,1831
2011,5,3,10,1998
2011,5,3,11,2118
2011,5,3,12,2151
2011,5,3,13,2080
2011,5,3,14,1904
2011,5,3,15,1691
2011,5,3,16,1515
2011,5,3,17,1427
2011,5,3,18,1468
2011,5,3,19,1613
2011,5,3,20,1808
2011,5,3,21,2026
2011,5,3,22,2233
2011,5,3,23,2398
2011,5,4,0,2477
2011,5,4,1,2437
2011,5,4,2,2269
2011,5,4,3,2003
2011,5,4,4,1742
2011,5,4,5,1542
2011,5,4,6,1454
2011,5,4,7,1482
2011,5,4,8,1597
2011,5,4,9,1734
2011,5,4,10,1906
2011,5,4,11,2046
2011,5,4,12,2134
2011,5,4,13,2119
2011,5,4,14,1996
2011,5,4,15,1806
2011,5,4,16,1603
2011,5,4,17,1456
2011,5,4,18,1437
2011,5,4,19,1519
2011,5,4,20,1704
2011,5,4,21,1941
2011,5,4,22,2142
2011,5,4,23,2350
2011,5,5,0,2469
2011,5,5,1,2485
2011,5,5,2,2389
2011,5,5,3,2195
2011,5,5,4,1948
2011,5,5,5,1704
2011,5,5,6,1527
2011,5,5,7,1474
2011,5,5,8,1527
2011,5,5,9,1660
2011,5,5,10,1832
2011,5,5,11,2010
2011,5,5,12,2146
2011,5,5,13,2192
2011,5,5,14,2141
2011,5,5,15,1973
2011,5,5,16,1779
2011,5,5,17,1573
2011,5,5,18,1475
2011,5,5,19,1500
2011,5,5,20,1619
2011,5,5,21,1806
2011,5,5,22,2028
2011,5,5,23,2260
2011,5,6,0,2440
2011,5,6,1,2510
2011,5,6,2,2477
2011,5,6,3,2341
2011,5,6,4,2110
2011,5,6,5,1859
2011,5,6,6,1643
2011,5,6,7,1519
2011,5,6,8,1510
2011,5,6,9,1577
2011,5,6,10,1711
2011,5,6,11,1877
2011,5,6,12,2032
2011,5,6,13,2131
2011,5,6,14,2136
2011,5,6,15,2043
2011,5,6,16,1868
2011,5,6,17,1666
2011,5,6,18,1522
2011,5,6,19,1481
2011,5,6,20,1543
2011,5,6,21,1685
2011,5,6,22,1895
2011,5,6,23,2129
2011,5,7,0,2345
2011,5,7,1,2489
2011,5,7,2,2513
2011,5,7,3,2440
2011,5,7,4,2269
2011,5,7,5,2035
2011,5,7,6,1800
2011,5,7,7,1625
2011,5,7,8,1548
2011,5,7,9,1554
2011,5,7,10,1653
2011,5,7,11,1814
2011,5,7,12,1972
2011,5,7,13,2091
2011,5,7,14,2148
2011,5,7,15,2124
2011,5,7,16,2001
2011,5,7,17,1808
2011,5,7,18,1621
2011,5,7,19,1516
2011,5,7,20,1523
2011,5,7,21,1635
2011,5,7,22,1824
2011,5,7,23,2037
2011,5,8,0,2240
2011,5,8,1,2401
2011,5,8,2,2487
2011,5,8,3,2489
2011,5,8,4,2386
2011,5,8,5,2212
2011,5,8,6,1967
2011,5,8,7,1756
2011,5,8,8,1631
2011,5,8,9,1601
2011,5,8,10,1653
2011,5,8,11,1759
2011,5,8,12,1885
2011,5,8,13,2006
2011,5,8,14,2105
2011,5,8,15,2144
2011,5,8,16,2091
2011,5,8,17,1949
2011,5,8,18,1764
2011,5,8,19,1602
2011,5,8,20,1532
2011,5,8,21,1593
2011,5,8,22,1686
2011,5,8,23,1898
2011,5,9,0,2126
2011,5,9,1,2252
2011,5,9,2,2407
2011,5,9,3,2490
2011,5,9,4,2470
2011,5,9,5,2344
2011,5,9,6,2151
2011,5,9,7,1953
2011,5,9,8,1783
2011,5,9,9,1688
2011,5,9,10,1665
2011,5,9,11,1709
2011,5,9,12,1802
2011,5,9,13,1920
2011,5,9,14,2024
2011,5,9,15,2094
2011,5,9,16,2113
2011,5,9,17,2066
2011,5,9,18,1945
2011,5,9,19,1785
2011,5,9,20,1659
2011,5,9,21,1625
2011,5,9,22,1696
2011,5,9,23,1803
2011,5,10,0,1943
2011,5,10,1,2090
2011,5,10,2,2239
2011,5,10,3,2366
2011,5,10,4,2432
2011,5,10,5,2402
2011,5,10,6,2281
2011,5,10,7,2115
2011,5,10,8,1937
2011,5,10,9,1790
2011,5,10,10,1705
2011,5,10,11,1691
2011,5,10,12,1729
2011,5,10,13,1809
2011,5,10,14,1917
2011,5,10,15,1996
2011,5,10,16,2060
2011,5,10,17,2086
2011,5,10,18,2046
2011,5,10,19,1968
2011,5,10,20,1856
2011,5,10,21,1767
2011,5,10,22,1722
2011,5,10,23,1748
2011,5,11,0,1834
2011,5,11,1,1957
2011,5,11,2,2087
2011,5,11,3,2206
2011,5,11,4,2298
2011,5,11,5,2346
2011,5,11,6,2324
2011,5,11,7,2215
2011,5,11,8,2078
2011,5,11,9,1916
2011,5,11,10,1791
2011,5,11,11,1729
2011,5,11,12,1699
2011,5,11,13,1723
2011,5,11,14,1780
2011,5,11,15,1858
2011,5,11,16,1950
2011,5,11,17,2051
2011,5,11,18,2111
2011,5,11,19,2103
2011,5,11,20,2019
2011,5,11,21,1896
2011,5,11,22,1798
2011,5,11,23,1764
2011,5,12,0,1779
2011,5,12,1,1826
2011,5,12,2,1913
2011,5,12,3,2008
2011,5,12,4,2138
2011,5,12,5,2253
2011,5,12,6,2312
2011,5,12,7,2289
2011,5,12,8,2187
2011,5,12,9,2038
2011,5,12,10,1898
2011,5,12,11,1793
2011,5,12,12,1724
2011,5,12,13,1676
2011,5,12,14,1684
2011,5,12,15,1738
2011,5,12,16,1846
2011,5,12,17,2007
2011,5,12,18,2156
2011,5,12,19,2235
2011,5,12,20,2214
2011,5,12,21,2130
2011,5,12,22,2018
2011,5,12,23,1895
2011,5,13,0,1795
2011,5,13,1,1753
2011,5,13,2,1793
2011,5,13,3,1884
2011,5,13,4,2006
2011,5,13,5,2130
2011,5,13,6,2237
2011,5,13,7,2306
2011,5,13,8,2308
2011,5,13,9,2234
2011,5,13,10,2086
2011,5,13,11,1939
2011,5,13,12,1771
2011,5,13,13,1654
2011,5,13,14,1608
2011,5,13,15,1636
2011,5,13,16,1751
2011,5,13,17,1875
2011,5,13,18,2079
2011,5,13,19,2272
2011,5,13,20,2350
2011,5,13,21,2358
2011,5,13,22,2260
2011,5,13,23,2091
2011,5,14,0,1903
2011,5,14,1,1765
2011,5,14,2,1702
2011,5,14,3,1719
2011,5,14,4,1798
2011,5,14,5,1908
2011,5,14,6,2042
2011,5,14,7,2181
2011,5,14,8,2283
2011,5,14,9,2302
2011,5,14,10,2229
2011,5,14,11,2071
2011,5,14,12,1868
2011,5,14,13,1668
2011,5,14,14,1536
2011,5,14,15,1506
2011,5,14,16,1578
2011,5,14,17,1733
2011,5,14,18,1945
2011,5,14,19,2174
2011,5,14,20,2368
2011,5,14,21,2475
2011,5,14,22,2462
2011,5,14,23,2324
2011,5,15,0,2108
2011,5,15,1,1878
2011,5,15,2,1704
2011,5,15,3,1611
2011,5,15,4,1606
2011,5,15,5,1676
2011,5,15,6,1808
2011,5,15,7,1967
2011,5,15,8,2126
2011,5,15,9,2242
2011,5,15,10,2273
2011,5,15,11,2196
2011,5,15,12,2017
2011,5,15,13,1784
2011,5,15,14,1560
2011,5,15,15,1429
2011,5,15,16,1426
2011,5,15,17,1541
2011,5,15,18,1759
2011,5,15,19,2019
2011,5,15,20,2276
2011,5,15,21,2487
2011,5,15,22,2594
2011,5,15,23,2553
2011,5,16,0,2380
2011,5,16,1,2106
2011,5,16,2,1820
2011,5,16,3,1612
2011,5,16,4,1527
2011,5,16,5,1530
2011,5,16,6,1601
2011,5,16,7,1734
2011,5,16,8,1917
2011,5,16,9,2111
2011,5,16,10,2253
2011,5,16,11,2297
2011,5,16,12,2175
2011,5,16,13,1942
2011,5,16,14,1663
2011,5,16,15,1483
2011,5,16,16,1387
2011,5,16,17,1427
2011,5,16,18,1529
2011,5,16,19,1792
2011,5,16,20,2102
2011,5,16,21,2370
2011,5,16,22,2589
2011,5,16,23,2679
2011,5,17,0,2605
2011,5,17,1,2389
2011,5,17,2,2082
2011,5,17,3,1784
2011,5,17,4,1561
2011,5,17,5,1453
2011,5,17,6,1444
2011,5,17,7,1528
2011,5,17,8,1703
2011,5,17,9,1917
2011,5,17,10,2114
2011,5,17,11,2240
2011,5,17,12,2233
2011,5,17,13,2083
2011,5,17,14,1831
2011,5,17,15,1560
2011,5,17,16,1362
2011,5,17,17,1291
2011,5,17,18,1365
2011,5,17,19,1573
2011,5,17,20,1864
2011,5,17,21,2184
2011,5,17,22,2454
2011,5,17,23,2621
2011,5,18,0,2673
2011,5,18,1,2570
2011,5,18,2,2322
2011,5,18,3,1992
2011,5,18,4,1686
2011,5,18,5,1468
2011,5,18,6,1382
2011,5,18,7,1404
2011,5,18,8,1529
2011,5,18,9,1716
2011,5,18,10,1922
2011,5,18,11,2112
2011,5,18,12,2212
2011,5,18,13,2187
2011,5,18,14,2020
2011,5,18,15,1754
2011,5,18,16,1490
2011,5,18,17,1302
2011,5,18,18,1263
2011,5,18,19,1385
2011,5,18,20,1613
2011,5,18,21,1908
2011,5,18,22,2199
2011,5,18,23,2436
2011,5,19,0,2588
2011,5,19,1,2616
2011,5,19,2,2504
2011,5,19,3,2241
2011,5,19,4,1897
2011,5,19,5,1588
2011,5,19,6,1390
2011,5,19,7,1331
2011,5,19,8,1393
2011,5,19,9,1543
2011,5,19,10,1740
2011,5,19,11,1931
2011,5,19,12,2086
2011,5,19,13,2156
2011,5,19,14,2094
2011,5,19,15,1911
2011,5,19,16,1649
2011,5,19,17,1392
2011,5,19,18,1248
2011,5,19,19,1259
2011,5,19,20,1409
2011,5,19,21,1651
2011,5,19,22,1940
2011,5,19,23,2204
2011,5,20,0,2414
2011,5,20,1,2533
2011,5,20,2,2527
2011,5,20,3,2367
2011,5,20,4,2079
2011,5,20,5,1755
2011,5,20,6,1490
2011,5,20,7,1349
2011,5,20,8,1330
2011,5,20,9,1414
2011,5,20,10,1569
2011,5,20,11,1755
2011,5,20,12,1934
2011,5,20,13,2069
2011,5,20,14,2118
2011,5,20,15,2028
2011,5,20,16,1822
2011,5,20,17,1569
2011,5,20,18,1376
2011,5,20,19,1301
2011,5,20,20,1358
2011,5,20,21,1516
2011,5,20,22,1737
2011,5,20,23,1981
2011,5,21,0,2206
2011,5,21,1,2389
2011,5,21,2,2480
2011,5,21,3,2431
2011,5,21,4,2247
2011,5,21,5,1978
2011,5,21,6,1697
2011,5,21,7,1485
2011,5,21,8,1396
2011,5,21,9,1415
2011,5,21,10,1511
2011,5,21,11,1652
2011,5,21,12,1802
2011,5,21,13,1935
2011,5,21,14,2023
2011,5,21,15,2044
2011,5,21,16,1938
2011,5,21,17,1738
2011,5,21,18,1553
2011,5,21,19,1426
2011,5,21,20,1396
2011,5,21,21,1471
2011,5,21,22,1610
2011,5,21,23,1795
2011,5,22,0,1997
2011,5,22,1,2201
2011,5,22,2,2338
2011,5,22,3,2367
2011,5,22,4,2272
2011,5,22,5,2072
2011,5,22,6,1835
2011,5,22,7,1622
2011,5,22,8,1479
2011,5,22,9,1408
2011,5,22,10,1443
2011,5,22,11,1577
2011,5,22,12,1741
2011,5,22,13,1879
2011,5,22,14,1968
2011,5,22,15,2015
2011,5,22,16,1996
2011,5,22,17,1901
2011,5,22,18,1752
2011,5,22,19,1601
2011,5,22,20,1499
2011,5,22,21,1482
2011,5,22,22,1551
2011,5,22,23,1680
2011,5,23,0,1832
2011,5,23,1,1995
2011,5,23,2,2135
2011,5,23,3,2231
2011,5,23,4,2241
2011,5,23,5,2139
2011,5,23,6,1952
2011,5,23,7,1737
2011,5,23,8,1566
2011,5,23,9,1471
2011,5,23,10,1458
2011,5,23,11,1525
2011,5,23,12,1644
2011,5,23,13,1773
2011,5,23,14,1870
2011,5,23,15,1961
2011,5,23,16,1988
2011,5,23,17,1974
2011,5,23,18,1895
2011,5,23,19,1774
2011,5,23,20,1646
2011,5,23,21,1574
2011,5,23,22,1581
2011,5,23,23,1655
2011,5,24,0,1761
2011,5,24,1,1870
2011,5,24,2,1977
2011,5,24,3,2072
2011,5,24,4,2136
2011,5,24,5,2138
2011,5,24,6,2046
2011,5,24,7,1877
2011,5,24,8,1715
2011,5,24,9,1548
2011,5,24,10,1507
2011,5,24,11,1514
2011,5,24,12,1577
2011,5,24,13,1665
2011,5,24,14,1756
2011,5,24,15,1849
2011,5,24,16,1937
2011,5,24,17,1990
2011,5,24,18,1998
2011,5,24,19,1924
2011,5,24,20,1812
2011,5,24,21,1709
2011,5,24,22,1641
2011,5,24,23,1630
2011,5,25,0,1675
2011,5,25,1,1745
2011,5,25,2,1826
2011,5,25,3,1898
2011,5,25,4,1969
2011,5,25,5,2009
2011,5,25,6,1999
2011,5,25,7,1923
2011,5,25,8,1790
2011,5,25,9,1643
2011,5,25,10,1536
2011,5,25,11,1500
2011,5,25,12,1530
2011,5,25,13,1605
2011,5,25,14,1683
2011,5,25,15,1757
2011,5,25,16,1845
2011,5,25,17,1940
2011,5,25,18,2019
2011,5,25,19,2031
2011,5,25,20,1965
2011,5,25,21,1861
2011,5,25,22,1758
2011,5,25,23,1701
2011,5,26,0,1699
2011,5,26,1,1728
2011,5,26,2,1781
2011,5,26,3,1836
2011,5,26,4,1887
2011,5,26,5,1938
2011,5,26,6,1976
2011,5,26,7,1968
2011,5,26,8,1900
2011,5,26,9,1784
2011,5,26,10,1670
2011,5,26,11,1585
2011,5,26,12,1547
2011,5,26,13,1554
2011,5,26,14,1604
2011,5,26,15,1675
2011,5,26,16,1773
2011,5,26,17,1891
2011,5,26,18,2014
2011,5,26,19,2098
2011,5,26,20,2093
2011,5,26,21,2025
2011,5,26,22,1921
2011,5,26,23,1827
2011,5,27,0,1762
2011,5,27,1,1733
2011,5,27,2,1754
2011,5,27,3,1807
2011,5,27,4,1828
2011,5,27,5,1856
2011,5,27,6,1903
2011,5,27,7,1953
2011,5,27,8,1970
2011,5,27,9,1913
2011,5,27,10,1801
2011,5,27,11,1661
2011,5,27,12,1567
2011,5,27,13,1548
2011,5,27,14,1573
2011,5,27,15,1629
2011,5,27,16,1702
2011,5,27,17,1809
2011,5,27,18,1940
2011,5,27,19,2077
2011,5,27,20,2158
2011,5,27,21,2154
2011,5,27,22,2068
2011,5,27,23,1950
2011,5,28,0,1826
2011,5,28,1,1721
2011,5,28,2,1690
2011,5,28,3,1681
2011,5,28,4,1701
2011,5,28,5,1745
2011,5,28,6,1799
2011,5,28,7,1859
2011,5,28,8,1910
2011,5,28,9,1910
2011,5,28,10,1859
2011,5,28,11,1750
2011,5,28,12,1627
2011,5,28,13,1542
2011,5,28,14,1507
2011,5,28,15,1533
2011,5,28,16,1606
2011,5,28,17,1725
2011,5,28,18,1868
2011,5,28,19,2012
2011,5,28,20,2135
2011,5,28,21,2193
2011,5,28,22,2168
2011,5,28,23,2069
2011,5,29,0,1931
2011,5,29,1,1793
2011,5,29,2,1691
2011,5,29,3,1647
2011,5,29,4,1643
2011,5,29,5,1664
2011,5,29,6,1707
2011,5,29,7,1776
2011,5,29,8,1857
2011,5,29,9,1913
2011,5,29,10,1917
2011,5,29,11,1846
2011,5,29,12,1717
2011,5,29,13,1585
2011,5,29,14,1493
2011,5,29,15,1472
2011,5,29,16,1521
2011,5,29,17,1624
2011,5,29,18,1765
2011,5,29,19,1941
2011,5,29,20,2108
2011,5,29,21,2230
2011,5,29,22,2263
2011,5,29,23,2198
2011,5,30,0,2057
2011,5,30,1,1877
2011,5,30,2,1715
2011,5,30,3,1602
2011,5,30,4,1553
2011,5,30,5,1574
2011,5,30,6,1639
2011,5,30,7,1721
2011,5,30,8,1817
2011,5,30,9,1907
2011,5,30,10,1958
2011,5,30,11,1939
2011,5,30,12,1841
2011,5,30,13,1694
2011,5,30,14,1542
2011,5,30,15,1445
2011,5,30,16,1462
2011,5,30,17,1556
2011,5,30,18,1701
2011,5,30,19,1888
2011,5,30,20,2062
2011,5,30,21,2209
2011,5,30,22,2295
2011,5,30,23,2273
2011,5,31,0,2192
2011,5,31,1,2030
2011,5,31,2,1832
2011,5,31,3,1664
2011,5,31,4,1542
2011,5,31,5,1504
2011,5,31,6,1534
2011,5,31,7,1610
2011,5,31,8,1727
2011,5,31,9,1841
2011,5,31,10,1949
2011,5,31,11,1995
2011,5,31,12,1949
2011,5,31,13,1818
2011,5,31,14,1636
2011,5,31,15,1486
2011,5,31,16,1415
2011,5,31,17,1444
2011,5,31,18,1575
2011,5,31,19,1762
2011,5,31,20,1966
2011,5,31,21,2149
2011,5,31,22,2295
2011,5,31,23,2367
2011,6,1,0,2330
2011,6,1,1,2183
2011,6,1,2,1958
2011,6,1,3,1737
2011,6,1,4,1571
2011,6,1,5,1494
2011,6,1,6,1492
2011,6,1,7,1545
2011,6,1,8,1648
2011,6,1,9,1776
2011,6,1,10,1925
2011,6,1,11,2033
2011,6,1,12,2042
2011,6,1,13,1934
2011,6,1,14,1738
2011,6,1,15,1543
2011,6,1,16,1420
2011,6,1,17,1409
2011,6,1,18,1505
2011,6,1,19,1678
2011,6,1,20,1884
2011,6,1,21,2092
2011,6,1,22,2270
2011,6,1,23,2395
2011,6,2,0,2418
2011,6,2,1,2325
2011,6,2,2,2135
2011,6,2,3,1900
2011,6,2,4,1674
2011,6,2,5,1510
2011,6,2,6,1439
2011,6,2,7,1464
2011,6,2,8,1572
2011,6,2,9,1728
2011,6,2,10,1886
2011,6,2,11,2016
2011,6,2,12,2073
2011,6,2,13,2036
2011,6,2,14,1896
2011,6,2,15,1697
2011,6,2,16,1508
2011,6,2,17,1405
2011,6,2,18,1439
2011,6,2,19,1575
2011,6,2,20,1758
2011,6,2,21,1965
2011,6,2,22,2164
2011,6,2,23,2350
2011,6,3,0,2461
2011,6,3,1,2453
2011,6,3,2,2319
2011,6,3,3,2081
2011,6,3,4,1819
2011,6,3,5,1591
2011,6,3,6,1462
2011,6,3,7,1438
2011,6,3,8,1508
2011,6,3,9,1642
2011,6,3,10,1817
2011,6,3,11,1981
2011,6,3,12,2091
2011,6,3,13,2099
2011,6,3,14,2005
2011,6,3,15,1833
2011,6,3,16,1614
2011,6,3,17,1444
2011,6,3,18,1409
2011,6,3,19,1487
2011,6,3,20,1642
2011,6,3,21,1847
2011,6,3,22,2067
2011,6,3,23,2288
2011,6,4,0,2445
2011,6,4,1,2503
2011,6,4,2,2432
2011,6,4,3,2224
2011,6,4,4,1970
2011,6,4,5,1735
2011,6,4,6,1549
2011,6,4,7,1464
2011,6,4,8,1476
2011,6,4,9,1585
2011,6,4,10,1759
2011,6,4,11,1922
2011,6,4,12,2061
2011,6,4,13,2128
2011,6,4,14,2091
2011,6,4,15,1967
2011,6,4,16,1759
2011,6,4,17,1558
2011,6,4,18,1442
2011,6,4,19,1446
2011,6,4,20,1547
2011,6,4,21,1712
2011,6,4,22,1933
2011,6,4,23,2161
2011,6,5,0,2354
2011,6,5,1,2462
2011,6,5,2,2463
2011,6,5,3,2353
2011,6,5,4,2139
2011,6,5,5,1887
2011,6,5,6,1650
2011,6,5,7,1503
2011,6,5,8,1473
2011,6,5,9,1541
2011,6,5,10,1684
2011,6,5,11,1850
2011,6,5,12,1994
2011,6,5,13,2079
2011,6,5,14,2110
2011,6,5,15,2064
2011,6,5,16,1910
2011,6,5,17,1707
2011,6,5,18,1530
2011,6,5,19,1441
2011,6,5,20,1474
2011,6,5,21,1606
2011,6,5,22,1806
2011,6,5,23,2023
2011,6,6,0,2218
2011,6,6,1,2364
2011,6,6,2,2438
2011,6,6,3,2418
2011,6,6,4,2291
2011,6,6,5,2078
2011,6,6,6,1824
2011,6,6,7,1604
2011,6,6,8,1493
2011,6,6,9,1511
2011,6,6,10,1617
2011,6,6,11,1753
2011,6,6,12,1891
2011,6,6,13,1998
2011,6,6,14,2078
2011,6,6,15,2112
2011,6,6,16,2047
2011,6,6,17,1891
2011,6,6,18,1701
2011,6,6,19,1553
2011,6,6,20,1498
2011,6,6,21,1548
2011,6,6,22,1684
2011,6,6,23,1870
2011,6,7,0,2062
2011,6,7,1,2233
2011,6,7,2,2355
2011,6,7,3,2397
2011,6,7,4,2350
2011,6,7,5,2201
2011,6,7,6,1985
2011,6,7,7,1758
2011,6,7,8,1582
2011,6,7,9,1522
2011,6,7,10,1553
2011,6,7,11,1656
2011,6,7,12,1793
2011,6,7,13,1925
2011,6,7,14,2033
2011,6,7,15,2115
2011,6,7,16,2129
2011,6,7,17,2063
2011,6,7,18,1929
2011,6,7,19,1766
2011,6,7,20,1632
2011,6,7,21,1583
2011,6,7,22,1633
2011,6,7,23,1757
2011,6,8,0,1923
2011,6,8,1,2095
2011,6,8,2,2245
2011,6,8,3,2338
2011,6,8,4,2367
2011,6,8,5,2315
2011,6,8,6,2168
2011,6,8,7,1950
2011,6,8,8,1726
2011,6,8,9,1585
2011,6,8,10,1569
2011,6,8,11,1632
2011,6,8,12,1734
2011,6,8,13,1851
2011,6,8,14,1967
2011,6,8,15,2080
2011,6,8,16,2173
2011,6,8,17,2213
2011,6,8,18,2148
2011,6,8,19,1997
2011,6,8,20,1817
2011,6,8,21,1671
2011,6,8,22,1622
2011,6,8,23,1660
2011,6,9,0,1765
2011,6,9,1,1904
2011,6,9,2,2041
2011,6,9,3,2163
2011,6,9,4,2251
2011,6,9,5,2287
2011,6,9,6,2223
2011,6,9,7,2064
2011,6,9,8,1870
2011,6,9,9,1689
2011,6,9,10,1602
2011,6,9,11,1602
2011,6,9,12,1657
2011,6,9,13,1736
2011,6,9,14,1831
2011,6,9,15,1953
2011,6,9,16,2097
2011,6,9,17,2216
2011,6,9,18,2249
2011,6,9,19,2170
2011,6,9,20,2001
2011,6,9,21,1830
2011,6,9,22,1704
2011,6,9,23,1649
2011,6,10,0,1661
2011,6,10,1,1724
2011,6,10,2,1832
2011,6,10,3,1954
2011,6,10,4,2072
2011,6,10,5,2163
2011,6,10,6,2192
2011,6,10,7,2126
2011,6,10,8,1975
2011,6,10,9,1797
2011,6,10,10,1662
2011,6,10,11,1593
2011,6,10,12,1584
2011,6,10,13,1610
2011,6,10,14,1685
2011,6,10,15,1803
2011,6,10,16,1951
2011,6,10,17,2102
2011,6,10,18,2230
2011,6,10,19,2276
2011,6,10,20,2214
2011,6,10,21,2072
2011,6,10,22,1886
2011,6,10,23,1729
2011,6,11,0,1638
2011,6,11,1,1629
2011,6,11,2,1676
2011,6,11,3,1748
2011,6,11,4,1852
2011,6,11,5,1963
2011,6,11,6,2040
2011,6,11,7,2078
2011,6,11,8,2055
2011,6,11,9,1962
2011,6,11,10,1813
2011,6,11,11,1668
2011,6,11,12,1576
2011,6,11,13,1546
2011,6,11,14,1584
2011,6,11,15,1683
2011,6,11,16,1835
2011,6,11,17,2014
2011,6,11,18,2195
2011,6,11,19,2334
2011,6,11,20,2375
2011,6,11,21,2307
2011,6,11,22,2141
2011,6,11,23,1947
2011,6,12,0,1766
2011,6,12,1,1629
2011,6,12,2,1575
2011,6,12,3,1588
2011,6,12,4,1656
2011,6,12,5,1756
2011,6,12,6,1864
2011,6,12,7,1953
2011,6,12,8,1998
2011,6,12,9,1992
2011,6,12,10,1914
2011,6,12,11,1770
2011,6,12,12,1609
2011,6,12,13,1490
2011,6,12,14,1458
2011,6,12,15,1506
2011,6,12,16,1630
2011,6,12,17,1802
2011,6,12,18,2005
2011,6,12,19,2215
2011,6,12,20,2371
2011,6,12,21,2422
2011,6,12,22,2344
2011,6,12,23,2157
2011,6,13,0,1923
2011,6,13,1,1709
2011,6,13,2,1560
2011,6,13,3,1494
2011,6,13,4,1487
2011,6,13,5,1536
2011,6,13,6,1638
2011,6,13,7,1771
2011,6,13,8,1910
2011,6,13,9,1992
2011,6,13,10,1990
2011,6,13,11,1893
2011,6,13,12,1722
2011,6,13,13,1541
2011,6,13,14,1409
2011,6,13,15,1374
2011,6,13,16,1444
2011,6,13,17,1592
2011,6,13,18,1807
2011,6,13,19,2049
2011,6,13,20,2272
2011,6,13,21,2429
2011,6,13,22,2466
2011,6,13,23,2367
2011,6,14,0,2149
2011,6,14,1,1884
2011,6,14,2,1632
2011,6,14,3,1468
2011,6,14,4,1397
2011,6,14,5,1403
2011,6,14,6,1469
2011,6,14,7,1587
2011,6,14,8,1742
2011,6,14,9,1894
2011,6,14,10,2007
2011,6,14,11,2014
2011,6,14,12,1902
2011,6,14,13,1705
2011,6,14,14,1498
2011,6,14,15,1357
2011,6,14,16,1337
2011,6,14,17,1427
2011,6,14,18,1606
2011,6,14,19,1840
2011,6,14,20,2096
2011,6,14,21,2327
2011,6,14,22,2477
2011,6,14,23,2498
2011,6,15,0,2377
2011,6,15,1,2138
2011,6,15,2,1857
2011,6,15,3,1610
2011,6,15,4,1435
2011,6,15,5,1347
2011,6,15,6,1352
2011,6,15,7,1437
2011,6,15,8,1590
2011,6,15,9,1780
2011,6,15,10,1962
2011,6,15,11,2067
2011,6,15,12,2032
2011,6,15,13,1872
2011,6,15,14,1641
2011,6,15,15,1429
2011,6,15,16,1312
2011,6,15,17,1318
2011,6,15,18,1432
2011,6,15,19,1628
2011,6,15,20,1877
2011,6,15,21,2127
2011,6,15,22,2343
2011,6,15,23,2484
2011,6,16,0,2496
2011,6,16,1,2345
2011,6,16,2,2083
2011,6,16,3,1785
2011,6,16,4,1513
2011,6,16,5,1328
2011,6,16,6,1260
2011,6,16,7,1305
2011,6,16,8,1425
2011,6,16,9,1598
2011,6,16,10,1804
2011,6,16,11,1976
2011,6,16,12,2049
2011,6,16,13,1997
2011,6,16,14,1817
2011,6,16,15,1582
2011,6,16,16,1372
2011,6,16,17,1252
2011,6,16,18,1271
2011,6,16,19,1411
2011,6,16,20,1642
2011,6,16,21,1898
2011,6,16,22,2146
2011,6,16,23,2350
2011,6,17,0,2470
2011,6,17,1,2458
2011,6,17,2,2298
2011,6,17,3,2021
2011,6,17,4,1709
2011,6,17,5,1449
2011,6,17,6,1292
2011,6,17,7,1254
2011,6,17,8,1317
2011,6,17,9,1455
2011,6,17,10,1660
2011,6,17,11,1872
2011,6,17,12,2036
2011,6,17,13,2089
2011,6,17,14,1984
2011,6,17,15,1740
2011,6,17,16,1493
2011,6,17,17,1322
2011,6,17,18,1254
2011,6,17,19,1303
2011,6,17,20,1453
2011,6,17,21,1677
2011,6,17,22,1927
2011,6,17,23,2176
2011,6,18,0,2378
2011,6,18,1,2463
2011,6,18,2,2411
2011,6,18,3,2205
2011,6,18,4,1899
2011,6,18,5,1587
2011,6,18,6,1353
2011,6,18,7,1251
2011,6,18,8,1263
2011,6,18,9,1374
2011,6,18,10,1565
2011,6,18,11,1778
2011,6,18,12,1964
2011,6,18,13,2087
2011,6,18,14,2089
2011,6,18,15,1965
2011,6,18,16,1747
2011,6,18,17,1506
2011,6,18,18,1349
2011,6,18,19,1318
2011,6,18,20,1410
2011,6,18,21,1578
2011,6,18,22,1793
2011,6,18,23,2029
2011,6,19,0,2232
2011,6,19,1,2374
2011,6,19,2,2437
2011,6,19,3,2365
2011,6,19,4,2140
2011,6,19,5,1822
2011,6,19,6,1526
2011,6,19,7,1338
2011,6,19,8,1288
2011,6,19,9,1350
2011,6,19,10,1498
2011,6,19,11,1672
2011,6,19,12,1845
2011,6,19,13,1999
2011,6,19,14,2082
2011,6,19,15,2068
2011,6,19,16,1947
2011,6,19,17,1740
2011,6,19,18,1527
2011,6,19,19,1395
2011,6,19,20,1388
2011,6,19,21,1491
2011,6,19,22,1664
2011,6,19,23,1874
2011,6,20,0,2052
2011,6,20,1,2202
2011,6,20,2,2323
2011,6,20,3,2329
2011,6,20,4,2197
2011,6,20,5,1952
2011,6,20,6,1665
2011,6,20,7,1435
2011,6,20,8,1300
2011,6,20,9,1309
2011,6,20,10,1398
2011,6,20,11,1551
2011,6,20,12,1724
2011,6,20,13,1875
2011,6,20,14,1983
2011,6,20,15,2040
2011,6,20,16,2007
2011,6,20,17,1860
2011,6,20,18,1663
2011,6,20,19,1497
2011,6,20,20,1422
2011,6,20,21,1457
2011,6,20,22,1583
2011,6,20,23,1759
2011,6,21,0,1936
2011,6,21,1,2080
2011,6,21,2,2180
2011,6,21,3,2235
2011,6,21,4,2215
2011,6,21,5,2088
2011,6,21,6,1847
2011,6,21,7,1576
2011,6,21,8,1374
2011,6,21,9,1302
2011,6,21,10,1367
2011,6,21,11,1505
2011,6,21,12,1666
2011,6,21,13,1800
2011,6,21,14,1889
2011,6,21,15,1962
2011,6,21,16,2002
2011,6,21,17,1981
2011,6,21,18,1868
2011,6,21,19,1705
2011,6,21,20,1557
2011,6,21,21,1478
2011,6,21,22,1512
2011,6,21,23,1637
2011,6,22,0,1784
2011,6,22,1,1921
2011,6,22,2,2028
2011,6,22,3,2088
2011,6,22,4,2099
2011,6,22,5,2035
2011,6,22,6,1889
2011,6,22,7,1677
2011,6,22,8,1481
2011,6,22,9,1366
2011,6,22,10,1351
2011,6,22,11,1419
2011,6,22,12,1562
2011,6,22,13,1700
2011,6,22,14,1807
2011,6,22,15,1889
2011,6,22,16,1951
2011,6,22,17,1964
2011,6,22,18,1911
2011,6,22,19,1787
2011,6,22,20,1657
2011,6,22,21,1571
2011,6,22,22,1544
2011,6,22,23,1595
2011,6,23,0,1682
2011,6,23,1,1787
2011,6,23,2,1890
2011,6,23,3,1962
2011,6,23,4,1994
2011,6,23,5,1966
2011,6,23,6,1882
2011,6,23,7,1744
2011,6,23,8,1572
2011,6,23,9,1436
2011,6,23,10,1389
2011,6,23,11,1416
2011,6,23,12,1511
2011,6,23,13,1637
2011,6,23,14,1755
2011,6,23,15,1855
2011,6,23,16,1922
2011,6,23,17,1964
2011,6,23,18,1960
2011,6,23,19,1908
2011,6,23,20,1817
2011,6,23,21,1704
2011,6,23,22,1618
2011,6,23,23,1602
2011,6,24,0,1647
2011,6,24,1,1736
2011,6,24,2,1834
2011,6,24,3,1900
2011,6,24,4,1930
2011,6,24,5,1934
2011,6,24,6,1907
2011,6,24,7,1830
2011,6,24,8,1694
2011,6,24,9,1552
2011,6,24,10,1466
2011,6,24,11,1455
2011,6,24,12,1503
2011,6,24,13,1582
2011,6,24,14,1671
2011,6,24,15,1778
2011,6,24,16,1878
2011,6,24,17,1962
2011,6,24,18,2007
2011,6,24,19,1992
2011,6,24,20,1915
2011,6,24,21,1814
2011,6,24,22,1712
2011,6,24,23,1651
2011,6,25,0,1636
2011,6,25,1,1658
2011,6,25,2,1700
2011,6,25,3,1751
2011,6,25,4,1804
2011,6,25,5,1845
2011,6,25,6,1858
2011,6,25,7,1828
2011,6,25,8,1745
2011,6,25,9,1639
2011,6,25,10,1544
2011,6,25,11,1485
2011,6,25,12,1479
2011,6,25,13,1514
2011,6,25,14,1583
2011,6,25,15,1683
2011,6,25,16,1798
2011,6,25,17,1901
2011,6,25,18,1986
2011,6,25,19,2039
2011,6,25,20,2044
2011,6,25,21,1986
2011,6,25,22,1881
2011,6,25,23,1770
2011,6,26,0,1694
2011,6,26,1,1663
2011,6,26,2,1669
2011,6,26,3,1698
2011,6,26,4,1737
2011,6,26,5,1766
2011,6,26,6,1803
2011,6,26,7,1822
2011,6,26,8,1803
2011,6,26,9,1750
2011,6,26,10,1667
2011,6,26,11,1584
2011,6,26,12,1535
2011,6,26,13,1528
2011,6,26,14,1552
2011,6,26,15,1610
2011,6,26,16,1719
2011,6,26,17,1852
2011,6,26,18,1990
2011,6,26,19,2095
2011,6,26,20,2141
2011,6,26,21,2115
2011,6,26,22,2030
2011,6,26,23,1929
2011,6,27,0,1812
2011,6,27,1,1712
2011,6,27,2,1652
2011,6,27,3,1630
2011,6,27,4,1640
2011,6,27,5,1671
2011,6,27,6,1719
2011,6,27,7,1771
2011,6,27,8,1806
2011,6,27,9,1816
2011,6,27,10,1774
2011,6,27,11,1685
2011,6,27,12,1575
2011,6,27,13,1497
2011,6,27,14,1464
2011,6,27,15,1501
2011,6,27,16,1585
2011,6,27,17,1708
2011,6,27,18,1854
2011,6,27,19,1996
2011,6,27,20,2122
2011,6,27,21,2199
2011,6,27,22,2170
2011,6,27,23,2064
2011,6,28,0,1909
2011,6,28,1,1757
2011,6,28,2,1643
2011,6,28,3,1573
2011,7,2,9,1668
2011,7,2,10,1857
2011,7,2,11,2029
2011,7,2,12,2139
2011,7,2,13,2145
2011,7,2,14,2023
2011,7,2,15,1812
2011,7,2,16,1592
2011,7,2,17,1431
2011,7,2,18,1389
2011,7,2,19,1478
2011,7,2,20,1657
2011,7,2,21,1893
2011,7,2,22,2142
2011,7,2,23,2372
2011,7,3,0,2508
2011,7,3,1,2532
2011,7,3,2,2451
2011,7,3,3,2254
2011,7,3,4,1975
2011,7,3,5,1692
2011,7,3,6,1485
2011,7,3,7,1391
2011,7,3,8,1405
2011,7,3,9,1521
2011,7,3,10,1704
2011,7,3,11,1906
2011,7,3,12,2065
2011,7,3,13,2136
2011,7,3,14,2086
2011,7,3,15,1925
2011,7,3,16,1689
2011,7,3,17,1460
2011,7,3,18,1341
2011,7,3,19,1358
2011,7,3,20,1496
2011,7,3,21,1707
2011,7,3,22,1950
2011,7,3,23,2187
2011,7,4,0,2374
2011,7,4,1,2469
2011,7,4,2,2446
2011,7,4,3,2309
2011,7,4,4,2080
2011,7,4,5,1803
2011,7,4,6,1546
2011,7,4,7,1384
2011,7,4,8,1352
2011,7,4,9,1434
2011,7,4,10,1603
2011,7,4,11,1812
2011,7,4,12,1997
2011,7,4,13,2124
2011,7,4,14,2161
2011,7,4,15,2083
2011,7,4,16,1900
2011,7,4,17,1651
2011,7,4,18,1449
2011,7,4,19,1376
2011,7,4,20,1435
2011,7,4,21,1582
2011,7,4,22,1792
2011,7,4,23,2020
2011,7,5,0,2228
2011,7,5,1,2390
2011,7,5,2,2468
2011,7,5,3,2415
2011,7,5,4,2234
2011,7,5,5,1969
2011,7,5,6,1693
2011,7,5,7,1487
2011,7,5,8,1394
2011,7,5,9,1412
2011,7,5,10,1531
2011,7,5,11,1712
2011,7,5,12,1912
2011,7,5,13,2095
2011,7,5,14,2212
2011,7,5,15,2218
2011,7,5,16,2100
2011,7,5,17,1897
2011,7,5,18,1675
2011,7,5,19,1510
2011,7,5,20,1447
2011,7,5,21,1493
2011,7,5,22,1624
2011,7,5,23,1828
2011,7,6,0,2053
2011,7,6,1,2241
2011,7,6,2,2371
2011,7,6,3,2394
2011,7,6,4,2296
2011,7,6,5,2091
2011,7,6,6,1830
2011,7,6,7,1579
2011,7,6,8,1405
2011,7,6,9,1363
2011,7,6,10,1430
2011,7,6,11,1572
2011,7,6,12,1759
2011,7,6,13,1953
2011,7,6,14,2116
2011,7,6,15,2206
2011,7,6,16,2184
2011,7,6,17,2047
2011,7,6,18,1828
2011,7,6,19,1617
2011,7,6,20,1477
2011,7,6,21,1448
2011,7,6,22,1516
2011,7,6,23,1663
2011,7,7,0,1846
2011,7,7,1,2018
2011,7,7,2,2167
2011,7,7,3,2265
2011,7,7,4,2270
2011,7,7,5,2170
2011,7,7,6,1978
2011,7,7,7,1729
2011,7,7,8,1494
2011,7,7,9,1369
2011,7,7,10,1397
2011,7,7,11,1517
2011,7,7,12,1688
2011,7,7,13,1858
2011,7,7,14,2008
2011,7,7,15,2143
2011,7,7,16,2225
2011,7,7,17,2220
2011,7,7,18,2109
2011,7,7,19,1908
2011,7,7,20,1697
2011,7,7,21,1549
2011,7,7,22,1513
2011,7,7,23,1580
2011,7,8,0,1699
2011,7,8,1,1840
2011,7,8,2,1976
2011,7,8,3,2090
2011,7,8,4,2150
2011,7,8,5,2134
2011,7,8,6,2038
2011,7,8,7,1854
2011,7,8,8,1635
2011,7,8,9,1462
2011,7,8,10,1397
2011,7,8,11,1444
2011,7,8,12,1565
2011,7,8,13,1727
2011,7,8,14,1887
2011,7,8,15,2042
2011,7,8,16,2164
2011,7,8,17,2228
2011,7,8,18,2197
2011,7,8,19,2076
2011,7,8,20,1908
2011,7,8,21,1736
2011,7,8,22,1612
2011,7,8,23,1560
2011,7,9,0,1575
2011,7,9,1,1655
2011,7,9,2,1788
2011,7,9,3,1926
2011,7,9,4,2015
2011,7,9,5,2045
2011,7,9,6,2007
2011,7,9,7,1908
2011,7,9,8,1763
2011,7,9,9,1597
2011,7,9,10,1472
2011,7,9,11,1424
2011,7,9,12,1478
2011,7,9,13,1602
2011,7,9,14,1745
2011,7,9,15,1896
2011,7,9,16,2041
2011,7,9,17,2160
2011,7,9,18,2231
2011,7,9,19,2226
2011,7,9,20,2129
2011,7,9,21,1956
2011,7,9,22,1763
2011,7,9,23,1621
2011,7,27,6,1629
2011,7,27,7,1699
2011,7,27,8,1755
2011,7,27,9,1767
2011,7,27,10,1740
2011,7,27,11,1678
2011,7,27,12,1589
2011,7,27,13,1497
2011,7,27,14,1433
2011,7,27,15,1434
2011,7,27,16,1504
2011,7,27,17,1630
2011,7,27,18,1793
2011,7,27,19,1966
2011,7,27,20,2103
2011,7,27,21,2180
2011,7,27,22,2173
2011,7,27,23,2079
2011,7,28,0,1931
2011,7,28,1,1759
2011,7,28,2,1613
2011,7,28,3,1502
2011,7,28,4,1448
2011,7,28,5,1460
2011,7,28,6,1527
2011,7,28,7,1636
2011,7,28,8,1751
2011,7,28,9,1835
2011,7,28,10,1865
2011,7,28,11,1829
2011,7,28,12,1733
2011,7,28,13,1594
2011,7,28,14,1466
2011,7,28,15,1402
2011,7,28,16,1412
2011,7,28,17,1505
2011,7,28,18,1662
2011,7,28,19,1852
2011,7,28,20,2044
2011,7,28,21,2200
2011,7,28,22,2284
2011,7,28,23,2263
2011,7,29,0,2137
2011,7,29,1,1947
2011,7,29,2,1730
2011,7,29,3,1533
2011,7,29,4,1409
2011,7,29,5,1380
2011,7,29,6,1431
2011,7,29,7,1535
2011,7,29,8,1676
2011,7,29,9,1814
2011,7,29,10,1921
2011,7,29,11,1964
2011,7,29,12,1909
2011,7,29,13,1763
2011,7,29,14,1574
2011,7,29,15,1416
2011,7,29,16,1339
2011,7,29,17,1373
2011,7,29,18,1507
2011,7,29,19,1708
2011,7,29,20,1931
2011,7,29,21,2140
2011,7,29,22,2293
2011,7,29,23,2350
2011,7,30,0,2287
2011,7,30,1,2125
2011,7,30,2,1891
2011,7,30,3,1636
2011,7,30,4,1433
2011,7,30,5,1322
2011,7,30,6,1320
2011,7,30,7,1401
2011,7,30,8,1542
2011,7,30,9,1719
2011,7,30,10,1896
2011,7,30,11,2023
2011,7,30,12,2034
2011,7,30,13,1922
2011,7,30,14,1715
2011,7,30,15,1488
2011,7,30,16,1322
2011,7,30,17,1272
2011,7,30,18,1353
2011,7,30,19,1533
2011,7,30,20,1758
2011,7,30,21,2003
2011,7,30,22,2222
2011,7,30,23,2373
2011,7,31,0,2417
2011,7,31,1,2321
2011,7,31,2,2104
2011,7,31,3,1814
2011,7,31,4,1525
2011,7,31,5,1320
2011,7,31,6,1238
2011,7,31,7,1277
2011,7,31,8,1415
2011,7,31,9,1615
2011,7,31,10,1833
2011,7,31,11,2012
2011,7,31,12,2113
2011,7,31,13,2091
2011,7,31,14,1935
2011,7,31,15,1696
2011,7,31,16,1446
2011,7,31,17,1273
2011,7,31,18,1244
2011,7,31,19,1360
2011,7,31,20,1572
2011,7,31,21,1822
2011,7,31,22,2073
2011,7,31,23,2293
2011,8,1,0,2429
2011,8,1,1,2429
2011,8,1,2,2292
2011,8,1,3,2025
2011,8,1,4,1696
2011,8,1,5,1413
2011,8,1,6,1237
2011,8,1,7,1209
2011,8,1,8,1292
2011,8,1,9,1471
2011,8,1,10,1711
2011,8,1,11,1942
2011,8,1,12,2125
2011,8,1,13,2187
2011,8,1,14,2112
2011,8,1,15,1906
2011,8,1,16,1625
2011,8,1,17,1376
2011,8,1,18,1249
2011,8,1,19,1269
2011,8,1,20,1411
2011,8,1,21,1629
2011,8,1,22,1894
2011,8,1,23,2140
2011,8,2,0,2298
2011,8,2,1,2373
2011,8,2,2,2337
2011,8,2,3,2153
2011,8,2,4,1852
2011,8,2,5,1517
2011,8,2,6,1239
2011,8,2,7,1110
2011,8,2,8,1151
2011,8,2,9,1316
2011,8,2,10,1557
2011,8,2,11,1811
2011,8,2,12,2033
2011,8,2,13,2180
2011,8,2,14,2202
2011,8,2,15,2085
2011,8,2,16,1829
2011,8,2,17,1521
2011,8,2,18,1281
2011,8,2,19,1192
2011,8,2,20,1264
2011,8,2,21,1447
2011,8,2,22,1684
2011,8,2,23,1928
2011,8,3,0,2136
2011,8,3,1,2275
2011,8,3,2,2319
2011,8,3,3,2235
2011,8,3,4,2009
2011,8,3,5,1688
2011,8,3,6,1361
2011,8,3,7,1139
2011,8,3,8,1092
2011,8,3,9,1197
2011,8,3,10,1414
2011,8,3,11,1680
2011,8,3,12,1929
2011,8,3,13,2113
2011,8,3,14,2200
2011,8,3,15,2186
2011,8,3,16,2041
2011,8,3,17,1794
2011,8,3,18,1514
2011,8,3,19,1297
2011,8,3,20,1230
2011,8,3,21,1322
2011,8,3,22,1506
2011,8,3,23,1732
2011,8,4,0,1941
2011,8,4,1,2094
2011,8,4,2,2191
2011,8,4,3,2210
2011,8,4,4,2114
2011,8,4,5,1876
2011,8,4,6,1560
2011,8,4,7,1279
2011,8,4,8,1126
2011,8,4,9,1128
2011,8,4,10,1278
2011,8,4,11,1513
2011,8,4,12,1754
2011,8,4,13,1953
2011,8,4,14,2105
2011,8,4,15,2186
2011,8,4,16,2143
2011,8,4,17,1961
2011,8,4,18,1703
2011,8,4,19,1471
2011,8,4,20,1335
2011,8,4,21,1323
2011,8,4,22,1406
2011,8,4,23,1552
2011,8,5,0,1732
2011,8,5,1,1901
2011,8,5,2,2037
2011,8,5,3,2111
2011,8,5,4,2071
2011,8,5,5,1916
2011,8,5,6,1677
2011,8,5,7,1425
2011,8,5,8,1246
2011,8,5,9,1177
2011,8,5,10,1241
2011,8,5,11,1407
2011,8,5,12,1640
2011,8,5,13,1874
2011,8,5,14,2066
2011,8,5,15,2192
2011,8,5,16,2210
2011,8,5,17,2128
2011,8,5,18,1938
2011,8,5,19,1705
2011,8,5,20,1497
2011,8,5,21,1377
2011,8,5,22,1375
2011,8,5,23,1451
2011,8,6,0,1577
2011,8,6,1,1736
2011,8,6,2,1860
2011,8,6,3,1972
2011,8,6,4,2023
2011,8,6,5,1983
2011,8,6,6,1836
2011,8,6,7,1610
2011,8,6,8,1398
2011,8,6,9,1284
2011,8,6,10,1293
2011,8,6,11,1389
2011,8,6,12,1531
2011,8,6,13,1707
2011,8,6,14,1880
2011,8,6,15,2041
2011,8,6,16,2150
2011,8,6,17,2186
2011,8,6,18,2112
2011,8,6,19,1939
2011,8,6,20,1730
2011,8,6,21,1565
2011,8,6,22,1481
2011,8,6,23,1474
2011,8,7,0,1517
2011,8,7,1,1578
2011,8,7,2,1652
2011,8,7,3,1749
2011,8,7,4,1845
2011,8,7,5,1882
2011,8,7,6,1826
2011,8,7,7,1681
2011,8,7,8,1513
2011,8,7,9,1383
2011,8,7,10,1324
2011,8,7,11,1342
2011,8,7,12,1421
2011,8,7,13,1547
2011,8,7,14,1697
2011,8,7,15,1853
2011,8,7,16,1981
2011,8,7,17,2080
2011,8,7,18,2131
2011,8,7,19,2082
2011,8,7,20,1942
2011,8,7,21,1763
2011,8,7,22,1613
2011,8,7,23,1533
2011,8,8,0,1514
2011,8,8,1,1533
2011,8,8,2,1569
2011,8,8,3,1610
2011,8,8,4,1669
2011,8,8,5,1740
2011,8,8,6,1773
2011,8,8,7,1738
2011,8,8,8,1639
2011,8,8,9,1518
2011,8,8,10,1415
2011,8,8,11,1373
2011,8,8,12,1388
2011,8,8,13,1444
2011,8,8,14,1537
2011,8,8,15,1652
2011,8,8,16,1778
2011,8,8,17,1906
2011,8,8,18,2028
2011,8,8,19,2104
2011,8,8,20,2087
2011,8,8,21,1986
2011,8,8,22,1851
2011,8,8,23,1716
2011,8,9,0,1605
2011,8,9,1,1548
2011,8,9,2,1539
2011,8,9,3,1548
2011,8,9,4,1567
2011,8,9,5,1613
2011,8,9,6,1686
2011,8,9,7,1744
2011,8,9,8,1763
2011,8,9,9,1720
2011,8,9,10,1638
2011,8,9,11,1546
2011,8,9,12,1477
2011,8,9,13,1449
2011,8,9,14,1470
2011,8,9,15,1530
2011,8,9,16,1610
2011,8,9,17,1752
2011,8,9,18,1900
2011,8,9,19,2044
2011,8,9,20,2143
2011,8,9,21,2150
2011,8,9,22,2069
2011,8,9,23,1939
2011,8,10,0,1780
2011,8,10,1,1631
2011,8,10,2,1525
2011,8,10,3,1472
2011,8,10,4,1474
2011,8,10,5,1514
2011,8,10,6,1579
2011,8,10,7,1668
2011,8,10,8,1752
2011,8,10,9,1797
2011,8,10,10,1783
2011,8,10,11,1710
2011,8,10,12,1600
2011,8,10,13,1486
2011,8,10,14,1411
2011,8,10,15,1406
2011,8,10,16,1458
2011,8,10,17,1573
2011,8,10,18,1744
2011,8,10,19,1917
2011,8,10,20,2080
2011,8,10,21,2180
2011,8,10,22,2182
2011,8,10,23,2096
2011,8,11,0,1935
2011,8,11,1,1745
2011,8,11,2,1580
2011,8,11,3,1461
2011,8,11,4,1405
2011,8,11,5,1410
2011,8,11,6,1468
2011,8,11,7,1572
2011,8,11,8,1696
2011,8,11,9,1818
2011,8,11,10,1890
2011,8,11,11,1877
2011,8,11,12,1778
2011,8,11,13,1622
2011,8,11,14,1466
2011,8,11,15,1368
2011,8,11,16,1352
2011,8,11,17,1408
2011,8,11,18,1548
2011,8,11,19,1741
2011,8,11,20,1944
2011,8,11,21,2120
2011,8,11,22,2206
2011,8,11,23,2186
2011,8,12,0,2064
2011,8,12,1,1872
2011,8,12,2,1661
2011,8,12,3,1466
2011,8,12,4,1352
2011,8,12,5,1320
2011,8,12,6,1355
2011,8,12,7,1454
2011,8,12,8,1596
2011,8,12,9,1764
2011,8,12,10,1904
2011,8,12,11,1956
2011,8,12,12,1897
2011,8,12,13,1741
2011,8,12,14,1548
2011,8,12,15,1388
2011,8,12,16,1304
2011,8,12,17,1302
2011,8,12,18,1388
2011,8,12,19,1557
2011,8,12,20,1778
2011,8,12,21,2008
2011,8,12,22,2180
2011,8,12,23,2267
2011,8,13,0,2235
2011,8,13,1,2075
2011,8,13,2,1839
2011,8,13,3,1580
2011,8,13,4,1379
2011,8,13,5,1280
2011,8,13,6,1273
2011,8,13,7,1344
2011,8,13,8,1488
2011,8,13,9,1668
2011,8,13,10,1857
2011,8,13,11,2000
2011,8,13,12,2027
2011,8,13,13,1922
2011,8,13,14,1715
2011,8,13,15,1489
2011,8,13,16,1314
2011,8,13,17,1226
2011,8,13,18,1267
2011,8,13,19,1409
2011,8,13,20,1616
2011,8,13,21,1855
2011,8,13,22,2068
2011,8,13,23,2220
2011,8,14,0,2267
2011,8,14,1,2184
2011,8,14,2,1981
2011,8,14,3,1701
2011,8,14,4,1440
2011,8,14,5,1263
2011,8,14,6,1217
2011,8,14,7,1277
2011,8,14,8,1396
2011,8,14,9,1574
2011,8,14,10,1783
2011,8,14,11,1975
2011,8,14,12,2080
2011,8,14,13,2047
2011,8,14,14,1882
2011,8,14,15,1639
2011,8,14,16,1405
2011,8,14,17,1258
2011,8,14,18,1231
2011,8,14,19,1317
2011,8,14,20,1474
2011,8,14,21,1695
2011,8,14,22,1930
2011,8,14,23,2131
2011,8,15,0,2245
2011,8,15,1,2235
2011,8,15,2,2093
2011,8,15,3,1836
2011,8,15,4,1544
2011,8,15,5,1316
2011,8,15,6,1216
2011,8,15,7,1235
2011,8,15,8,1338
2011,8,15,9,1505
2011,8,15,10,1716
2011,8,15,11,1930
2011,8,15,12,2089
2011,8,15,13,2135
2011,8,15,14,2037
2011,8,15,15,1831
2011,8,15,16,1584
2011,8,15,17,1384
2011,8,15,18,1283
2011,8,15,19,1300
2011,8,15,20,1415
2011,8,15,21,1604
2011,8,15,22,1838
2011,8,15,23,2059
2011,8,16,0,2215
2011,8,16,1,2264
2011,8,16,2,2184
2011,8,16,3,1986
2011,8,16,4,1723
2011,8,16,5,1458
2011,8,16,6,1287
2011,8,16,7,1242
2011,8,16,8,1319
2011,8,16,9,1479
2011,8,16,10,1697
2011,8,16,11,1917
2011,8,16,12,2090
2011,8,16,13,2176
2011,8,16,14,2141
2011,8,16,15,1991
2011,8,16,16,1758
2011,8,16,17,1521
2011,8,16,18,1353
2011,8,16,19,1307
2011,8,16,20,1378
2011,8,16,21,1531
2011,8,16,22,1735
2011,8,16,23,1939
2011,8,17,0,2101
2011,8,17,1,2193
2011,8,17,2,2183
2011,8,17,3,2049
2011,8,17,4,1824
2011,8,17,5,1568
2011,8,17,6,1371
2011,8,17,7,1277
2011,8,17,8,1310
2011,8,17,9,1447
2011,8,17,10,1647
2011,8,17,11,1867
2011,8,17,12,2052
2011,8,17,13,2159
2011,8,17,14,2165
2011,8,17,15,2077
2011,8,17,16,1903
2011,8,17,17,1676
2011,8,17,18,1473
2011,8,17,19,1355
2011,8,17,20,1354
2011,8,17,21,1456
2011,8,17,22,1623
2011,8,17,23,1816
2011,8,18,0,1976
2011,8,18,1,2085
2011,8,18,2,2115
2011,8,18,3,2050
2011,8,18,4,1891
2011,8,18,5,1667
2011,8,18,6,1436
2011,8,18,7,1286
2011,8,18,8,1270
2011,8,18,9,1370
2011,8,18,10,1555
2011,8,18,11,1773
2011,8,18,12,1968
2011,8,18,13,2104
2011,8,18,14,2160
2011,8,18,15,2128
2011,8,18,16,2009
2011,8,18,17,1815
2011,8,18,18,1604
2011,8,18,19,1447
2011,8,18,20,1389
2011,8,18,21,1433
2011,8,18,22,1552
2011,8,18,23,1712
2011,8,19,0,1872
2011,8,19,1,1998
2011,8,19,2,2043
2011,8,19,3,2004
2011,8,19,4,1892
2011,8,19,5,1716
2011,8,19,6,1509
2011,8,19,7,1337
2011,8,19,8,1261
2011,8,19,9,1294
2011,8,19,10,1432
2011,8,19,11,1648
2011,8,19,12,1857
2011,8,19,13,2014
2011,8,19,14,2084
2011,8,19,15,2081
2011,8,19,16,2008
2011,8,19,17,1872
2011,8,19,18,1703
2011,8,19,19,1543
2011,8,19,20,1437
2011,8,19,21,1414
2011,8,19,22,1466
2011,8,19,23,1576
2011,8,20,0,1730
2011,8,20,1,1865
2011,8,20,2,1942
2011,8,20,3,1947
2011,8,20,4,1877
2011,8,20,5,1746
2011,8,20,6,1561
2011,8,20,7,1393
2011,8,20,8,1296
2011,8,20,9,1301
2011,8,20,10,1403
2011,8,20,11,1566
2011,8,20,12,1752
2011,8,20,13,1912
2011,8,20,14,2016
2011,8,20,15,2069
2011,8,20,16,2052
2011,8,20,17,1969
2011,8,20,18,1839
2011,8,20,19,1680
2011,8,20,20,1548
2011,8,20,21,1486
2011,8,20,22,1499
2011,8,20,23,1565
2011,8,21,0,1666
2011,8,21,1,1775
2011,8,21,2,1857
2011,8,21,3,1884
2011,8,21,4,1860
2011,8,21,5,1780
2011,8,21,6,1644
2011,8,21,7,1492
2011,8,21,8,1367
2011,8,21,9,1320
2011,8,21,10,1371
2011,8,21,11,1505
2011,8,21,12,1657
2011,8,21,13,1796
2011,8,21,14,1915
2011,8,21,15,1996
2011,8,21,16,2022
2011,8,21,17,1983
2011,8,21,18,1898
2011,8,21,19,1777
2011,8,21,20,1654
2011,8,21,21,1573
2011,8,21,22,1535
2011,8,21,23,1540
2011,8,22,0,1591
2011,8,22,1,1671
2011,8,22,2,1744
2011,8,22,3,1787
2011,8,22,4,1791
2011,8,22,5,1759
2011,8,22,6,1698
2011,8,22,7,1604
2011,8,22,8,1483
2011,8,22,9,1394
2011,8,22,10,1383
2011,8,22,11,1447
2011,8,22,12,1560
2011,8,22,13,1685
2011,8,22,14,1807
2011,8,22,15,1900
2011,8,22,16,1957
2011,8,22,17,1979
2011,8,22,18,1961
2011,8,22,19,1896
2011,8,22,20,1796
2011,8,22,21,1691
2011,8,22,22,1613
2011,8,22,23,1567
2011,8,23,0,1563
2011,8,23,1,1587
2011,8,23,2,1633
2011,8,23,3,1683
2011,8,23,4,1718
2011,8,23,5,1739
2011,8,23,6,1715
2011,8,23,7,1653
2011,8,23,8,1572
2011,8,23,9,1499
2011,8,23,10,1458
2011,8,23,11,1464
2011,8,23,12,1520
2011,8,23,13,1603
2011,8,23,14,1699
2011,8,23,15,1799
2011,8,23,16,1885
2011,8,23,17,1949
2011,8,23,18,1988
2011,8,23,19,1979
2011,8,23,20,1923
2011,8,23,21,1847
2011,8,23,22,1756
2011,8,23,23,1667
2011,8,24,0,1590
2011,8,24,1,1546
2011,8,24,2,1547
2011,8,24,3,1573
2011,8,24,4,1611
2011,8,24,5,1655
2011,8,24,6,1683
2011,8,24,7,1679
2011,8,24,8,1641
2011,8,24,9,1587
2011,8,24,10,1525
2011,8,24,11,1484
2011,8,24,12,1485
2011,8,24,13,1499
2011,8,24,14,1549
2011,8,24,15,1616
2011,8,24,16,1738
2011,8,24,17,1833
2011,8,24,18,1928
2011,8,24,19,1991
2011,8,24,20,2007
2011,8,24,21,1958
2011,8,24,22,1867
2011,8,24,23,1761
2011,8,25,0,1650
2011,8,25,1,1568
2011,8,25,2,1513
2011,8,25,3,1485
2011,8,25,4,1502
2011,8,25,5,1558
2011,8,25,6,1629
2011,8,25,7,1699
2011,8,25,8,1729
2011,8,25,9,1715
2011,8,25,10,1662
2011,8,25,11,1607
2011,8,25,12,1538
2011,8,25,13,1473
2011,8,25,14,1452
2011,8,25,15,1485
2011,8,25,16,1570
2011,8,25,17,1699
2011,8,25,18,1845
2011,8,25,19,1972
2011,8,25,20,2061
2011,8,25,21,2089
2011,8,25,22,2047
2011,8,25,23,1943
2011,8,26,0,1791
2011,8,26,1,1636
2011,8,26,2,1505
2011,8,26,3,1413
2011,8,26,4,1393
2011,8,26,5,1441
2011,8,26,6,1532
2011,8,26,7,1637
2011,8,26,8,1736
2011,8,26,9,1801
2011,8,26,10,1796
2011,8,26,11,1720
2011,8,26,12,1609
2011,8,26,13,1485
2011,8,26,14,1386
2011,8,26,15,1349
2011,8,26,16,1379
2011,8,26,17,1483
2011,8,26,18,1658
2011,8,26,19,1855
2011,8,26,20,2032
2011,8,26,21,2149
2011,8,26,22,2169
2011,8,26,23,2091
2011,8,27,0,1932
2011,8,27,1,1733
2011,8,27,2,1531
2011,8,27,3,1366
2011,8,27,4,1277
2011,8,27,5,1276
2011,8,27,6,1358
2011,8,27,7,1504
2011,8,27,8,1676
2011,8,27,9,1825
2011,8,27,10,1896
2011,8,27,11,1882
2011,8,27,12,1780
2011,8,27,13,1607
2011,8,27,14,1421
2011,8,27,15,1292
2011,8,27,16,1252
2011,8,27,17,1311
2011,8,27,18,1467
2011,8,27,19,1689
2011,8,27,20,1914
2011,8,27,21,2105
2011,8,27,22,2232
2011,8,27,23,2241
2011,8,28,0,2125
2011,8,28,1,1919
2011,8,28,2,1670
2011,8,28,3,1425
2011,8,28,4,1255
2011,8,28,5,1194
2011,8,28,6,1246
2011,8,28,7,1380
2011,8,28,8,1572
2011,8,28,9,1791
2011,8,28,10,1968
2011,8,28,11,2052
2011,8,28,12,1997
2011,8,28,13,1816
2011,8,28,14,1567
2011,8,28,15,1329
2011,8,28,16,1171
2011,8,28,17,1137
2011,8,28,18,1234
2011,8,28,19,1439
2011,8,28,20,1692
2011,8,28,21,1939
2011,8,28,22,2149
2011,8,28,23,2266
2011,8,29,0,2245
2011,8,29,1,2089
2011,8,29,2,1817
2011,8,29,3,1495
2011,8,29,4,1227
2011,8,29,5,1091
2011,8,29,6,1091
2011,8,29,7,1198
2011,8,29,8,1392
2011,8,29,9,1638
2011,8,29,10,1883
2011,8,29,11,2075
2011,8,29,12,2140
2011,8,29,13,2032
2011,8,29,14,1783
2011,8,29,15,1483
2011,8,29,16,1245
2011,8,29,17,1122
2011,8,29,18,1140
2011,8,29,19,1270
2011,8,29,20,1483
2011,8,29,21,1753
2011,8,29,22,2023
2011,8,29,23,2233
2011,8,30,0,2307
2011,8,30,1,2242
2011,8,30,2,2036
2011,8,30,3,1727
2011,8,30,4,1402
2011,8,30,5,1158
2011,8,30,6,1057
2011,8,30,7,1106
2011,8,30,8,1286
2011,8,30,9,1557
2011,8,30,10,1847
2011,8,30,11,2103
2011,8,30,12,2269
2011,8,30,13,2282
2011,8,30,14,2110
2011,8,30,15,1800
2011,8,30,16,1460
2011,8,30,17,1198
2011,8,30,18,1100
2011,8,30,19,1159
2011,8,30,20,1325
2011,8,30,21,1565
2011,8,30,22,1847
2011,8,30,23,2111
2011,8,31,0,2292
2011,8,31,1,2337
2011,8,31,2,2219
2011,8,31,3,1939
2011,8,31,4,1592
2011,8,31,5,1280
2011,8,31,6,1093
2011,8,31,7,1065
2011,8,31,8,1185
2011,8,31,9,1419
2011,8,31,10,1730
2011,8,31,11,2038
2011,8,31,12,2268
2011,8,31,13,2369
2011,8,31,14,2316
2011,8,31,15,2110
2011,8,31,16,1786
2011,8,31,17,1448
2011,8,31,18,1211
2011,8,31,19,1128
2011,8,31,20,1207
2011,8,31,21,1407
2011,8,31,22,1681
2011,8,31,23,1932
2011,9,1,0,2138
2011,9,1,1,2266
2011,9,1,2,2271
2011,9,1,3,2116
2011,9,1,4,1824
2011,9,1,5,1487
2011,9,1,6,1210
2011,9,1,7,1087
2011,9,1,8,1130
2011,9,1,9,1294
2011,9,1,10,1564
2011,9,1,11,1871
2011,9,1,12,2144
2011,9,1,13,2334
2011,9,1,14,2398
2011,9,1,15,2312
2011,9,1,16,2053
2011,9,1,17,1714
2011,9,1,18,1401
2011,9,1,19,1202
2011,9,1,20,1159
2011,9,1,21,1239
2011,9,1,22,1425
2011,9,1,23,1656
2011,9,2,0,1880
2011,9,2,1,2056
2011,9,2,2,2148
2011,9,2,3,2106
2011,9,2,4,1914
2011,9,2,5,1633
2011,9,2,6,1346
2011,9,2,7,1144
2011,9,2,8,1090
2011,9,2,9,1178
2011,9,2,10,1367
2011,9,2,11,1628
2011,9,2,12,1915
2011,9,2,13,2152
2011,9,2,14,2301
2011,9,2,15,2330
2011,9,2,16,2192
2011,9,2,17,1923
2011,9,2,18,1616
2011,9,2,19,1351
2011,9,2,20,1207
2011,9,2,21,1190
2011,9,2,22,1305
2011,9,2,23,1470
2011,9,3,0,1659
2011,9,3,1,1836
2011,9,3,2,1965
2011,9,3,3,2008
2011,9,3,4,1949
2011,9,3,5,1785
2011,9,3,6,1546
2011,9,3,7,1304
2011,9,3,8,1155
2011,9,3,9,1153
2011,9,3,10,1285
2011,9,3,11,1513
2011,9,3,12,1779
2011,9,3,13,2003
2011,9,3,14,2162
2011,9,3,15,2251
2011,9,3,16,2238
2011,9,3,17,2105
2011,9,3,18,1868
2011,9,3,19,1601
2011,9,3,20,1384
2011,9,3,21,1282
2011,9,3,22,1301
2011,9,3,23,1395
2011,9,4,0,1524
2011,9,4,1,1657
2011,9,4,2,1776
2011,9,4,3,1865
2011,9,4,4,1895
2011,9,4,5,1834
2011,9,4,6,1660
2011,9,4,7,1439
2011,9,4,8,1261
2011,9,4,9,1200
2011,9,4,10,1257
2011,9,4,11,1393
2011,9,4,12,1582
2011,9,4,13,1762
2011,9,4,14,1915
2011,9,4,15,2026
2011,9,4,16,2094
2011,9,4,17,2093
2011,9,4,18,1984
2011,9,4,19,1791
2011,9,4,20,1577
2011,9,4,21,1412
2011,9,4,22,1347
2011,9,4,23,1362
2011,9,5,0,1414
2011,9,5,1,1498
2011,9,5,2,1589
2011,9,5,3,1677
2011,9,5,4,1753
2011,9,5,5,1773
2011,9,5,6,1708
2011,9,5,7,1568
2011,9,5,8,1420
2011,9,5,9,1322
2011,9,5,10,1300
2011,9,5,11,1351
2011,9,5,12,1461
2011,9,5,13,1593
2011,9,5,14,1728
2011,9,5,15,1864
2011,9,5,16,1979
2011,9,5,17,2052
2011,9,5,18,2060
2011,9,5,19,1987
2011,9,5,20,1840
2011,9,5,21,1678
2011,9,5,22,1539
2011,9,5,23,1454
2011,9,6,0,1434
2011,9,6,1,1465
2011,9,6,2,1518
2011,9,6,3,1563
2011,9,6,4,1610
2011,9,6,5,1668
2011,9,6,6,1713
2011,9,6,7,1691
2011,9,6,8,1610
2011,9,6,9,1504
2011,9,6,10,1423
2011,9,6,11,1395
2011,9,6,12,1437
2011,9,6,13,1508
2011,9,6,14,1589
2011,9,6,15,1676
2011,9,6,16,1766
2011,9,6,17,1876
2011,9,6,18,1978
2011,9,6,19,2021
2011,9,6,20,1978
2011,9,6,21,1863
2011,9,6,22,1722
2011,9,6,23,1584
2011,9,7,0,1482
2011,9,7,1,1432
2011,9,7,2,1422
2011,9,7,3,1423
2011,9,7,4,1453
2011,9,7,5,1519
2011,9,7,6,1596
2011,9,7,7,1667
2011,9,7,8,1690
2011,9,7,9,1647
2011,9,7,10,1565
2011,9,7,11,1476
2011,9,7,12,1424
2011,9,7,13,1411
2011,9,7,14,1438
2011,9,7,15,1484
2011,9,7,16,1542
2011,9,7,17,1666
2011,9,7,18,1815
2011,9,7,19,1936
2011,9,7,20,2002
2011,9,7,21,1991
2011,9,7,22,1903
2011,9,7,23,1758
2011,9,8,0,1603
2011,9,8,1,1481
2011,9,8,2,1393
2011,9,8,3,1361
2011,9,8,4,1371
2011,9,8,5,1427
2011,9,8,6,1521
2011,9,8,7,1625
2011,9,8,8,1716
2011,9,8,9,1749
2011,9,8,10,1734
2011,9,8,11,1659
2011,9,8,12,1555
2011,9,8,13,1455
2011,9,8,14,1391
2011,9,8,15,1378
2011,9,8,16,1412
2011,9,8,17,1517
2011,9,8,18,1647
2011,9,8,19,1821
2011,9,8,20,1972
2011,9,8,21,2060
2011,9,8,22,2052
2011,9,8,23,1941
2011,9,9,0,1768
2011,9,9,1,1584
2011,9,9,2,1435
2011,9,9,3,1344
2011,9,9,4,1320
2011,9,9,5,1350
2011,9,9,6,1435
2011,9,9,7,1554
2011,9,9,8,1693
2011,9,9,9,1805
2011,9,9,10,1855
2011,9,9,11,1826
2011,9,9,12,1725
2011,9,9,13,1573
2011,9,9,14,1421
2011,9,9,15,1319
2011,9,9,16,1300
2011,9,9,17,1370
2011,9,9,18,1513
2011,9,9,19,1699
2011,9,9,20,1888
2011,9,9,21,2026
2011,9,9,22,2092
2011,9,9,23,2051
2011,9,10,0,1921
2011,9,10,1,1744
2011,9,10,2,1530
2011,9,10,3,1352
2011,9,10,4,1248
2011,9,10,5,1249
2011,9,10,6,1335
2011,9,10,7,1477
2011,9,10,8,1651
2011,9,10,9,1806
2011,9,10,10,1920
2011,9,10,11,1958
2011,9,10,12,1894
2011,9,10,13,1728
2011,9,10,14,1510
2011,9,10,15,1327
2011,9,10,16,1226
2011,9,10,17,1238
2011,9,10,18,1356
2011,9,10,19,1537
2011,9,10,20,1736
2011,9,10,21,1907
2011,9,10,22,2029
2011,9,10,23,2078
2011,9,11,0,2034
2011,9,11,1,1881
2011,9,11,2,1643
2011,9,11,3,1400
2011,9,11,4,1231
2011,9,11,5,1192
2011,9,11,6,1257
2011,9,11,7,1392
2011,9,11,8,1572
2011,9,11,9,1759
2011,9,11,10,1928
2011,9,11,11,2027
2011,9,11,12,2018
2011,9,11,13,1881
2011,9,11,14,1673
2011,9,11,15,1414
2011,9,11,16,1219
2011,9,11,17,1187
2011,9,11,18,1255
2011,9,11,19,1400
2011,9,11,20,1585
2011,9,11,21,1787
2011,9,11,22,1966
2011,9,11,23,2092
2011,9,12,0,2109
2011,9,12,1,2002
2011,9,12,2,1779
2011,9,12,3,1506
2011,9,12,4,1273
2011,9,12,5,1162
2011,9,12,6,1202
2011,9,12,7,1328
2011,9,12,8,1507
2011,9,12,9,1714
2011,9,12,10,1910
2011,9,12,11,2065
2011,9,12,12,2126
2011,9,12,13,2052
2011,9,12,14,1853
2011,9,12,15,1584
2011,9,12,16,1335
2011,9,12,17,1194
2011,9,12,18,1202
2011,9,12,19,1328
2011,9,12,20,1512
2011,9,12,21,1717
2011,9,12,22,1912
2011,9,12,23,2060
2011,9,13,0,2121
2011,9,13,1,2077
2011,9,13,2,1917
2011,9,13,3,1660
2011,9,13,4,1387
2011,9,13,5,1207
2011,9,13,6,1172
2011,9,13,7,1264
2011,9,13,8,1446
2011,9,13,9,1666
2011,9,13,10,1876
2011,9,13,11,2044
2011,9,13,12,2133
2011,9,13,13,2110
2011,9,13,14,1961
2011,9,13,15,1715
2011,9,13,16,1447
2011,9,13,17,1236
2011,9,13,18,1147
2011,9,13,19,1187
2011,9,13,20,1327
2011,9,13,21,1539
2011,9,13,22,1767
2011,9,13,23,1946
2011,9,14,0,2048
2011,9,14,1,2041
2011,9,14,2,1924
2011,9,14,3,1701
2011,9,14,4,1431
2011,9,14,5,1211
2011,9,14,6,1108
2011,9,14,7,1156
2011,9,14,8,1316
2011,9,14,9,1539
2011,9,14,10,1775
2011,9,14,11,1972
2011,9,14,12,2096
2011,9,14,13,2130
2011,9,14,14,2048
2011,9,14,15,1853
2011,9,14,16,1577
2011,9,14,17,1314
2011,9,14,18,1148
2011,9,14,19,1126
2011,9,14,20,1229
2011,9,14,21,1407
2011,9,14,22,1629
2011,9,14,23,1818
2011,9,15,0,1952
2011,9,15,1,2002
2011,9,15,2,1941
2011,9,15,3,1779
2011,9,15,4,1538
2011,9,15,5,1307
2011,9,15,6,1159
2011,9,15,7,1141
2011,9,15,8,1252
2011,9,15,9,1449
2011,9,15,10,1695
2011,9,15,11,1928
2011,9,15,12,2085
2011,9,15,13,2150
2011,9,15,14,2106
2011,9,15,15,1970
2011,9,15,16,1740
2011,9,15,17,1475
2011,9,15,18,1266
2011,9,15,19,1163
2011,9,15,20,1207
2011,9,15,21,1361
2011,9,15,22,1580
2011,9,15,23,1780
2011,9,16,0,1923
2011,9,16,1,1996
2011,9,16,2,1979
2011,9,16,3,1876
2011,9,16,4,1676
2011,9,16,5,1436
2011,9,16,6,1244
2011,9,16,7,1175
2011,9,16,8,1254
2011,9,16,9,1441
2011,9,16,10,1676
2011,9,16,11,1900
2011,9,16,12,2067
2011,9,16,13,2163
2011,9,16,14,2173
2011,9,16,15,2085
2011,9,16,16,1902
2011,9,16,17,1642
2011,9,16,18,1402
2011,9,16,19,1258
2011,9,16,20,1252
2011,9,16,21,1352
2011,9,16,22,1519
2011,9,16,23,1694
2011,9,17,0,1835
2011,9,17,1,1929
2011,9,17,2,1951
2011,9,17,3,1894
2011,9,17,4,1745
2011,9,17,5,1540
2011,9,17,6,1334
2011,9,17,7,1211
2011,9,17,8,1227
2011,9,17,9,1364
2011,9,17,10,1574
2011,9,17,11,1802
2011,9,17,12,1986
2011,9,17,13,2093
2011,9,17,14,2129
2011,9,17,15,2102
2011,9,17,16,1976
2011,9,17,17,1767
2011,9,17,18,1528
2011,9,17,19,1351
2011,9,17,20,1285
2011,9,17,21,1322
2011,9,17,22,1436
2011,9,17,23,1572
2011,9,18,0,1712
2011,9,18,1,1832
2011,9,18,2,1896
2011,9,18,3,1881
2011,9,18,4,1775
2011,9,18,5,1600
2011,9,18,6,1413
2011,9,18,7,1263
2011,9,18,8,1226
2011,9,18,9,1301
2011,9,18,10,1443
2011,9,18,11,1635
2011,9,18,12,1831
2011,9,18,13,1988
2011,9,18,14,2071
2011,9,18,15,2068
2011,9,18,16,1979
2011,9,18,17,1835
2011,9,18,18,1654
2011,9,18,19,1477
2011,9,18,20,1360
2011,9,18,21,1324
2011,9,18,22,1396
2011,9,18,23,1511
2011,9,19,0,1635
2011,9,19,1,1748
2011,9,19,2,1805
2011,9,19,3,1810
2011,9,19,4,1773
2011,9,19,5,1675
2011,9,19,6,1533
2011,9,19,7,1402
2011,9,19,8,1324
2011,9,19,9,1336
2011,9,19,10,1430
2011,9,19,11,1580
2011,9,19,12,1752
2011,9,19,13,1901
2011,9,19,14,2007
2011,9,19,15,2054
2011,9,19,16,2040
2011,9,19,17,1954
2011,9,19,18,1822
2011,9,19,19,1649
2011,9,19,20,1524
2011,9,19,21,1463
2011,9,19,22,1470
2011,9,19,23,1532
2011,9,20,0,1616
2011,9,20,1,1699
2011,9,20,2,1761
2011,9,20,3,1786
2011,9,20,4,1785
2011,9,20,5,1737
2011,9,20,6,1643
2011,9,20,7,1517
2011,9,20,8,1407
2011,9,20,9,1370
2011,9,20,10,1427
2011,9,20,11,1543
2011,9,20,12,1681
2011,9,20,13,1822
2011,9,20,14,1924
2011,9,20,15,1996
2011,9,20,16,2029
2011,9,20,17,1997
2011,9,20,18,1913
2011,9,20,19,1788
2011,9,20,20,1658
2011,9,20,21,1560
2011,9,20,22,1511
2011,9,20,23,1499
2011,9,21,0,1520
2011,9,21,1,1569
2011,9,21,2,1618
2011,9,21,3,1662
2011,9,21,4,1698
2011,9,21,5,1715
2011,9,21,6,1688
2011,9,21,7,1604
2011,9,21,8,1513
2011,9,21,9,1443
2011,9,21,10,1430
2011,9,21,11,1476
2011,9,21,12,1554
2011,9,21,13,1653
2011,9,21,14,1761
2011,9,21,15,1844
2011,9,21,16,1892
2011,9,21,17,1912
2011,9,21,18,1903
2011,9,21,19,1871
2011,9,21,20,1789
2011,9,21,21,1688
2011,9,21,22,1600
2011,9,21,23,1525
2011,9,22,0,1486
2011,9,22,1,1484
2011,9,22,2,1505
2011,9,22,3,1549
2011,9,22,4,1598
2011,9,22,5,1643
2011,9,22,6,1670
2011,9,22,7,1662
2011,9,22,8,1620
2011,9,22,9,1559
2011,9,22,10,1505
2011,9,22,11,1494
2011,9,22,12,1510
2011,9,22,13,1551
2011,9,22,14,1615
2011,9,22,15,1698
2011,9,22,16,1788
2011,9,22,17,1878
2011,9,22,18,1951
2011,9,22,19,1973
2011,9,22,20,1935
2011,9,22,21,1849
2011,9,22,22,1744
2011,9,22,23,1635
2011,9,23,0,1541
2011,9,23,1,1482
2011,9,23,2,1457
2011,9,23,3,1471
2011,9,23,4,1518
2011,9,23,5,1593
2011,9,23,6,1683
2011,9,23,7,1755
2011,9,23,8,1787
2011,9,23,9,1762
2011,9,23,10,1704
2011,9,23,11,1629
2011,9,23,12,1562
2011,9,23,13,1528
2011,9,23,14,1539
2011,9,23,15,1600
2011,9,23,16,1680
2011,9,23,17,1807
2011,9,23,18,1927
2011,9,23,19,2032
2011,9,23,20,2097
2011,9,23,21,2090
2011,9,23,22,2007
2011,9,23,23,1874
2011,9,24,0,1705
2011,9,24,1,1553
2011,9,24,2,1451
2011,9,24,3,1423
2011,9,24,4,1458
2011,9,24,5,1539
2011,9,24,6,1662
2011,9,24,7,1797
2011,9,24,8,1910
2011,9,24,9,1957
2011,9,24,10,1927
2011,9,24,11,1821
2011,9,24,12,1675
2011,9,24,13,1532
2011,9,24,14,1445
2011,9,24,15,1448
2011,9,24,16,1508
2011,9,24,17,1625
2011,9,24,18,1782
2011,9,24,19,1944
2011,9,24,20,2092
2011,9,24,21,2185
2011,9,24,22,2170
2011,9,24,23,2048
2011,9,25,0,1855
2011,9,25,1,1621
2011,9,25,2,1411
2011,9,25,3,1304
2011,9,25,4,1291
2011,9,25,5,1371
2011,9,25,6,1515
2011,9,25,7,1691
2011,9,25,8,1868
2011,9,25,9,2007
2011,9,25,10,2056
2011,9,25,11,1993
2011,9,25,12,1831
2011,9,25,13,1624
2011,9,25,14,1437
2011,9,25,15,1317
2011,9,25,16,1304
2011,9,25,17,1389
2011,9,25,18,1553
2011,9,25,19,1762
2011,9,25,20,1974
2011,9,25,21,2147
2011,9,25,22,2225
2011,9,25,23,2178
2011,9,26,0,2019
2011,9,26,1,1772
2011,9,26,2,1504
2011,9,26,3,1293
2011,9,26,4,1184
2011,9,26,5,1213
2011,9,26,6,1354
2011,9,26,7,1565
2011,9,26,8,1808
2011,9,26,9,2026
2011,9,26,10,2174
2011,9,26,11,2202
2011,9,26,12,2065
2011,9,26,13,1884
2011,9,26,14,1602
2011,9,26,15,1356
2011,9,26,16,1212
2011,9,26,17,1207
2011,9,26,18,1321
2011,9,26,19,1532
2011,9,26,20,1787
2011,9,26,21,2041
2011,9,26,22,2223
2011,9,26,23,2280
2011,9,27,0,2194
2011,9,27,1,1980
2011,9,27,2,1689
2011,9,27,3,1397
2011,9,27,4,1197
2011,9,27,5,1144
2011,9,27,6,1236
2011,9,27,7,1424
2011,9,27,8,1678
2011,9,27,9,1955
2011,9,27,10,2207
2011,9,27,11,2359
2011,9,27,12,2345
2011,9,27,13,2157
2011,9,27,14,1839
2011,9,27,15,1508
2011,9,27,16,1259
2011,9,27,17,1143
2011,9,27,18,1178
2011,9,27,19,1320
2011,9,27,20,1546
2011,9,27,21,1810
2011,9,27,22,2066
2011,9,27,23,2244
2011,9,28,0,2268
2011,9,28,1,2132
2011,9,28,2,1868
2011,9,28,3,1548
2011,9,28,4,1270
2011,9,28,5,1118
2011,9,28,6,1119
2011,9,28,7,1242
2011,9,28,8,1477
2011,9,28,9,1792
2011,9,28,10,2109
2011,9,28,11,2362
2011,9,28,12,2460
2011,9,28,13,2371
2011,9,28,14,2110
2011,9,28,15,1758
2011,9,28,16,1417
2011,9,28,17,1169
2011,9,28,18,1071
2011,9,28,19,1122
2011,9,28,20,1304
2011,9,28,21,1568
2011,9,28,22,1845
2011,9,28,23,2074
2011,9,29,0,2208
2011,9,29,1,2197
2011,9,29,2,2030
2011,9,29,3,1738
2011,9,29,4,1407
2011,9,29,5,1145
2011,9,29,6,1044
2011,9,29,7,1112
2011,9,29,8,1309
2011,9,29,9,1602
2011,9,29,10,1929
2011,9,29,11,2240
2011,9,29,12,2460
2011,9,29,13,2510
2011,9,29,14,2369
2011,9,29,15,2054
2011,9,29,16,1674
2011,9,29,17,1338
2011,9,29,18,1126
2011,9,29,19,1081
2011,9,29,20,1166
2011,9,29,21,1352
2011,9,29,22,1603
2011,9,29,23,1854
2011,9,30,0,2057
2011,9,30,1,2167
2011,9,30,2,2119
2011,9,30,3,1920
2011,9,30,4,1616
2011,9,30,5,1314
2011,9,30,6,1121
2011,9,30,7,1083
2011,9,30,8,1195
2011,9,30,9,1431
2011,9,30,10,1747
2011,9,30,11,2055
2011,9,30,12,2323
2011,9,30,13,2477
2011,9,30,14,2481
2011,9,30,15,2301
2011,9,30,16,1963
2011,9,30,17,1585
2011,9,30,18,1271
2011,9,30,19,1115
2011,9,30,20,1116
2011,9,30,21,1228
2011,9,30,22,1410
2011,9,30,23,1616
2011,10,1,0,1833
2011,10,1,1,2009
2011,10,1,2,2077
2011,10,1,3,1998
2011,10,1,4,1767
2011,10,1,5,1479
2011,10,1,6,1235
2011,10,1,7,1119
2011,10,1,8,1157
2011,10,1,9,1315
2011,10,1,10,1552
2011,10,1,11,1831
2011,10,1,12,2100
2011,10,1,13,2310
2011,10,1,14,2404
2011,10,1,15,2357
2011,10,1,16,2148
2011,10,1,17,1852
2011,10,1,18,1533
2011,10,1,19,1288
2011,10,1,20,1182
2011,10,1,21,1201
2011,10,1,22,1322
2011,10,1,23,1494
2011,10,2,0,1668
2011,10,2,1,1823
2011,10,2,2,1929
2011,10,2,3,1953
2011,10,2,4,1861
2011,10,2,5,1670
2011,10,2,6,1438
2011,10,2,7,1253
2011,10,2,8,1192
2011,10,2,9,1262
2011,10,2,10,1438
2011,10,2,11,1662
2011,10,2,12,1890
2011,10,2,13,2093
2011,10,2,14,2236
2011,10,2,15,2287
2011,10,2,16,2242
2011,10,2,17,2024
2011,10,2,18,1796
2011,10,2,19,1531
2011,10,2,20,1358
2011,10,2,21,1291
2011,10,2,22,1326
2011,10,2,23,1425
2011,10,3,0,1556
2011,10,3,1,1689
2011,10,3,2,1803
2011,10,3,3,1885
2011,10,3,4,1893
2011,10,3,5,1823
2011,10,3,6,1644
2011,10,3,7,1475
2011,10,3,8,1349
2011,10,3,9,1326
2011,10,3,10,1415
2011,10,3,11,1556
2011,10,3,12,1736
2011,10,3,13,1913
2011,10,3,14,2055
2011,10,3,15,2161
2011,10,3,16,2193
2011,10,3,17,2136
2011,10,3,18,1996
2011,10,3,19,1799
2011,10,3,20,1605
2011,10,3,21,1466
2011,10,3,22,1411
2011,10,3,23,1434
2011,10,4,0,1510
2011,10,4,1,1592
2011,10,4,2,1661
2011,10,4,3,1727
2011,10,4,4,1783
2011,10,4,5,1804
2011,10,4,6,1759
2011,10,4,7,1640
2011,10,4,8,1504
2011,10,4,9,1420
2011,10,4,10,1421
2011,10,4,11,1489
2011,10,4,12,1595
2011,10,4,13,1711
2011,10,4,14,1827
2011,10,4,15,1927
2011,10,4,16,2003
2011,10,4,17,2044
2011,10,4,18,2018
2011,10,4,19,1922
2011,10,4,20,1778
2011,10,4,21,1621
2011,10,4,22,1507
2011,10,4,23,1458
2011,10,5,0,1456
2011,10,5,1,1486
2011,10,5,2,1532
2011,10,5,3,1590
2011,10,5,4,1664
2011,10,5,5,1734
2011,10,5,6,1779
2011,10,5,7,1770
2011,10,5,8,1704
2011,10,5,9,1616
2011,10,5,10,1556
2011,10,5,11,1540
2011,10,5,12,1574
2011,10,5,13,1634
2011,10,5,14,1707
2011,10,5,15,1782
2011,10,5,16,1876
2011,10,5,17,1963
2011,10,5,18,2021
2011,10,5,19,2017
2011,10,5,20,1955
2011,10,5,21,1852
2011,10,5,22,1733
2011,10,5,23,1638
2011,10,6,0,1568
2011,10,6,1,1538
2011,10,6,2,1546
2011,10,6,3,1587
2011,10,6,4,1650
2011,10,6,5,1730
2011,10,6,6,1818
2011,10,6,7,1876
2011,10,6,8,1882
2011,10,6,9,1834
2011,10,6,10,1758
2011,10,6,11,1683
2011,10,6,12,1636
2011,10,6,13,1631
2011,10,6,14,1651
2011,10,6,15,1700
2011,10,6,16,1773
2011,10,6,17,1857
2011,10,6,18,1949
2011,10,6,19,2024
2011,10,6,20,2052
2011,10,6,21,2021
2011,10,6,22,1924
2011,10,6,23,1795
2011,10,7,0,1676
2011,10,7,1,1592
2011,10,7,2,1549
2011,10,7,3,1554
2011,10,7,4,1598
2011,10,7,5,1685
2011,10,7,6,1799
2011,10,7,7,1906
2011,10,7,8,1984
2011,10,7,9,2005
2011,10,7,10,1966
2011,10,7,11,1871
2011,10,7,12,1770
2011,10,7,13,1676
2011,10,7,14,1620
2011,10,7,15,1610
2011,10,7,16,1660
2011,10,7,17,1739
2011,10,7,18,1852
2011,10,7,19,1974
2011,10,7,20,2073
2011,10,7,21,2115
2011,10,7,22,2075
2011,10,7,23,1963
2011,10,8,0,1809
2011,10,8,1,1659
2011,10,8,2,1549
2011,10,8,3,1505
2011,10,8,4,1526
2011,10,8,5,1603
2011,10,8,6,1727
2011,10,8,7,1870
2011,10,8,8,1997
2011,10,8,9,2097
2011,10,8,10,2125
2011,10,8,11,2065
2011,10,8,12,1939
2011,10,8,13,1791
2011,10,8,14,1663
2011,10,8,15,1576
2011,10,8,16,1554
2011,10,8,17,1609
2011,10,8,18,1719
2011,10,8,19,1872
2011,10,8,20,2014
2011,10,8,21,2118
2011,10,8,22,2148
2011,10,8,23,2078
2011,10,9,0,1934
2011,10,9,1,1745
2011,10,9,2,1581
2011,10,9,3,1479
2011,10,9,4,1455
2011,10,9,5,1526
2011,10,9,6,1658
2011,10,9,7,1831
2011,10,9,8,2005
2011,10,9,9,2157
2011,10,9,10,2248
2011,10,9,11,2233
2011,10,9,12,2112
2011,10,9,13,1933
2011,10,9,14,1729
2011,10,9,15,1569
2011,10,9,16,1499
2011,10,9,17,1523
2011,10,9,18,1618
2011,10,9,19,1770
2011,10,9,20,1944
2011,10,9,21,2101
2011,10,9,22,2195
2011,10,9,23,2192
2011,10,10,0,2085
2011,10,10,1,1899
2011,10,10,2,1698
2011,10,10,3,1538
2011,10,10,4,1457
2011,10,10,5,1491
2011,10,10,6,1615
2011,10,10,7,1794
2011,10,10,8,1992
2011,10,10,9,2176
2011,10,10,10,2307
2011,10,10,11,2348
2011,10,10,12,2282
2011,10,10,13,2112
2011,10,10,14,1890
2011,10,10,15,1667
2011,10,10,16,1523
2011,10,10,17,1485
2011,10,10,18,1541
2011,10,10,19,1661
2011,10,10,20,1831
2011,10,10,21,2011
2011,10,10,22,2153
2011,10,10,23,2226
2011,10,11,0,2185
2011,10,11,1,2028
2011,10,11,2,1801
2011,10,11,3,1595
2011,10,11,4,1469
2011,10,11,5,1460
2011,10,11,6,1552
2011,10,11,7,1710
2011,10,11,8,1909
2011,10,11,9,2122
2011,10,11,10,2304
2011,10,11,11,2403
2011,10,11,12,2396
2011,10,11,13,2244
2011,10,11,14,2040
2011,10,11,15,1780
2011,10,11,16,1568
2011,10,11,17,1451
2011,10,11,18,1451
2011,10,11,19,1554
2011,10,11,20,1723
2011,10,11,21,1922
2011,10,11,22,2090
2011,10,11,23,2194
2011,10,12,0,2204
2011,10,12,1,2097
2011,10,12,2,1900
2011,10,12,3,1665
2011,10,12,4,1476
2011,10,12,5,1413
2011,10,12,6,1483
2011,10,12,7,1630
2011,10,12,8,1820
2011,10,12,9,2037
2011,10,12,10,2250
2011,10,12,11,2403
2011,10,12,12,2442
2011,10,12,13,2358
2011,10,12,14,2140
2011,10,12,15,1881
2011,10,12,16,1634
2011,10,12,17,1472
2011,10,12,18,1429
2011,10,12,19,1493
2011,10,12,20,1637
2011,10,12,21,1830
2011,10,12,22,2022
2011,10,12,23,2167
2011,10,13,0,2213
2011,10,13,1,2160
2011,10,13,2,2003
2011,10,13,3,1781
2011,10,13,4,1570
2011,10,13,5,1447
2011,10,13,6,1453
2011,10,13,7,1570
2011,10,13,8,1756
2011,10,13,9,1986
2011,10,13,10,2218
2011,10,13,11,2393
2011,10,13,12,2471
2011,10,13,13,2429
2011,10,13,14,2280
2011,10,13,15,2041
2011,10,13,16,1764
2011,10,13,17,1535
2011,10,13,18,1428
2011,10,13,19,1443
2011,10,13,20,1568
2011,10,13,21,1756
2011,10,13,22,1951
2011,10,13,23,2112
2011,10,14,0,2201
2011,10,14,1,2197
2011,10,14,2,2089
2011,10,14,3,1890
2011,10,14,4,1656
2011,10,14,5,1469
2011,10,14,6,1404
2011,10,14,7,1475
2011,10,14,8,1645
2011,10,14,9,1878
2011,10,14,10,2126
2011,10,14,11,2326
2011,10,14,12,2444
2011,10,14,13,2465
2011,10,14,14,2373
2011,10,14,15,2161
2011,10,14,16,1955
2011,10,14,17,1654
2011,10,14,18,1436
2011,10,14,19,1425
2011,10,14,20,1495
2011,10,14,21,1649
2011,10,14,22,1829
2011,10,14,23,1999
2011,10,15,0,2114
2011,10,15,1,2146
2011,10,15,2,2095
2011,10,15,3,1952
2011,10,15,4,1740
2011,10,15,5,1542
2011,10,15,6,1413
2011,10,15,7,1408
2011,10,15,8,1533
2011,10,15,9,1753
2011,10,15,10,2009
2011,10,15,11,2234
2011,10,15,12,2389
2011,10,15,13,2451
2011,10,15,14,2400
2011,10,15,15,2260
2011,10,15,16,2042
2011,10,15,17,1765
2011,10,15,18,1532
2011,10,15,19,1415
2011,10,15,20,1431
2011,10,15,21,1551
2011,10,15,22,1733
2011,10,15,23,1911
2011,10,16,0,2040
2011,10,16,1,2104
2011,10,16,2,2091
2011,10,16,3,2004
2011,10,16,4,1840
2011,10,16,5,1634
2011,10,16,6,1452
2011,10,16,7,1369
2011,10,16,8,1438
2011,10,16,9,1628
2011,10,16,10,1882
2011,10,16,11,2119
2011,10,16,12,2281
2011,10,16,13,2373
2011,10,16,14,2363
2011,10,16,15,2299
2011,10,16,16,2140
2011,10,16,17,1910
2011,10,16,18,1660
2011,10,16,19,1478
2011,10,16,20,1426
2011,10,16,21,1485
2011,10,16,22,1626
2011,10,16,23,1795
2011,10,17,0,1930
2011,10,17,1,2015
2011,10,17,2,2044
2011,10,17,3,2007
2011,10,17,4,1894
2011,10,17,5,1723
2011,10,17,6,1541
2011,10,17,7,1413
2011,10,17,8,1399
2011,10,17,9,1522
2011,10,17,10,1737
2011,10,17,11,1966
2011,10,17,12,2138
2011,10,17,13,2243
2011,10,17,14,2292
2011,10,17,15,2264
2011,10,17,16,2186
2011,10,17,17,1985
2011,10,17,18,1779
2011,10,17,19,1567
2011,10,17,20,1456
2011,10,17,21,1446
2011,10,17,22,1519
2011,10,17,23,1654
2011,10,18,0,1793
2011,10,18,1,1893
2011,10,18,2,1946
2011,10,18,3,1956
2011,10,18,4,1899
2011,10,18,5,1780
2011,10,18,6,1618
2011,10,18,7,1481
2011,10,18,8,1424
2011,10,18,9,1471
2011,10,18,10,1601
2011,10,18,11,1798
2011,10,18,12,1946
2011,10,18,13,2105
2011,10,18,14,2174
2011,10,18,15,2193
2011,10,18,16,2142
2011,10,18,17,2028
2011,10,18,18,1857
2011,10,18,19,1680
2011,10,18,20,1536
2011,10,18,21,1484
2011,10,18,22,1500
2011,10,18,23,1578
2011,10,19,0,1679
2011,10,19,1,1774
2011,10,19,2,1847
2011,10,19,3,1886
2011,10,19,4,1880
2011,10,19,5,1821
2011,10,19,6,1718
2011,10,19,7,1611
2011,10,19,8,1536
2011,10,19,9,1518
2011,10,19,10,1569
2011,10,19,11,1681
2011,10,19,12,1836
2011,10,19,13,1988
2011,10,19,14,2093
2011,10,19,15,2133
2011,10,19,16,2117
2011,10,19,17,2061
2011,10,19,18,1961
2011,10,19,19,1843
2011,10,19,20,1722
2011,10,19,21,1619
2011,10,19,22,1555
2011,10,19,23,1554
2011,10,20,0,1610
2011,10,20,1,1688
2011,10,20,2,1774
2011,10,20,3,1849
2011,10,20,4,1896
2011,10,20,5,1906
2011,10,20,6,1862
2011,10,20,7,1774
2011,10,20,8,1680
2011,10,20,9,1623
2011,10,20,10,1624
2011,10,20,11,1674
2011,10,20,12,1760
2011,10,20,13,1859
2011,10,20,14,1954
2011,10,20,15,2017
2011,10,20,16,2071
2011,10,20,17,2090
2011,10,20,18,2062
2011,10,20,19,1985
2011,10,20,20,1878
2011,10,20,21,1755
2011,10,20,22,1640
2011,10,20,23,1579
2011,10,21,0,1575
2011,10,21,1,1600
2011,10,21,2,1660
2011,10,21,3,1729
2011,10,21,4,1805
2011,10,21,5,1867
2011,10,21,6,1898
2011,10,21,7,1871
2011,10,21,8,1796
2011,10,21,9,1736
2011,10,21,10,1695
2011,10,21,11,1677
2011,10,21,12,1694
2011,10,21,13,1737
2011,10,21,14,1798
2011,10,21,15,1875
2011,10,21,16,1957
2011,10,21,17,2028
2011,10,21,18,2059
2011,10,21,19,2041
2011,10,21,20,1979
2011,10,21,21,1878
2011,10,21,22,1761
2011,10,21,23,1656
2011,10,22,0,1572
2011,10,22,1,1528
2011,10,22,2,1530
2011,10,22,3,1594
2011,10,22,4,1688
2011,10,22,5,1803
2011,10,22,6,1910
2011,10,22,7,1964
2011,10,22,8,1962
2011,10,22,9,1919
2011,10,22,10,1839
2011,10,22,11,1739
2011,10,22,12,1661
2011,10,22,13,1626
2011,10,22,14,1640
2011,10,22,15,1704
2011,10,22,16,1809
2011,10,22,17,1937
2011,10,22,18,2044
2011,10,22,19,2104
2011,10,22,20,2112
2011,10,22,21,2048
2011,10,22,22,1928
2011,10,22,23,1785
2011,10,23,0,1636
2011,10,23,1,1520
2011,10,23,2,1462
2011,10,23,3,1480
2011,10,23,4,1579
2011,10,23,5,1743
2011,10,23,6,1932
2011,10,23,7,2078
2011,10,23,8,2159
2011,10,23,9,2162
2011,10,23,10,2086
2011,10,23,11,1954
2011,10,23,12,1803
2011,10,23,13,1669
2011,10,23,14,1595
2011,10,23,15,1585
2011,10,23,16,1643
2011,10,23,17,1764
2011,10,23,18,1925
2011,10,23,19,2081
2011,10,23,20,2189
2011,10,23,21,2211
2011,10,23,22,2135
2011,10,23,23,1983
2011,10,24,0,1784
2011,10,24,1,1584
2011,10,24,2,1437
2011,10,24,3,1382
2011,10,24,4,1431
2011,10,24,5,1591
2011,10,24,6,1812
2011,10,24,7,2033
2011,10,24,8,2210
2011,10,24,9,2319
2011,10,24,10,2323
2011,10,24,11,2196
2011,10,24,12,2005
2011,10,24,13,1774
2011,10,24,14,1584
2011,10,24,15,1481
2011,10,24,16,1494
2011,10,24,17,1597
2011,10,24,18,1760
2011,10,24,19,1956
2011,10,24,20,2135
2011,10,24,21,2251
2011,10,24,22,2278
2011,10,24,23,2182
2011,10,25,0,1976
2011,10,25,1,1723
2011,10,25,2,1497
2011,10,25,3,1353
2011,10,25,4,1328
2011,10,25,5,1429
2011,10,25,6,1637
2011,10,25,7,1898
2011,10,25,8,2167
2011,10,25,9,2391
2011,10,25,10,2495
2011,10,25,11,2444
2011,10,25,12,2258
2011,10,25,13,1998
2011,10,25,14,1722
2011,10,25,15,1504
2011,10,25,16,1400
2011,10,25,17,1411
2011,10,25,18,1524
2011,10,25,19,1716
2011,10,25,20,1944
2011,10,25,21,2145
2011,10,25,22,2275
2011,10,25,23,2294
2011,10,26,0,2166
2011,10,26,1,1917
2011,10,26,2,1625
2011,10,26,3,1381
2011,10,26,4,1268
2011,10,26,5,1303
2011,10,26,6,1459
2011,10,26,7,1725
2011,10,26,8,2030
2011,10,26,9,2315
2011,10,26,10,2524
2011,10,26,11,2584
2011,10,26,12,2491
2011,10,26,13,2255
2011,10,26,14,1919
2011,10,26,15,1621
2011,10,26,16,1357
2011,10,26,17,1272
2011,10,26,18,1302
2011,10,26,19,1455
2011,10,26,20,1696
2011,10,26,21,1934
2011,10,26,22,2144
2011,10,26,23,2247
2011,10,27,0,2235
2011,10,27,1,2073
2011,10,27,2,1800
2011,10,27,3,1503
2011,10,27,4,1275
2011,10,27,5,1194
2011,10,27,6,1282
2011,10,27,7,1504
2011,10,27,8,1809
2011,10,27,9,2138
2011,10,27,10,2422
2011,10,27,11,2592
2011,10,27,12,2633
2011,10,27,13,2483
2011,10,27,14,2215
2011,10,27,15,1829
2011,10,27,16,1478
2011,10,27,17,1266
2011,10,27,18,1218
2011,10,27,19,1280
2011,10,27,20,1454
2011,10,27,21,1684
2011,10,27,22,1929
2011,10,27,23,2141
2011,10,28,0,2248
2011,10,28,1,2205
2011,10,28,2,2003
2011,10,28,3,1708
2011,10,28,4,1423
2011,10,28,5,1246
2011,10,28,6,1241
2011,10,28,7,1387
2011,10,28,8,1630
2011,10,28,9,1942
2011,10,28,10,2247
2011,10,28,11,2493
2011,10,28,12,2623
2011,10,28,13,2643
2011,10,28,14,2481
2011,10,28,15,2189
2011,10,28,16,1757
2011,10,28,17,1428
2011,10,28,18,1216
2011,10,28,19,1187
2011,10,28,20,1309
2011,10,28,21,1520
2011,10,28,22,1757
2011,10,28,23,1981
2011,10,29,0,2156
2011,10,29,1,2229
2011,10,29,2,2160
2011,10,29,3,1941
2011,10,29,4,1641
2011,10,29,5,1373
2011,10,29,6,1245
2011,10,29,7,1287
2011,10,29,8,1459
2011,10,29,9,1733
2011,10,29,10,2040
2011,10,29,11,2312
2011,10,29,12,2511
2011,10,29,13,2616
2011,10,29,14,2588
2011,10,29,15,2390
2011,10,29,16,2083
2011,10,29,17,1676
2011,10,29,18,1372
2011,10,29,19,1238
2011,10,29,20,1257
2011,10,29,21,1382
2011,10,29,22,1572
2011,10,29,23,1784
2011,10,30,0,1978
2011,10,30,1,2115
2011,10,30,2,2159
2011,10,30,3,2066
2011,10,30,4,1839
2011,10,30,5,1575
2011,10,30,6,1372
2011,10,30,7,1301
2011,10,30,8,1372
2011,10,30,9,1564
2011,10,30,10,1818
2011,10,30,11,2079
2011,10,30,12,2306
2011,10,30,13,2462
2011,10,30,14,2526
2011,10,30,15,2469
2011,10,30,16,2274
2011,10,30,17,1965
2011,10,30,18,1630
2011,10,30,19,1391
2011,10,30,20,1303
2011,10,30,21,1346
2011,10,30,22,1477
2011,10,30,23,1635
2011,10,31,0,1793
2011,10,31,1,1930
2011,10,31,2,2022
2011,10,31,3,2043
2011,10,31,4,1953
2011,10,31,5,1762
2011,10,31,6,1543
2011,10,31,7,1391
2011,10,31,8,1367
2011,10,31,9,1466
2011,10,31,10,1646
2011,10,31,11,1854
2011,10,31,12,2048
2011,10,31,13,2204
2011,10,31,14,2335
2011,10,31,15,2371
2011,10,31,16,2296
2011,10,31,17,2101
2011,10,31,18,1831
2011,10,31,19,1581
2011,10,31,20,1432
2011,10,31,21,1396
2011,10,31,22,1455
2011,10,31,23,1563
2011,11,1,0,1688
2011,11,1,1,1811
2011,11,1,2,1913
2011,11,1,3,1994
2011,11,1,4,2000
2011,11,1,5,1906
2011,11,1,6,1743
2011,11,1,7,1583
2011,11,1,8,1494
2011,11,1,9,1514
2011,11,1,10,1609
2011,11,1,11,1747
2011,11,1,12,1913
2011,11,1,13,2073
2011,11,1,14,2189
2011,11,1,15,2266
2011,11,1,16,2289
2011,11,1,17,2209
2011,11,1,18,2025
2011,11,1,19,1797
2011,11,1,20,1621
2011,11,1,21,1517
2011,11,1,22,1491
2011,11,1,23,1531
2011,11,2,0,1609
2011,11,2,1,1701
2011,11,2,2,1793
2011,11,2,3,1894
2011,11,2,4,1976
2011,11,2,5,1992
2011,11,2,6,1927
2011,11,2,7,1802
2011,11,2,8,1677
2011,11,2,9,1607
2011,11,2,10,1620
2011,11,2,11,1696
2011,11,2,12,1803
2011,11,2,13,1905
2011,11,2,14,1996
2011,11,2,15,2099
2011,11,2,16,2161
2011,11,2,17,2193
2011,11,2,18,2126
2011,11,2,19,1985
2011,11,2,20,1812
2011,11,2,21,1667
2011,11,2,22,1593
2011,11,2,23,1584
2011,11,3,0,1625
2011,11,3,1,1682
2011,11,3,2,1745
2011,11,3,3,1822
2011,11,3,4,1918
2011,11,3,5,2003
2011,11,3,6,2041
2011,11,3,7,2005
2011,11,3,8,1892
2011,11,3,9,1783
2011,11,3,10,1727
2011,11,3,11,1722
2011,11,3,12,1768
2011,11,3,13,1837
2011,11,3,14,1896
2011,11,3,15,1958
2011,11,3,16,2028
2011,11,3,17,2097
2011,11,3,18,2143
2011,11,3,19,2117
2011,11,3,20,2029
2011,11,3,21,1895
2011,11,3,22,1770
2011,11,3,23,1699
2011,11,4,0,1671
2011,11,4,1,1675
2011,11,4,2,1706
2011,11,4,3,1762
2011,11,4,4,1853
2011,11,4,5,1963
2011,11,4,6,2062
2011,11,4,7,2114
2011,11,4,8,2092
2011,11,4,9,2012
2011,11,4,10,1922
2011,11,4,11,1845
2011,11,4,12,1810
2011,11,4,13,1808
2011,11,4,14,1824
2011,11,4,15,1870
2011,11,4,16,1947
2011,11,4,17,2039
2011,11,4,18,2125
2011,11,4,19,2167
2011,11,4,20,2144
2011,11,4,21,2059
2011,11,4,22,1948
2011,11,4,23,1838
2011,11,5,0,1751
2011,11,5,1,1700
2011,11,5,2,1688
2011,11,5,3,1719
2011,11,5,4,1801
2011,11,5,5,1919
2011,11,5,6,2049
2011,11,5,7,2175
2011,11,5,8,2232
2011,11,5,9,2209
2011,11,5,10,2122
2011,11,5,11,2007
2011,11,5,12,1901
2011,11,5,13,1819
2011,11,5,14,1779
2011,11,5,15,1784
2011,11,5,16,1841
2011,11,5,17,1928
2011,11,5,18,2027
2011,11,5,19,2111
2011,11,5,20,2166
2011,11,5,21,2162
2011,11,5,22,2097
2011,11,5,23,1986
2011,11,6,0,1863
2011,11,6,1,1745
2011,11,6,2,1670
2011,11,6,3,1661
2011,11,6,4,1727
2011,11,6,5,1856
2011,11,6,6,2000
2011,11,6,7,2158
2011,11,6,8,2281
2011,11,6,9,2331
2011,11,6,10,2300
2011,11,6,11,2191
2011,11,6,12,2051
2011,11,6,13,1932
2011,11,6,14,1820
2011,11,6,15,1762
2011,11,6,16,1772
2011,11,6,17,1827
2011,11,6,18,1917
2011,11,6,19,2031
2011,11,6,20,2140
2011,11,6,21,2196
2011,11,6,22,2182
2011,11,6,23,2091
2011,11,7,0,1945
2011,11,7,1,1785
2011,11,7,2,1660
2011,11,7,3,1622
2011,11,7,4,1665
2011,11,7,5,1781
2011,11,7,6,1947
2011,11,7,7,2129
2011,11,7,8,2289
2011,11,7,9,2403
2011,11,7,10,2431
2011,11,7,11,2357
2011,11,7,12,2208
2011,11,7,13,2010
2011,11,7,14,1839
2011,11,7,15,1717
2011,11,7,16,1686
2011,11,7,17,1729
2011,11,7,18,1799
2011,11,7,19,1921
2011,11,7,20,2033
2011,11,7,21,2157
2011,11,7,22,2220
2011,11,7,23,2183
2011,11,8,0,2043
2011,11,8,1,1848
2011,11,8,2,1673
2011,11,8,3,1578
2011,11,8,4,1580
2011,11,8,5,1669
2011,11,8,6,1817
2011,11,8,7,2001
2011,11,8,8,2194
2011,11,8,9,2355
2011,11,8,10,2446
2011,11,8,11,2438
2011,11,8,12,2317
2011,11,8,13,2158
2011,11,8,14,1928
2011,11,8,15,1736
2011,11,8,16,1637
2011,11,8,17,1622
2011,11,8,18,1665
2011,11,8,19,1764
2011,11,8,20,1907
2011,11,8,21,2062
2011,11,8,22,2166
2011,11,8,23,2191
2011,11,9,0,2101
2011,11,9,1,1927
2011,11,9,2,1721
2011,11,9,3,1571
2011,11,9,4,1527
2011,11,9,5,1587
2011,11,9,6,1723
2011,11,9,7,1903
2011,11,9,8,2102
2011,11,9,9,2308
2011,11,9,10,2461
2011,11,9,11,2511
2011,11,9,12,2441
2011,11,9,13,2264
2011,11,9,14,2035
2011,11,9,15,1811
2011,11,9,16,1648
2011,11,9,17,1572
2011,11,9,18,1584
2011,11,9,19,1673
2011,11,9,20,1828
2011,11,9,21,1996
2011,11,9,22,2135
2011,11,9,23,2201
2011,11,10,0,2164
2011,11,10,1,2034
2011,11,10,2,1844
2011,11,10,3,1664
2011,11,10,4,1548
2011,11,10,5,1536
2011,11,10,6,1632
2011,11,10,7,1796
2011,11,10,8,2014
2011,11,10,9,2255
2011,11,10,10,2440
2011,11,10,11,2530
2011,11,10,12,2494
2011,11,10,13,2375
2011,11,10,14,2147
2011,11,10,15,1913
2011,11,10,16,1695
2011,11,10,17,1546
2011,11,10,18,1503
2011,11,10,19,1550
2011,11,10,20,1680
2011,11,10,21,1851
2011,11,10,22,2013
2011,11,10,23,2123
2011,11,11,0,2142
2011,11,11,1,2055
2011,11,11,2,1883
2011,11,11,3,1686
2011,11,11,4,1525
2011,11,11,5,1462
2011,11,11,6,1521
2011,11,11,7,1678
2011,11,11,8,1891
2011,11,11,9,2125
2011,11,11,10,2334
2011,11,11,11,2466
2011,11,11,12,2489
2011,11,11,13,2402
2011,11,11,14,2214
2011,11,11,15,1967
2011,11,11,16,1730
2011,11,11,17,1550
2011,11,11,18,1463
2011,11,11,19,1478
2011,11,11,20,1582
2011,11,11,21,1734
2011,11,11,22,1888
2011,11,11,23,2023
2011,11,12,0,2087
2011,11,12,1,2045
2011,11,12,2,1913
2011,11,12,3,1707
2011,11,12,4,1505
2011,11,12,5,1388
2011,11,12,6,1400
2011,11,12,7,1538
2011,11,12,8,1750
2011,11,12,9,2001
2011,11,12,10,2230
2011,11,12,11,2388
2011,11,12,12,2458
2011,11,12,13,2428
2011,11,12,14,2295
2011,11,12,15,2072
2011,11,12,16,1808
2011,11,12,17,1578
2011,11,12,18,1452
2011,11,12,19,1438
2011,11,12,20,1523
2011,11,12,21,1664
2011,11,12,22,1833
2011,11,12,23,1981
2011,11,13,0,2080
2011,11,13,1,2100
2011,11,13,2,2015
2011,11,13,3,1845
2011,11,13,4,1642
2011,11,13,5,1482
2011,11,13,6,1420
2011,11,13,7,1474
2011,11,13,8,1623
2011,11,13,9,1849
2011,11,13,10,2098
2011,11,13,11,2317
2011,11,13,12,2442
2011,11,13,13,2450
2011,11,13,14,2355
2011,11,13,15,2168
2011,11,13,16,1927
2011,11,13,17,1681
2011,11,13,18,1476
2011,11,13,19,1390
2011,11,13,20,1424
2011,11,13,21,1553
2011,11,13,22,1730
2011,11,13,23,1897
2011,11,14,0,2022
2011,11,14,1,2085
2011,11,14,2,2054
2011,11,14,3,1932
2011,11,14,4,1745
2011,11,14,5,1554
2011,11,14,6,1431
2011,11,14,7,1428
2011,11,14,8,1533
2011,11,14,9,1724
2011,11,14,10,1950
2011,11,14,11,2171
2011,11,14,12,2356
2011,11,14,13,2446
2011,11,14,14,2423
2011,11,14,15,2288
2011,11,14,16,2065
2011,11,14,17,1813
2011,11,14,18,1603
2011,11,14,19,1462
2011,11,14,20,1435
2011,11,14,21,1506
2011,11,14,22,1644
2011,11,14,23,1803
2011,11,15,0,1943
2011,11,15,1,2037
2011,11,15,2,2059
2011,11,15,3,1994
2011,11,15,4,1858
2011,11,15,5,1677
2011,11,15,6,1527
2011,11,15,7,1460
2011,11,15,8,1495
2011,11,15,9,1630
2011,11,15,10,1822
2011,11,15,11,2032
2011,11,15,12,2229
2011,11,15,13,2357
2011,11,15,14,2396
2011,11,15,15,2337
2011,11,15,16,2185
2011,11,15,17,1983
2011,11,15,18,1763
2011,11,15,19,1584
2011,11,15,20,1499
2011,11,15,21,1505
2011,11,15,22,1595
2011,11,15,23,1726
2011,11,16,0,1864
2011,11,16,1,1974
2011,11,16,2,2041
2011,11,16,3,2049
2011,11,16,4,1979
2011,11,16,5,1827
2011,11,16,6,1644
2011,11,16,7,1521
2011,11,16,8,1507
2011,11,16,9,1599
2011,11,16,10,1738
2011,11,16,11,1899
2011,11,16,12,2068
2011,11,16,13,2204
2011,11,16,14,2306
2011,11,16,15,2327
2011,11,16,16,2251
2011,11,16,17,2085
2011,11,16,18,1864
2011,11,16,19,1668
2011,11,16,20,1548
2011,11,16,21,1512
2011,11,16,22,1562
2011,11,16,23,1662
2011,11,17,0,1794
2011,11,17,1,1919
2011,11,17,2,2000
2011,11,17,3,2031
2011,11,17,4,2013
2011,11,17,5,1928
2011,11,17,6,1794
2011,11,17,7,1660
2011,11,17,8,1587
2011,11,17,9,1600
2011,11,17,10,1676
2011,11,17,11,1806
2011,11,17,12,1937
2011,11,17,13,2072
2011,11,17,14,2194
2011,11,17,15,2260
2011,11,17,16,2256
2011,11,17,17,2166
2011,11,17,18,2004
2011,11,17,19,1805
2011,11,17,20,1642
2011,11,17,21,1558
2011,11,17,22,1544
2011,11,17,23,1601
2011,11,18,0,1690
2011,11,18,1,1801
2011,11,18,2,1903
2011,11,18,3,1994
2011,11,18,4,2051
2011,11,18,5,2039
2011,11,18,6,1958
2011,11,18,7,1820
2011,11,18,8,1688
2011,11,18,9,1621
2011,11,18,10,1629
2011,11,18,11,1694
2011,11,18,12,1789
2011,11,18,13,1900
2011,11,18,14,2021
2011,11,18,15,2130
2011,11,18,16,2191
2011,11,18,17,2193
2011,11,18,18,2113
2011,11,18,19,1968
2011,11,18,20,1798
2011,11,18,21,1654
2011,11,18,22,1580
2011,11,18,23,1566
2011,11,19,0,1611
2011,11,19,1,1708
2011,11,19,2,1813
2011,11,19,3,1920
2011,11,19,4,2015
2011,11,19,5,2078
2011,11,19,6,2086
2011,11,19,7,2013
2011,11,19,8,1886
2011,11,19,9,1761
2011,11,19,10,1681
2011,11,19,11,1669
2011,11,19,12,1706
2011,11,19,13,1773
2011,11,19,14,1859
2011,11,19,15,1952
2011,11,19,16,2045
2011,11,19,17,2114
2011,11,19,18,2124
2011,11,19,19,2059
2011,11,19,20,1923
2011,11,19,21,1760
2011,11,19,22,1626
2011,11,19,23,1548
2011,11,20,0,1530
2011,11,20,1,1575
2011,11,20,2,1650
2011,11,20,3,1756
2011,11,20,4,1893
2011,11,20,5,2037
2011,11,20,6,2146
2011,11,20,7,2177
2011,11,20,8,2114
2011,11,20,9,1989
2011,11,20,10,1854
2011,11,20,11,1745
2011,11,20,12,1682
2011,11,20,13,1666
2011,11,20,14,1702
2011,11,20,15,1775
2011,11,20,16,1884
2011,11,20,17,1998
2011,11,20,18,2086
2011,11,20,19,2103
2011,11,20,20,2050
2011,11,20,21,1935
2011,11,20,22,1793
2011,11,20,23,1659
2011,11,21,0,1554
2011,11,21,1,1513
2011,11,21,2,1531
2011,11,21,3,1614
2011,11,21,4,1754
2011,11,21,5,1946
2011,11,21,6,2149
2011,11,21,7,2295
2011,11,21,8,2331
2011,11,21,9,2252
2011,11,21,10,2099
2011,11,21,11,1934
2011,11,21,12,1788
2011,11,21,13,1678
2011,11,21,14,1623
2011,11,21,15,1628
2011,11,21,16,1692
2011,11,21,17,1824
2011,11,21,18,1962
2011,11,21,19,2073
2011,11,21,20,2119
2011,11,21,21,2069
2011,11,21,22,1958
2011,11,21,23,1802
2011,11,22,0,1641
2011,11,22,1,1521
2011,11,22,2,1453
2011,11,22,3,1477
2011,11,22,4,1591
2011,11,22,5,1778
2011,11,22,6,2014
2011,11,22,7,2226
2011,11,22,8,2383
2011,11,22,9,2414
2011,11,22,10,2318
2011,11,22,11,2141
2011,11,22,12,1925
2011,11,22,13,1729
2011,11,22,14,1566
2011,11,22,15,1490
2011,11,22,16,1481
2011,11,22,17,1555
2011,11,22,18,1672
2011,11,22,19,1865
2011,11,22,20,2002
2011,11,22,21,2072
2011,11,22,22,2035
2011,11,22,23,1913
2011,11,23,0,1734
2011,11,23,1,1556
2011,11,23,2,1410
2011,11,23,3,1348
2011,11,23,4,1404
2011,11,23,5,1560
2011,11,23,6,1805
2011,11,23,7,2084
2011,11,23,8,2330
2011,11,23,9,2492
2011,11,23,10,2518
2011,11,23,11,2407
2011,11,23,12,2185
2011,11,23,13,1911
2011,11,23,14,1661
2011,11,23,15,1485
2011,11,23,16,1405
2011,11,23,17,1425
2011,11,23,18,1530
2011,11,23,19,1685
2011,11,23,20,1870
2011,11,23,21,2024
2011,11,23,22,2112
2011,11,23,23,2097
2011,11,24,0,1959
2011,11,24,1,1744
2011,11,24,2,1505
2011,11,24,3,1338
2011,11,24,4,1310
2011,11,24,5,1417
2011,11,24,6,1636
2011,11,24,7,1913
2011,11,24,8,2197
2011,11,24,9,2451
2011,11,24,10,2597
2011,11,24,11,2597
2011,11,24,12,2443
2011,11,24,13,2170
2011,11,24,14,1862
2011,11,24,15,1576
2011,11,24,16,1380
2011,11,24,17,1306
2011,11,24,18,1330
2011,11,24,19,1452
2011,11,24,20,1644
2011,11,24,21,1850
2011,11,24,22,2029
2011,11,24,23,2116
2011,11,25,0,2054
2011,11,25,1,1861
2011,11,25,2,1614
2011,11,25,3,1383
2011,11,25,4,1250
2011,11,25,5,1265
2011,11,25,6,1411
2011,11,25,7,1650
2011,11,25,8,1945
2011,11,25,9,2250
2011,11,25,10,2506
2011,11,25,11,2642
2011,11,25,12,2619
2011,11,25,13,2410
2011,11,25,14,2084
2011,11,25,15,1737
2011,11,25,16,1443
2011,11,25,17,1267
2011,11,25,18,1227
2011,11,25,19,1294
2011,11,25,20,1454
2011,11,25,21,1673
2011,11,25,22,1911
2011,11,25,23,2087
2011,11,26,0,2143
2011,11,26,1,2040
2011,11,26,2,1811
2011,11,26,3,1533
2011,11,26,4,1314
2011,11,26,5,1220
2011,11,26,6,1283
2011,11,26,7,1465
2011,11,26,8,1717
2011,11,26,9,2005
2011,11,26,10,2294
2011,11,26,11,2531
2011,11,26,12,2653
2011,11,26,13,2607
2011,11,26,14,2373
2011,11,26,15,2016
2011,11,26,16,1647
2011,11,26,17,1360
2011,11,26,18,1211
2011,11,26,19,1216
2011,11,26,20,1337
2011,11,26,21,1521
2011,11,26,22,1731
2011,11,26,23,1921
2011,11,27,0,2052
2011,11,27,1,2093
2011,11,27,2,1998
2011,11,27,3,1782
2011,11,27,4,1515
2011,11,27,5,1295
2011,11,27,6,1218
2011,11,27,7,1305
2011,11,27,8,1506
2011,11,27,9,1766
2011,11,27,10,2030
2011,11,27,11,2294
2011,11,27,12,2496
2011,11,27,13,2592
2011,11,27,14,2536
2011,11,27,15,2289
2011,11,27,16,1927
2011,11,27,17,1573
2011,11,27,18,1330
2011,11,27,19,1237
2011,11,27,20,1269
2011,11,27,21,1377
2011,11,27,22,1548
2011,11,27,23,1744
2011,11,28,0,1931
2011,11,28,1,2070
2011,11,28,2,2087
2011,11,28,3,1963
2011,11,28,4,1747
2011,11,28,5,1508
2011,11,28,6,1346
2011,11,28,7,1313
2011,11,28,8,1411
2011,11,28,9,1597
2011,11,28,10,1821
2011,11,28,11,2054
2011,11,28,12,2261
2011,11,28,13,2426
2011,11,28,14,2499
2011,11,28,15,2423
2011,11,28,16,2188
2011,11,28,17,1856
2011,11,28,18,1535
2011,11,28,19,1340
2011,11,28,20,1298
2011,11,28,21,1354
2011,11,28,22,1481
2011,11,28,23,1640
2011,11,29,0,1812
2011,11,29,1,1984
2011,11,29,2,2084
2011,11,29,3,2074
2011,11,29,4,1942
2011,11,29,5,1736
2011,11,29,6,1553
2011,11,29,7,1436
2011,11,29,8,1428
2011,11,29,9,1531
2011,11,29,10,1699
2011,11,29,11,1902
2011,11,29,12,2084
2011,11,29,13,2244
2011,11,29,14,2357
2011,11,29,15,2376
2011,11,29,16,2270
2011,11,29,17,2031
2011,11,29,18,1725
2011,11,29,19,1466
2011,11,29,20,1330
2011,11,29,21,1343
2011,11,29,22,1451
2011,11,29,23,1578
2011,11,30,0,1710
2011,11,30,1,1840
2011,11,30,2,1964
2011,11,30,3,2037
2011,11,30,4,2027
2011,11,30,5,1912
2011,11,30,6,1730
2011,11,30,7,1553
2011,11,30,8,1471
2011,11,30,9,1506
2011,11,30,10,1621
2011,11,30,11,1773
2011,11,30,12,1933
2011,11,30,13,2088
2011,11,30,14,2210
2011,11,30,15,2275
2011,11,30,16,2257
2011,11,30,17,2136
2011,11,30,18,1917
2011,11,30,19,1663
2011,11,30,20,1467
2011,11,30,21,1396
2011,11,30,22,1432
2011,11,30,23,1529
2011,12,1,0,1647
2011,12,1,1,1763
2011,12,1,2,1866
2011,12,1,3,1961
2011,12,1,4,2047
2011,12,1,5,2060
2011,12,1,6,1963
2011,12,1,7,1805
2011,12,1,8,1670
2011,12,1,9,1620
2011,12,1,10,1652
2011,12,1,11,1739
2011,12,1,12,1856
2011,12,1,13,1986
2011,12,1,14,2092
2011,12,1,15,2171
2011,12,1,16,2215
2011,12,1,17,2198
2011,12,1,18,2087
2011,12,1,19,1908
2011,12,1,20,1725
2011,12,1,21,1590
2011,12,1,22,1541
2011,12,1,23,1567
2011,12,2,0,1641
2011,12,2,1,1724
2011,12,2,2,1816
2011,12,2,3,1913
2011,12,2,4,2020
2011,12,2,5,2088
2011,12,2,6,2080
2011,12,2,7,1993
2011,12,2,8,1852
2011,12,2,9,1739
2011,12,2,10,1700
2011,12,2,11,1713
2011,12,2,12,1768
2011,12,2,13,1853
2011,12,2,14,1950
2011,12,2,15,2021
2011,12,2,16,2081
2011,12,2,17,2128
2011,12,2,18,2102
2011,12,2,19,2009
2011,12,2,20,1840
2011,12,2,21,1698
2011,12,2,22,1590
2011,12,2,23,1557
2011,12,3,0,1605
2011,12,3,1,1671
2011,12,3,2,1737
2011,12,3,3,1830
2011,12,3,4,1924
2011,12,3,5,2040
2011,12,3,6,2116
2011,12,3,7,2097
2011,12,3,8,1991
2011,12,3,9,1872
2011,12,3,10,1774
2011,12,3,11,1745
2011,12,3,12,1759
2011,12,3,13,1803
2011,12,3,14,1854
2011,12,3,15,1904
2011,12,3,16,1964
2011,12,3,17,2026
2011,12,3,18,2047
2011,12,3,19,2006
2011,12,3,20,1911
2011,12,3,21,1791
2011,12,3,22,1683
2011,12,3,23,1617
2011,12,4,0,1602
2011,12,4,1,1633
2011,12,4,2,1703
2011,12,4,3,1796
2011,12,4,4,1903
2011,12,4,5,2021
2011,12,4,6,2126
2011,12,4,7,2178
2011,12,4,8,2160
2011,12,4,9,2072
2011,12,4,10,1954
2011,12,4,11,1849
2011,12,4,12,1791
2011,12,4,13,1775
2011,12,4,14,1782
2011,12,4,15,1813
2011,12,4,16,1862
2011,12,4,17,1926
2011,12,4,18,1984
2011,12,4,19,2008
2011,12,4,20,1983
2011,12,4,21,1905
2011,12,4,22,1795
2011,12,4,23,1684
2011,12,5,0,1614
2011,12,5,1,1604
2011,12,5,2,1646
2011,12,5,3,1705
2011,12,5,4,1793
2011,12,5,5,1916
2011,12,5,6,2054
2011,12,5,7,2166
2011,12,5,8,2224
2011,12,5,9,2207
2011,12,5,10,2121
2011,12,5,11,1998
2011,12,5,12,1886
2011,12,5,13,1811
2011,12,5,14,1774
2011,12,5,15,1771
2011,12,5,16,1803
2011,12,5,17,1853
2011,12,5,18,1931
2011,12,5,19,1987
2011,12,5,20,2018
2011,12,5,21,2006
2011,12,5,22,1951
2011,12,5,23,1850
2011,12,6,0,1736
2011,12,6,1,1652
2011,12,6,2,1620
2011,12,6,3,1645
2011,12,6,4,1723
2011,12,6,5,1864
2011,12,6,6,2035
2011,12,6,7,2195
2011,12,6,8,2299
2011,12,6,9,2330
2011,12,6,10,2285
2011,12,6,11,2181
2011,12,6,12,2041
2011,12,6,13,1911
2011,12,6,14,1807
2011,12,6,15,1751
2011,12,6,16,1749
2011,12,6,17,1797
2011,12,6,18,1861
2011,12,6,19,1937
2011,12,6,20,2005
2011,12,6,21,2052
2011,12,6,22,2035
2011,12,6,23,1956
2011,12,7,0,1829
2011,12,7,1,1703
2011,12,7,2,1612
2011,12,7,3,1595
2011,12,7,4,1658
2011,12,7,5,1782
2011,12,7,6,1952
2011,12,7,7,2129
2011,12,7,8,2282
2011,12,7,9,2380
2011,12,7,10,2400
2011,12,7,11,2336
2011,12,7,12,2195
2011,12,7,13,2022
2011,12,7,14,1868
2011,12,7,15,1751
2011,12,7,16,1696
2011,12,7,17,1697
2011,12,7,18,1749
2011,12,7,19,1845
2011,12,7,20,1961
2011,12,7,21,2051
2011,12,7,22,2088
2011,12,7,23,2049
2011,12,8,0,1939
2011,12,8,1,1795
2011,12,8,2,1655
2011,12,8,3,1568
2011,12,8,4,1584
2011,12,8,5,1701
2011,12,8,6,1877
2011,12,8,7,2055
2011,12,8,8,2226
2011,12,8,9,2367
2011,12,8,10,2446
2011,12,8,11,2446
2011,12,8,12,2348
2011,12,8,13,2171
2011,12,8,14,1981
2011,12,8,15,1778
2011,12,8,16,1669
2011,12,8,17,1624
2011,12,8,18,1659
2011,12,8,19,1753
2011,12,8,20,1868
2011,12,8,21,1985
2011,12,8,22,2078
2011,12,8,23,2105
2011,12,9,0,2042
2011,12,9,1,1904
2011,12,9,2,1737
2011,12,9,3,1592
2011,12,9,4,1533
2011,12,9,5,1593
2011,12,9,6,1737
2011,12,9,7,1934
2011,12,9,8,2151
2011,12,9,9,2348
2011,12,9,10,2490
2011,12,9,11,2545
2011,12,9,12,2498
2011,12,9,13,2334
2011,12,9,14,2113
2011,12,9,15,1856
2011,12,9,16,1691
2011,12,9,17,1599
2011,12,9,18,1597
2011,12,9,19,1665
2011,12,9,20,1772
2011,12,9,21,1909
2011,12,9,22,2047
2011,12,9,23,2132
2011,12,10,0,2126
2011,12,10,1,2014
2011,12,10,2,1823
2011,12,10,3,1628
2011,12,10,4,1504
2011,12,10,5,1501
2011,12,10,6,1613
2011,12,10,7,1810
2011,12,10,8,2044
2011,12,10,9,2266
2011,12,10,10,2452
2011,12,10,11,2564
2011,12,10,12,2577
2011,12,10,13,2478
2011,12,10,14,2286
2011,12,10,15,2038
2011,12,10,16,1797
2011,12,10,17,1631
2011,12,10,18,1573
2011,12,10,19,1611
2011,12,10,20,1720
2011,12,10,21,1869
2011,12,10,22,2016
2011,12,10,23,2131
2011,12,11,0,2175
2011,12,11,1,2122
2011,12,11,2,1950
2011,12,11,3,1729
2011,12,11,4,1551
2011,12,11,5,1480
2011,12,11,6,1543
2011,12,11,7,1702
2011,12,11,8,1919
2011,12,11,9,2161
2011,12,11,10,2377
2011,12,11,11,2535
2011,12,11,12,2606
2011,12,11,13,2577
2011,12,11,14,2438
2011,12,11,15,2205
2011,12,11,16,1933
2011,12,11,17,1706
2011,12,11,18,1568
2011,12,11,19,1533
2011,12,11,20,1620
2011,12,11,21,1771
2011,12,11,22,1942
2011,12,11,23,2079
2011,12,12,0,2154
2011,12,12,1,2125
2011,12,12,2,2014
2011,12,12,3,1824
2011,12,12,4,1624
2011,12,12,5,1481
2011,12,12,6,1465
2011,12,12,7,1580
2011,12,12,8,1782
2011,12,12,9,2015
2011,12,12,10,2242
2011,12,12,11,2432
2011,12,12,12,2557
2011,12,12,13,2590
2011,12,12,14,2504
2011,12,12,15,2304
2011,12,12,16,2022
2011,12,12,17,1750
2011,12,12,18,1555
2011,12,12,19,1474
2011,12,12,20,1504
2011,12,12,21,1628
2011,12,12,22,1796
2011,12,12,23,1962
2011,12,13,0,2090
2011,12,13,1,2146
2011,12,13,2,2102
2011,12,13,3,1958
2011,12,13,4,1756
2011,12,13,5,1568
2011,12,13,6,1466
2011,12,13,7,1493
2011,12,13,8,1634
2011,12,13,9,1859
2011,12,13,10,2116
2011,12,13,11,2349
2011,12,13,12,2524
2011,12,13,13,2603
2011,12,13,14,2578
2011,12,13,15,2441
2011,12,13,16,2207
2011,12,13,17,1933
2011,12,13,18,1684
2011,12,13,19,1526
2011,12,13,20,1498
2011,12,13,21,1571
2011,12,13,22,1723
2011,12,13,23,1904
2011,12,14,0,2086
2011,12,14,1,2178
2011,12,14,2,2190
2011,12,14,3,2096
2011,12,14,4,1927
2011,12,14,5,1736
2011,12,14,6,1588
2011,12,14,7,1534
2011,12,14,8,1592
2011,12,14,9,1741
2011,12,14,10,1943
2011,12,14,11,2179
2011,12,14,12,2406
2011,12,14,13,2558
2011,12,14,14,2607
2011,12,14,15,2526
2011,12,14,16,2329
2011,12,14,17,2065
2011,12,14,18,1795
2011,12,14,19,1587
2011,12,14,20,1483
2011,12,14,21,1488
2011,12,14,22,1588
2011,12,14,23,1739
2011,12,15,0,1899
2011,12,15,1,2046
2011,12,15,2,2131
2011,12,15,3,2127
2011,12,15,4,2025
2011,12,15,5,1858
2011,12,15,6,1680
2011,12,15,7,1552
2011,12,15,8,1531
2011,12,15,9,1616
2011,12,15,10,1792
2011,12,15,11,2013
2011,12,15,12,2226
2011,12,15,13,2390
2011,12,15,14,2485
2011,12,15,15,2487
2011,12,15,16,2379
2011,12,15,17,2189
2011,12,15,18,1940
2011,12,15,19,1723
2011,12,15,20,1551
2011,12,15,21,1493
2011,12,15,22,1529
2011,12,15,23,1644
2011,12,16,0,1808
2011,12,16,1,1988
2011,12,16,2,2115
2011,12,16,3,2165
2011,12,16,4,2140
2011,12,16,5,2028
2011,12,16,6,1867
2011,12,16,7,1701
2011,12,16,8,1592
2011,12,16,9,1597
2011,12,16,10,1688
2011,12,16,11,1841
2011,12,16,12,2027
2011,12,16,13,2202
2011,12,16,14,2339
2011,12,16,15,2409
2011,12,16,16,2375
2011,12,16,17,2249
2011,12,16,18,2059
2011,12,16,19,1854
2011,12,16,20,1659
2011,12,16,21,1527
2011,12,16,22,1500
2011,12,16,23,1570
2011,12,17,0,1714
2011,12,17,1,1890
2011,12,17,2,2048
2011,12,17,3,2162
2011,12,17,4,2213
2011,12,17,5,2174
2011,12,17,6,2060
2011,12,17,7,1910
2011,12,17,8,1781
2011,12,17,9,1711
2011,12,17,10,1710
2011,12,17,11,1783
2011,12,17,12,1909
2011,12,17,13,2063
2011,12,17,14,2215
2011,12,17,15,2325
2011,12,17,16,2368
2011,12,17,17,2334
2011,12,17,18,2213
2011,12,17,19,2028
2011,12,17,20,1831
2011,12,17,21,1668
2011,12,17,22,1574
2011,12,17,23,1567
2011,12,18,0,1643
2011,12,18,1,1777
2011,12,18,2,1934
2011,12,18,3,2074
2011,12,18,4,2183
2011,12,18,5,2249
2011,12,18,6,2237
2011,12,18,7,2135
2011,12,18,8,1984
2011,12,18,9,1849
2011,12,18,10,1769
2011,12,18,11,1768
2011,12,18,12,1826
2011,12,18,13,1918
2011,12,18,14,2030
2011,12,18,15,2144
2011,12,18,16,2228
2011,12,18,17,2268
2011,12,18,18,2229
2011,12,18,19,2107
2011,12,18,20,1944
2011,12,18,21,1787
2011,12,18,22,1663
2011,12,18,23,1584
2011,12,19,0,1577
2011,12,19,1,1651
2011,12,19,2,1781
2011,12,19,3,1946
2011,12,19,4,2107
2011,12,19,5,2242
2011,12,19,6,2318
2011,12,19,7,2314
2011,12,19,8,2213
2011,12,19,9,2055
2011,12,19,10,1908
2011,12,19,11,1815
2011,12,19,12,1801
2011,12,19,13,1828
2011,12,19,14,1875
2011,12,19,15,1939
2011,12,19,16,2021
2011,12,19,17,2113
2011,12,19,18,2179
2011,12,19,19,2185
2011,12,19,20,2110
2011,12,19,21,1966
2011,12,19,22,1800
2011,12,19,23,1665
2011,12,20,0,1599
2011,12,20,1,1615
2011,12,20,2,1694
2011,12,20,3,1811
2011,12,20,4,1957
2011,12,20,5,2127
2011,12,20,6,2297
2011,12,20,7,2412
2011,12,20,8,2418
2011,12,20,9,2306
2011,12,20,10,2122
2011,12,20,11,1953
2011,12,20,12,1839
2011,12,20,13,1777
2011,12,20,14,1761
2011,12,20,15,1794
2011,12,20,16,1848
2011,12,20,17,1934
2011,12,20,18,2050
2011,12,20,19,2114
2011,12,20,20,2119
2011,12,20,21,2059
2011,12,20,22,1935
2011,12,20,23,1776
2011,12,21,0,1636
2011,12,21,1,1555
2011,12,21,2,1561
2011,12,21,3,1656
2011,12,21,4,1821
2011,12,21,5,2029
2011,12,21,6,2245
2011,12,21,7,2428
2011,12,21,8,2533
2011,12,21,9,2528
2011,12,21,10,2413
2011,12,21,11,2229
2011,12,21,12,2034
2011,12,21,13,1872
2011,12,21,14,1765
2011,12,21,15,1714
2011,12,21,16,1726
2011,12,21,17,1803
2011,12,21,18,1922
2011,12,21,19,2043
2011,12,21,20,2130
2011,12,21,21,2159
2011,12,21,22,2100
2011,12,21,23,1960
2011,12,22,0,1788
2011,12,22,1,1640
2011,12,22,2,1560
2011,12,22,3,1561
2011,12,22,4,1654
2011,12,22,5,1828
2011,12,22,6,2050
2011,12,22,7,2301
2011,12,22,8,2512
2011,12,22,9,2652
2011,12,22,10,2662
2011,12,22,11,2525
2011,12,22,12,2297
2011,12,22,13,2057
2011,12,22,14,1855
2011,12,22,15,1699
2011,12,22,16,1636
2011,12,22,17,1662
2011,12,22,18,1752
2011,12,22,19,1881
2011,12,22,20,2040
2011,12,22,21,2180
2011,12,22,22,2218
2011,12,22,23,2129
2011,12,23,0,1966
2011,12,23,1,1778
2011,12,23,2,1613
2011,12,23,3,1515
2011,12,23,4,1537
2011,12,23,5,1663
2011,12,23,6,1877
2011,12,23,7,2147
2011,12,23,8,2427
2011,12,23,9,2649
2011,12,23,10,2759
2011,12,23,11,2731
2011,12,23,12,2575
2011,12,23,13,2334
2011,12,23,14,2061
2011,12,23,15,1812
2011,12,23,16,1630
2011,12,23,17,1549
2011,12,23,18,1571
2011,12,23,19,1671
2011,12,23,20,1840
2011,12,23,21,2020
2011,12,23,22,2163
2011,12,23,23,2223
2011,12,24,0,2155
2011,12,24,1,1976
2011,12,24,2,1738
2011,12,24,3,1534
2011,12,24,4,1434
2011,12,24,5,1461
2011,12,24,6,1621
2011,12,24,7,1873
2011,12,24,8,2175
2011,12,24,9,2479
2011,12,24,10,2703
2011,12,24,11,2818
2011,12,24,12,2780
2011,12,24,13,2583
2011,12,24,14,2287
2011,12,24,15,1967
2011,12,24,16,1702
2011,12,24,17,1539
2011,12,24,18,1496
2011,12,24,19,1551
2011,12,24,20,1685
2011,12,24,21,1890
2011,12,24,22,2105
2011,12,24,23,2251
2011,12,25,0,2271
2011,12,25,1,2167
2011,12,25,2,1954
2011,12,25,3,1705
2011,12,25,4,1510
2011,12,25,5,1439
2011,12,25,6,1504
2011,12,25,7,1663
2011,12,25,8,1926
2011,12,25,9,2256
2011,12,25,10,2541
2011,12,25,11,2750
2011,12,25,12,2841
2011,12,25,13,2769
2011,12,25,14,2548
2011,12,25,15,2226
2011,12,25,16,1891
2011,12,25,17,1631
2011,12,25,18,1482
2011,12,25,19,1455
2011,12,25,20,1541
2011,12,25,21,1724
2011,12,25,22,1964
2011,12,25,23,2186
2011,12,26,0,2325
2011,12,26,1,2328
2011,12,26,2,2172
2011,12,26,3,1909
2011,12,26,4,1640
2011,12,26,5,1458
2011,12,26,6,1429
2011,12,26,7,1539
2011,12,26,8,1739
2011,12,26,9,2004
2011,12,26,10,2293
2011,12,26,11,2565
2011,12,26,12,2765
2011,12,26,13,2834
2011,12,26,14,2738
2011,12,26,15,2476
2011,12,26,16,2128
2011,12,26,17,1796
2011,12,26,18,1565
2011,12,26,19,1473
2011,12,26,20,1501
2011,12,26,21,1622
2011,12,26,22,1828
2011,12,26,23,2039
2011,12,27,0,2268
2011,12,27,1,2349
2011,12,27,2,2288
2011,12,27,3,2132
2011,12,27,4,1839
2011,12,27,5,1632
2011,12,27,6,1486
2011,12,27,7,1491
2011,12,27,8,1614
2011,12,27,9,1828
2011,12,27,10,2092
2011,12,27,11,2377
2011,12,27,12,2608
2011,12,27,13,2749
2011,12,27,14,2762
2011,12,27,15,2608
2011,12,27,16,2328
2011,12,27,17,1981
2011,12,27,18,1686
2011,12,27,19,1506
2011,12,27,20,1474
2011,12,27,21,1562
2011,12,27,22,1729
2011,12,27,23,1952
2011,12,28,0,2191
2011,12,28,1,2387
2011,12,28,2,2466
2011,12,28,3,2390
2011,12,28,4,2178
2011,12,28,5,1912
2011,12,28,6,1698
2011,12,28,7,1608
2011,12,28,8,1649
2011,12,28,9,1783
2011,12,28,10,1980
2011,12,28,11,2224
2011,12,28,12,2471
2011,12,28,13,2672
2011,12,28,14,2765
2011,12,28,15,2710
2011,12,28,16,2505
2011,12,28,17,2198
2011,12,28,18,1882
2011,12,28,19,1652
2011,12,28,20,1544
2011,12,28,21,1568
2011,12,28,22,1701
2011,12,28,23,1909
2011,12,29,0,2145
2011,12,29,1,2345
2011,12,29,2,2460
2011,12,29,3,2467
2011,12,29,4,2361
2011,12,29,5,2177
2011,12,29,6,1960
2011,12,29,7,1789
2011,12,29,8,1718
2011,12,29,9,1754
2011,12,29,10,1885
2011,12,29,11,2099
2011,12,29,12,2341
2011,12,29,13,2538
2011,12,29,14,2644
2011,12,29,15,2647
2011,12,29,16,2537
2011,12,29,17,2315
2011,12,29,18,2030
2011,12,29,19,1767
2011,12,29,20,1584
2011,12,29,21,1548
2011,12,29,22,1649
2011,12,29,23,1826
2011,12,30,0,2044
2011,12,30,1,2240
2011,12,30,2,2378
2011,12,30,3,2444
2011,12,30,4,2425
2011,12,30,5,2316
2011,12,30,6,2131
2011,12,30,7,1933
2011,12,30,8,1809
2011,12,30,9,1792
2011,12,30,10,1865
2011,12,30,11,2006
2011,12,30,12,2191
2011,12,30,13,2375
2011,12,30,14,2506
2011,12,30,15,2557
2011,12,30,16,2501
2011,12,30,17,2336
2011,12,30,18,2109
2011,12,30,19,1888
2011,12,30,20,1717
2011,12,30,21,1641
2011,12,30,22,1678
2011,12,30,23,1806
2011,12,31,0,1979
2011,12,31,1,2164
2011,12,31,2,2305
2011,12,31,3,2374
2011,12,31,4,2399
2011,12,31,5,2378
2011,12,31,6,2289
2011,12,31,7,2147
2011,12,31,8,1997
2011,12,31,9,1899
2011,12,31,10,1888
2011,12,31,11,1963
2011,12,31,12,2107
2011,12,31,13,2260
2011,12,31,14,2371
2011,12,31,15,2413
2011,12,31,16,2390
2011,12,31,17,2316
2011,12,31,18,2190
2011,12,31,19,2019
2011,12,31,20,1841
2011,12,31,21,1723
2011,12,31,22,1696
2011,12,31,23,1760
2012,1,1,0,1888
2012,1,1,1,2043
2012,1,1,2,2171
2012,1,1,3,2247
2012,1,1,4,2308
2012,1,1,5,2351
2012,1,1,6,2355
2012,1,1,7,2279
2012,1,1,8,2148
2012,1,1,9,2022
2012,1,1,10,1948
2012,1,1,11,1945
2012,1,1,12,1997
2012,1,1,13,2090
2012,1,1,14,2184
2012,1,1,15,2240
2012,1,1,16,2241
2012,1,1,17,2204
2012,1,1,18,2141
2012,1,1,19,2045
2012,1,1,20,1923
2012,1,1,21,1804
2012,1,1,22,1731
2012,1,1,23,1728
2012,1,2,0,1797
2012,1,2,1,1906
2012,1,2,2,2030
2012,1,2,3,2137
2012,1,2,4,2228
2012,1,2,5,2301
2012,1,2,6,2349
2012,1,2,7,2344
2012,1,2,8,2265
2012,1,2,9,2145
2012,1,2,10,2036
2012,1,2,11,1982
2012,1,2,12,1971
2012,1,2,13,1998
2012,1,2,14,2046
2012,1,2,15,2084
2012,1,2,16,2106
2012,1,2,17,2110
2012,1,2,18,2084
2012,1,2,19,2028
2012,1,2,20,1953
2012,1,2,21,1871
2012,1,2,22,1784
2012,1,2,23,1731
2012,1,3,0,1737
2012,1,3,1,1797
2012,1,3,2,1889
2012,1,3,3,1993
2012,1,3,4,2108
2012,1,3,5,2216
2012,1,3,6,2312
2012,1,3,7,2365
2012,1,3,8,2344
2012,1,3,9,2260
2012,1,3,10,2145
2012,1,3,11,2042
2012,1,3,12,1967
2012,1,3,13,1932
2012,1,3,14,1928
2012,1,3,15,1928
2012,1,3,16,1927
2012,1,3,17,1942
2012,1,3,18,1968
2012,1,3,19,1980
2012,1,3,20,1957
2012,1,3,21,1895
2012,1,3,22,1814
2012,1,3,23,1743
2012,1,4,0,1706
2012,1,4,1,1715
2012,1,4,2,1760
2012,1,4,3,1844
2012,1,4,4,1965
2012,1,4,5,2094
2012,1,4,6,2217
2012,1,4,7,2310
2012,1,4,8,2350
2012,1,4,9,2329
2012,1,4,10,2253
2012,1,4,11,2154
2012,1,4,12,2041
2012,1,4,13,1940
2012,1,4,14,1870
2012,1,4,15,1829
2012,1,4,16,1818
2012,1,4,17,1835
2012,1,4,18,1875
2012,1,4,19,1917
2012,1,4,20,1943
2012,1,4,21,1933
2012,1,4,22,1875
2012,1,4,23,1791
2012,1,5,0,1724
2012,1,5,1,1694
2012,1,5,2,1697
2012,1,5,3,1731
2012,1,5,4,1820
2012,1,5,5,1952
2012,1,5,6,2118
2012,1,5,7,2273
2012,1,5,8,2373
2012,1,5,9,2405
2012,1,5,10,2373
2012,1,5,11,2280
2012,1,5,12,2151
2012,1,5,13,2005
2012,1,5,14,1875
2012,1,5,15,1771
2012,1,5,16,1710
2012,1,5,17,1706
2012,1,5,18,1750
2012,1,5,19,1819
2012,1,5,20,1894
2012,1,5,21,1950
2012,1,5,22,1948
2012,1,5,23,1884
2012,1,6,0,1796
2012,1,6,1,1704
2012,1,6,2,1626
2012,1,6,3,1610
2012,1,6,4,1667
2012,1,6,5,1793
2012,1,6,6,1970
2012,1,6,7,2158
2012,1,6,8,2317
2012,1,6,9,2412
2012,1,6,10,2429
2012,1,6,11,2370
2012,1,6,12,2252
2012,1,6,13,2092
2012,1,6,14,1914
2012,1,6,15,1742
2012,1,6,16,1628
2012,1,6,17,1593
2012,1,6,18,1633
2012,1,6,19,1728
2012,1,6,20,1830
2012,1,6,21,1913
2012,1,6,22,1947
2012,1,6,23,1938
2012,1,7,0,1873
2012,1,7,1,1761
2012,1,7,2,1638
2012,1,7,3,1548
2012,1,7,4,1538
2012,1,7,5,1626
2012,1,7,6,1801
2012,1,7,7,2017
2012,1,7,8,2223
2012,1,7,9,2377
2012,1,7,10,2455
2012,1,7,11,2465
2012,1,7,12,2387
2012,1,7,13,2231
2012,1,7,14,2021
2012,1,7,15,1809
2012,1,7,16,1641
2012,1,7,17,1548
2012,1,7,18,1544
2012,1,7,19,1617
2012,1,7,20,1743
2012,1,7,21,1883
2012,1,7,22,2000
2012,1,7,23,2045
2012,1,8,0,2008
2012,1,8,1,1877
2012,1,8,2,1695
2012,1,8,3,1533
2012,1,8,4,1459
2012,1,8,5,1504
2012,1,8,6,1653
2012,1,8,7,1867
2012,1,8,8,2094
2012,1,8,9,2294
2012,1,8,10,2440
2012,1,8,11,2515
2012,1,8,12,2499
2012,1,8,13,2376
2012,1,8,14,2160
2012,1,8,15,1895
2012,1,8,16,1659
2012,1,8,17,1507
2012,1,8,18,1469
2012,1,8,19,1533
2012,1,8,20,1668
2012,1,8,21,1834
2012,1,8,22,1987
2012,1,8,23,2089
2012,1,9,0,2109
2012,1,9,1,2020
2012,1,9,2,1835
2012,1,9,3,1624
2012,1,9,4,1476
2012,1,9,5,1438
2012,1,9,6,1517
2012,1,9,7,1693
2012,1,9,8,1923
2012,1,9,9,2163
2012,1,9,10,2383
2012,1,9,11,2535
2012,1,9,12,2584
2012,1,9,13,2507
2012,1,9,14,2301
2012,1,9,15,2048
2012,1,9,16,1792
2012,1,9,17,1589
2012,1,9,18,1488
2012,1,9,19,1487
2012,1,9,20,1593
2012,1,9,21,1764
2012,1,9,22,1956
2012,1,9,23,2124
2012,1,10,0,2213
2012,1,10,1,2175
2012,1,10,2,2016
2012,1,10,3,1796
2012,1,10,4,1586
2012,1,10,5,1450
2012,1,10,6,1448
2012,1,10,7,1570
2012,1,10,8,1769
2012,1,10,9,2000
2012,1,10,10,2240
2012,1,10,11,2437
2012,1,10,12,2560
2012,1,10,13,2571
2012,1,10,14,2436
2012,1,10,15,2181
2012,1,10,16,1884
2012,1,10,17,1626
2012,1,10,18,1465
2012,1,10,19,1414
2012,1,10,20,1480
2012,1,10,21,1634
2012,1,10,22,1830
2012,1,10,23,2033
2012,1,11,0,2183
2012,1,11,1,2235
2012,1,11,2,2157
2012,1,11,3,1956
2012,1,11,4,1712
2012,1,11,5,1505
2012,1,11,6,1424
2012,1,11,7,1482
2012,1,11,8,1649
2012,1,11,9,1877
2012,1,11,10,2119
2012,1,11,11,2341
2012,1,11,12,2509
2012,1,11,13,2589
2012,1,11,14,2548
2012,1,11,15,2356
2012,1,11,16,2062
2012,1,11,17,1759
2012,1,11,18,1525
2012,1,11,19,1404
2012,1,11,20,1418
2012,1,11,21,1534
2012,1,11,22,1724
2012,1,11,23,1943
2012,1,12,0,2147
2012,1,12,1,2279
2012,1,12,2,2278
2012,1,12,3,2141
2012,1,12,4,1923
2012,1,12,5,1689
2012,1,12,6,1514
2012,1,12,7,1458
2012,1,12,8,1526
2012,1,12,9,1693
2012,1,12,10,1921
2012,1,12,11,2171
2012,1,12,12,2398
2012,1,12,13,2549
2012,1,12,14,2594
2012,1,12,15,2494
2012,1,12,16,2265
2012,1,12,17,1964
2012,1,12,18,1670
2012,1,12,19,1474
2012,1,12,20,1423
2012,1,12,21,1489
2012,1,12,22,1636
2012,1,12,23,1848
2012,1,13,0,2078
2012,1,13,1,2268
2012,1,13,2,2346
2012,1,13,3,2282
2012,1,13,4,2097
2012,1,13,5,1867
2012,1,13,6,1639
2012,1,13,7,1490
2012,1,13,8,1473
2012,1,13,9,1572
2012,1,13,10,1751
2012,1,13,11,1978
2012,1,13,12,2206
2012,1,13,13,2393
2012,1,13,14,2496
2012,1,13,15,2480
2012,1,13,16,2333
2012,1,13,17,2081
2012,1,13,18,1798
2012,1,13,19,1547
2012,1,13,20,1403
2012,1,13,21,1400
2012,1,13,22,1499
2012,1,13,23,1688
2012,1,14,0,1918
2012,1,14,1,2143
2012,1,14,2,2303
2012,1,14,3,2345
2012,1,14,4,2257
2012,1,14,5,2067
2012,1,14,6,1846
2012,1,14,7,1644
2012,1,14,8,1531
2012,1,14,9,1526
2012,1,14,10,1619
2012,1,14,11,1793
2012,1,14,12,2016
2012,1,14,13,2224
2012,1,14,14,2353
2012,1,14,15,2383
2012,1,14,16,2306
2012,1,14,17,2127
2012,1,14,18,1888
2012,1,14,19,1646
2012,1,14,20,1460
2012,1,14,21,1388
2012,1,14,22,1426
2012,1,14,23,1553
2012,1,15,0,1762
2012,1,15,1,1996
2012,1,15,2,2189
2012,1,15,3,2298
2012,1,15,4,2307
2012,1,15,5,2211
2012,1,15,6,2034
2012,1,15,7,1829
2012,1,15,8,1644
2012,1,15,9,1543
2012,1,15,10,1561
2012,1,15,11,1684
2012,1,15,12,1862
2012,1,15,13,2033
2012,1,15,14,2168
2012,1,15,15,2247
2012,1,15,16,2254
2012,1,15,17,2169
2012,1,15,18,2004
2012,1,15,19,1780
2012,1,15,20,1561
2012,1,15,21,1433
2012,1,15,22,1414
2012,1,15,23,1488
2012,1,16,0,1643
2012,1,16,1,1850
2012,1,16,2,2052
2012,1,16,3,2213
2012,1,16,4,2311
2012,1,16,5,2321
2012,1,16,6,2215
2012,1,16,7,2029
2012,1,16,8,1833
2012,1,16,9,1673
2012,1,16,10,1590
2012,1,16,11,1609
2012,1,16,12,1718
2012,1,16,13,1859
2012,1,16,14,1976
2012,1,16,15,2056
2012,1,16,16,2103
2012,1,16,17,2108
2012,1,16,18,2043
2012,1,16,19,1909
2012,1,16,20,1723
2012,1,16,21,1549
2012,1,16,22,1456
2012,1,16,23,1462
2012,1,17,0,1558
2012,1,17,1,1728
2012,1,17,2,1903
2012,1,17,3,2050
2012,1,17,4,2183
2012,1,17,5,2279
2012,1,17,6,2311
2012,1,17,7,2227
2012,1,17,8,2062
2012,1,17,9,1873
2012,1,17,10,1713
2012,1,17,11,1629
2012,1,17,12,1624
2012,1,17,13,1702
2012,1,17,14,1794
2012,1,17,15,1873
2012,1,17,16,1933
2012,1,17,17,1971
2012,1,17,18,1992
2012,1,17,19,1959
2012,1,17,20,1847
2012,1,17,21,1682
2012,1,17,22,1531
2012,1,17,23,1456
2012,1,18,0,1478
2012,1,18,1,1586
2012,1,18,2,1724
2012,1,18,3,1865
2012,1,18,4,2015
2012,1,18,5,2174
2012,1,18,6,2299
2012,1,18,7,2335
2012,1,18,8,2259
2012,1,18,9,2110
2012,1,18,10,1936
2012,1,18,11,1789
2012,1,18,12,1694
2012,1,18,13,1651
2012,1,18,14,1661
2012,1,18,15,1700
2012,1,18,16,1756
2012,1,18,17,1829
2012,1,18,18,1902
2012,1,18,19,1938
2012,1,18,20,1910
2012,1,18,21,1819
2012,1,18,22,1697
2012,1,18,23,1580
2012,1,19,0,1519
2012,1,19,1,1531
2012,1,19,2,1592
2012,1,19,3,1685
2012,1,19,4,1826
2012,1,19,5,2012
2012,1,19,6,2210
2012,1,19,7,2357
2012,1,19,8,2397
2012,1,19,9,2328
2012,1,19,10,2187
2012,1,19,11,2025
2012,1,19,12,1872
2012,1,19,13,1743
2012,1,19,14,1653
2012,1,19,15,1600
2012,1,19,16,1592
2012,1,19,17,1644
2012,1,19,18,1742
2012,1,19,19,1855
2012,1,19,20,1927
2012,1,19,21,1924
2012,1,19,22,1854
2012,1,19,23,1743
2012,1,20,0,1632
2012,1,20,1,1545
2012,1,20,2,1495
2012,1,20,3,1503
2012,1,20,4,1593
2012,1,20,5,1765
2012,1,20,6,1981
2012,1,20,7,2191
2012,1,20,8,2325
2012,1,20,9,2398
2012,1,20,10,2357
2012,1,20,11,2220
2012,1,20,12,2025
2012,1,20,13,1830
2012,1,20,14,1666
2012,1,20,15,1552
2012,1,20,16,1493
2012,1,20,17,1494
2012,1,20,18,1563
2012,1,20,19,1699
2012,1,20,20,1861
2012,1,20,21,1984
2012,1,20,22,2013
2012,1,20,23,1940
2012,1,21,0,1808
2012,1,21,1,1664
2012,1,21,2,1546
2012,1,21,3,1481
2012,1,21,4,1500
2012,1,21,5,1605
2012,1,21,6,1783
2012,1,21,7,2004
2012,1,21,8,2235
2012,1,21,9,2425
2012,1,21,10,2507
2012,1,21,11,2469
2012,1,21,12,2307
2012,1,21,13,2074
2012,1,21,14,1840
2012,1,21,15,1652
2012,1,21,16,1522
2012,1,21,17,1462
2012,1,21,18,1491
2012,1,21,19,1608
2012,1,21,20,1771
2012,1,21,21,1949
2012,1,21,22,2083
2012,1,21,23,2125
2012,1,22,0,2064
2012,1,22,1,1908
2012,1,22,2,1706
2012,1,22,3,1522
2012,1,22,4,1425
2012,1,22,5,1458
2012,1,22,6,1597
2012,1,22,7,1806
2012,1,22,8,2051
2012,1,22,9,2294
2012,1,22,10,2483
2012,1,22,11,2559
2012,1,22,12,2507
2012,1,22,13,2327
2012,1,22,14,2065
2012,1,22,15,1787
2012,1,22,16,1553
2012,1,22,17,1419
2012,1,22,18,1405
2012,1,22,19,1487
2012,1,22,20,1638
2012,1,22,21,1825
2012,1,22,22,2019
2012,1,22,23,2169
2012,1,23,0,2215
2012,1,23,1,2117
2012,1,23,2,1902
2012,1,23,3,1647
2012,1,23,4,1459
2012,1,23,5,1399
2012,1,23,6,1452
2012,1,23,7,1607
2012,1,23,8,1834
2012,1,23,9,2093
2012,1,23,10,2338
2012,1,23,11,2518
2012,1,23,12,2571
2012,1,23,13,2475
2012,1,23,14,2250
2012,1,23,15,1959
2012,1,23,16,1676
2012,1,23,17,1465
2012,1,23,18,1370
2012,1,23,19,1391
2012,1,23,20,1521
2012,1,23,21,1727
2012,1,23,22,1950
2012,1,23,23,2152
2012,1,24,0,2279
2012,1,24,1,2275
2012,1,24,2,2120
2012,1,24,3,1857
2012,1,24,4,1604
2012,1,24,5,1441
2012,1,24,6,1414
2012,1,24,7,1503
2012,1,24,8,1678
2012,1,24,9,1914
2012,1,24,10,2170
2012,1,24,11,2413
2012,1,24,12,2567
2012,1,24,13,2587
2012,1,24,14,2443
2012,1,24,15,2150
2012,1,24,16,1833
2012,1,24,17,1564
2012,1,24,18,1408
2012,1,24,19,1380
2012,1,24,20,1465
2012,1,24,21,1632
2012,1,24,22,1850
2012,1,24,23,2090
2012,1,25,0,2283
2012,1,25,1,2372
2012,1,25,2,2319
2012,1,25,3,2093
2012,1,25,4,1791
2012,1,25,5,1545
2012,1,25,6,1394
2012,1,25,7,1399
2012,1,25,8,1529
2012,1,25,9,1750
2012,1,25,10,2014
2012,1,25,11,2259
2012,1,25,12,2450
2012,1,25,13,2541
2012,1,25,14,2490
2012,1,25,15,2299
2012,1,25,16,2000
2012,1,25,17,1687
2012,1,25,18,1440
2012,1,25,19,1330
2012,1,25,20,1372
2012,1,25,21,1515
2012,1,25,22,1730
2012,1,25,23,1963
2012,1,26,0,2174
2012,1,26,1,2318
2012,1,26,2,2342
2012,1,26,3,2205
2012,1,26,4,1969
2012,1,26,5,1708
2012,1,26,6,1500
2012,1,26,7,1419
2012,1,26,8,1471
2012,1,26,9,1623
2012,1,26,10,1840
2012,1,26,11,2071
2012,1,26,12,2285
2012,1,26,13,2427
2012,1,26,14,2456
2012,1,26,15,2355
2012,1,26,16,2107
2012,1,26,17,1811
2012,1,26,18,1538
2012,1,26,19,1362
2012,1,26,20,1330
2012,1,26,21,1414
2012,1,26,22,1588
2012,1,26,23,1819
2012,1,27,0,2049
2012,1,27,1,2243
2012,1,27,2,2333
2012,1,27,3,2282
2012,1,27,4,2108
2012,1,27,5,1861
2012,1,27,6,1622
2012,1,27,7,1456
2012,1,27,8,1426
2012,1,27,9,1519
2012,1,27,10,1686
2012,1,27,11,1891
2012,1,27,12,2078
2012,1,27,13,2222
2012,1,27,14,2295
2012,1,27,15,2265
2012,1,27,16,2116
2012,1,27,17,1871
2012,1,27,18,1604
2012,1,27,19,1387
2012,1,27,20,1292
2012,1,27,21,1327
2012,1,27,22,1482
2012,1,27,23,1705
2012,1,28,0,1934
2012,1,28,1,2136
2012,1,28,2,2249
2012,1,28,3,2255
2012,1,28,4,2166
2012,1,28,5,1993
2012,1,28,6,1782
2012,1,28,7,1584
2012,1,28,8,1476
2012,1,28,9,1496
2012,1,28,10,1615
2012,1,28,11,1794
2012,1,28,12,1968
2012,1,28,13,2097
2012,1,28,14,2179
2012,1,28,15,2188
2012,1,28,16,2112
2012,1,28,17,1947
2012,1,28,18,1719
2012,1,28,19,1505
2012,1,28,20,1372
2012,1,28,21,1354
2012,1,28,22,1450
2012,1,28,23,1628
2012,1,29,0,1848
2012,1,29,1,2055
2012,1,29,2,2196
2012,1,29,3,2241
2012,1,29,4,2198
2012,1,29,5,2092
2012,1,29,6,1940
2012,1,29,7,1761
2012,1,29,8,1608
2012,1,29,9,1535
2012,1,29,10,1565
2012,1,29,11,1690
2012,1,29,12,1848
2012,1,29,13,1976
2012,1,29,14,2048
2012,1,29,15,2071
2012,1,29,16,2039
2012,1,29,17,1940
2012,1,29,18,1766
2012,1,29,19,1558
2012,1,29,20,1394
2012,1,29,21,1332
2012,1,29,22,1380
2012,1,29,23,1508
2012,1,30,0,1686
2012,1,30,1,1876
2012,1,30,2,2033
2012,1,30,3,2126
2012,1,30,4,2159
2012,1,30,5,2129
2012,1,30,6,2031
2012,1,30,7,1882
2012,1,30,8,1721
2012,1,30,9,1614
2012,1,30,10,1589
2012,1,30,11,1643
2012,1,30,12,1749
2012,1,30,13,1865
2012,1,30,14,1940
2012,1,30,15,1968
2012,1,30,16,1957
2012,1,30,17,1911
2012,1,30,18,1804
2012,1,30,19,1641
2012,1,30,20,1474
2012,1,30,21,1381
2012,1,30,22,1384
2012,1,30,23,1465
2012,1,31,0,1599
2012,1,31,1,1755
2012,1,31,2,1896
2012,1,31,3,1997
2012,1,31,4,2070
2012,1,31,5,2108
2012,1,31,6,2082
2012,1,31,7,1990
2012,1,31,8,1856
2012,1,31,9,1734
2012,1,31,10,1666
2012,1,31,11,1658
2012,1,31,12,1694
2012,1,31,13,1755
2012,1,31,14,1827
2012,1,31,15,1882
2012,1,31,16,1897
2012,1,31,17,1878
2012,1,31,18,1838
2012,1,31,19,1751
2012,1,31,20,1631
2012,1,31,21,1521
2012,1,31,22,1458
2012,1,31,23,1467
2012,2,1,0,1537
2012,2,1,1,1662
2012,2,1,2,1801
2012,2,1,3,1903
2012,2,1,4,1975
2012,2,1,5,2036
2012,2,1,6,2069
2012,2,1,7,2051
2012,2,1,8,1980
2012,2,1,9,1864
2012,2,1,10,1750
2012,2,1,11,1678
2012,2,1,12,1662
2012,2,1,13,1687
2012,2,1,14,1720
2012,2,1,15,1744
2012,2,1,16,1773
2012,2,1,17,1792
2012,2,1,18,1776
2012,2,1,19,1717
2012,2,1,20,1629
2012,2,1,21,1532
2012,2,1,22,1468
2012,2,1,23,1460
2012,2,2,0,1483
2012,2,2,1,1550
2012,2,2,2,1642
2012,2,2,3,1727
2012,2,2,4,1820
2012,2,2,5,1920
2012,2,2,6,1997
2012,2,2,7,2032
2012,2,2,8,2005
2012,2,2,9,1931
2012,2,2,10,1848
2012,2,2,11,1777
2012,2,2,12,1711
2012,2,2,13,1663
2012,2,2,14,1641
2012,2,2,15,1634
2012,2,2,16,1637
2012,2,2,17,1655
2012,2,2,18,1688
2012,2,2,19,1713
2012,2,2,20,1712
2012,2,2,21,1668
2012,2,2,22,1606
2012,2,2,23,1557
2012,2,3,0,1543
2012,2,3,1,1561
2012,2,3,2,1603
2012,2,3,3,1668
2012,2,3,4,1749
2012,2,3,5,1843
2012,2,3,6,1953
2012,2,3,7,2045
2012,2,3,8,2096
2012,2,3,9,2088
2012,2,3,10,2023
2012,2,3,11,1933
2012,2,3,12,1826
2012,2,3,13,1732
2012,2,3,14,1667
2012,2,3,15,1627
2012,2,3,16,1616
2012,2,3,17,1626
2012,2,3,18,1656
2012,2,3,19,1699
2012,2,3,20,1746
2012,2,3,21,1765
2012,2,3,22,1740
2012,2,3,23,1675
2012,2,4,0,1600
2012,2,4,1,1556
2012,2,4,2,1543
2012,2,4,3,1562
2012,2,4,4,1617
2012,2,4,5,1722
2012,2,4,6,1861
2012,2,4,7,2002
2012,2,4,8,2103
2012,2,4,9,2151
2012,2,4,10,2135
2012,2,4,11,2063
2012,2,4,12,1948
2012,2,4,13,1793
2012,2,4,14,1647
2012,2,4,15,1544
2012,2,4,16,1497
2012,2,4,17,1506
2012,2,4,18,1560
2012,2,4,19,1651
2012,2,4,20,1747
2012,2,4,21,1819
2012,2,4,22,1850
2012,2,4,23,1816
2012,2,5,0,1725
2012,2,5,1,1617
2012,2,5,2,1532
2012,2,5,3,1488
2012,2,5,4,1503
2012,2,5,5,1589
2012,2,5,6,1726
2012,2,5,7,1897
2012,2,5,8,2067
2012,2,5,9,2205
2012,2,5,10,2261
2012,2,5,11,2213
2012,2,5,12,2087
2012,2,5,13,1905
2012,2,5,14,1707
2012,2,5,15,1536
2012,2,5,16,1419
2012,2,5,17,1383
2012,2,5,18,1434
2012,2,5,19,1552
2012,2,5,20,1689
2012,2,5,21,1810
2012,2,5,22,1891
2012,2,5,23,1909
2012,2,6,0,1846
2012,2,6,1,1727
2012,2,6,2,1578
2012,2,6,3,1451
2012,2,6,4,1401
2012,2,6,5,1444
2012,2,6,6,1570
2012,2,6,7,1758
2012,2,6,8,1967
2012,2,6,9,2160
2012,2,6,10,2285
2012,2,6,11,2317
2012,2,6,12,2246
2012,2,6,13,2085
2012,2,6,14,1867
2012,2,6,15,1616
2012,2,6,16,1415
2012,2,6,17,1323
2012,2,6,18,1337
2012,2,6,19,1441
2012,2,6,20,1603
2012,2,6,21,1785
2012,2,6,22,1931
2012,2,6,23,2009
2012,2,7,0,2008
2012,2,7,1,1914
2012,2,7,2,1745
2012,2,7,3,1541
2012,2,7,4,1386
2012,2,7,5,1345
2012,2,7,6,1434
2012,2,7,7,1615
2012,2,7,8,1839
2012,2,7,9,2068
2012,2,7,10,2268
2012,2,7,11,2394
2012,2,7,12,2384
2012,2,7,13,2246
2012,2,7,14,2011
2012,2,7,15,1738
2012,2,7,16,1498
2012,2,7,17,1339
2012,2,7,18,1288
2012,2,7,19,1339
2012,2,7,20,1491
2012,2,7,21,1699
2012,2,7,22,1914
2012,2,7,23,2068
2012,2,8,0,2116
2012,2,8,1,2051
2012,2,8,2,1893
2012,2,8,3,1677
2012,2,8,4,1468
2012,2,8,5,1344
2012,2,8,6,1354
2012,2,8,7,1484
2012,2,8,8,1696
2012,2,8,9,1947
2012,2,8,10,2184
2012,2,8,11,2360
2012,2,8,12,2422
2012,2,8,13,2349
2012,2,8,14,2154
2012,2,8,15,1874
2012,2,8,16,1573
2012,2,8,17,1339
2012,2,8,18,1229
2012,2,8,19,1247
2012,2,8,20,1379
2012,2,8,21,1602
2012,2,8,22,1858
2012,2,8,23,2085
2012,2,9,0,2226
2012,2,9,1,2244
2012,2,9,2,2115
2012,2,9,3,1877
2012,2,9,4,1593
2012,2,9,5,1370
2012,2,9,6,1292
2012,2,9,7,1359
2012,2,9,8,1545
2012,2,9,9,1786
2012,2,9,10,2037
2012,2,9,11,2249
2012,2,9,12,2393
2012,2,9,13,2431
2012,2,9,14,2333
2012,2,9,15,2090
2012,2,9,16,1759
2012,2,9,17,1441
2012,2,9,18,1238
2012,2,9,19,1206
2012,2,9,20,1307
2012,2,9,21,1495
2012,2,9,22,1742
2012,2,9,23,2006
2012,2,10,0,2239
2012,2,10,1,2362
2012,2,10,2,2330
2012,2,10,3,2136
2012,2,10,4,1848
2012,2,10,5,1565
2012,2,10,6,1382
2012,2,10,7,1351
2012,2,10,8,1452
2012,2,10,9,1635
2012,2,10,10,1873
2012,2,10,11,2127
2012,2,10,12,2340
2012,2,10,13,2462
2012,2,10,14,2445
2012,2,10,15,2280
2012,2,10,16,1982
2012,2,10,17,1638
2012,2,10,18,1349
2012,2,10,19,1202
2012,2,10,20,1208
2012,2,10,21,1332
2012,2,10,22,1556
2012,2,10,23,1832
2012,2,11,0,2108
2012,2,11,1,2317
2012,2,11,2,2396
2012,2,11,3,2305
2012,2,11,4,2065
2012,2,11,5,1764
2012,2,11,6,1509
2012,2,11,7,1368
2012,2,11,8,1368
2012,2,11,9,1492
2012,2,11,10,1699
2012,2,11,11,1935
2012,2,11,12,2156
2012,2,11,13,2326
2012,2,11,14,2396
2012,2,11,15,2320
2012,2,11,16,2104
2012,2,11,17,1791
2012,2,11,18,1476
2012,2,11,19,1257
2012,2,11,20,1194
2012,2,11,21,1264
2012,2,11,22,1434
2012,2,11,23,1676
2012,2,12,0,1946
2012,2,12,1,2197
2012,2,12,2,2356
2012,2,12,3,2372
2012,2,12,4,2225
2012,2,12,5,1975
2012,2,12,6,1702
2012,2,12,7,1481
2012,2,12,8,1380
2012,2,12,9,1402
2012,2,12,10,1535
2012,2,12,11,1731
2012,2,12,12,1940
2012,2,12,13,2113
2012,2,12,14,2227
2012,2,12,15,2247
2012,2,12,16,2134
2012,2,12,17,1901
2012,2,12,18,1608
2012,2,12,19,1359
2012,2,12,20,1230
2012,2,12,21,1231
2012,2,12,22,1334
2012,2,12,23,1515
2012,2,13,0,1762
2012,2,13,1,2037
2012,2,13,2,2266
2012,2,13,3,2383
2012,2,13,4,2359
2012,2,13,5,2203
2012,2,13,6,1956
2012,2,13,7,1706
2012,2,13,8,1523
2012,2,13,9,1454
2012,2,13,10,1490
2012,2,13,11,1606
2012,2,13,12,1766
2012,2,13,13,1937
2012,2,13,14,2080
2012,2,13,15,2166
2012,2,13,16,2151
2012,2,13,17,2021
2012,2,13,18,1796
2012,2,13,19,1539
2012,2,13,20,1348
2012,2,13,21,1277
2012,2,13,22,1314
2012,2,13,23,1430
2012,2,14,0,1597
2012,2,14,1,1810
2012,2,14,2,2029
2012,2,14,3,2224
2012,2,14,4,2335
2012,2,14,5,2316
2012,2,14,6,2164
2012,2,14,7,1922
2012,2,14,8,1695
2012,2,14,9,1557
2012,2,14,10,1519
2012,2,14,11,1553
2012,2,14,12,1635
2012,2,14,13,1741
2012,2,14,14,1841
2012,2,14,15,1933
2012,2,14,16,1991
2012,2,14,17,1964
2012,2,14,18,1849
2012,2,14,19,1682
2012,2,14,20,1497
2012,2,14,21,1379
2012,2,14,22,1355
2012,2,14,23,1407
2012,2,15,0,1512
2012,2,15,1,1655
2012,2,15,2,1816
2012,2,15,3,1978
2012,2,15,4,2131
2012,2,15,5,2220
2012,2,15,6,2210
2012,2,15,7,2086
2012,2,15,8,1903
2012,2,15,9,1726
2012,2,15,10,1608
2012,2,15,11,1569
2012,2,15,12,1583
2012,2,15,13,1625
2012,2,15,14,1688
2012,2,15,15,1746
2012,2,15,16,1815
2012,2,15,17,1877
2012,2,15,18,1875
2012,2,15,19,1788
2012,2,15,20,1642
2012,2,15,21,1494
2012,2,15,22,1419
2012,2,15,23,1443
2012,2,16,0,1516
2012,2,16,1,1602
2012,2,16,2,1688
2012,2,16,3,1784
2012,2,16,4,1915
2012,2,16,5,2063
2012,2,16,6,2185
2012,2,16,7,2213
2012,2,16,8,2110
2012,2,16,9,1947
2012,2,16,10,1794
2012,2,16,11,1691
2012,2,16,12,1646
2012,2,16,13,1627
2012,2,16,14,1616
2012,2,16,15,1607
2012,2,16,16,1618
2012,2,16,17,1678
2012,2,16,18,1764
2012,2,16,19,1812
2012,2,16,20,1778
2012,2,16,21,1668
2012,2,16,22,1560
2012,2,16,23,1500
2012,2,17,0,1490
2012,2,17,1,1509
2012,2,17,2,1555
2012,2,17,3,1629
2012,2,17,4,1730
2012,2,17,5,1865
2012,2,17,6,2015
2012,2,17,7,2143
2012,2,17,8,2190
2012,2,17,9,2133
2012,2,17,10,1996
2012,2,17,11,1830
2012,2,17,12,1692
2012,2,17,13,1605
2012,2,17,14,1558
2012,2,17,15,1539
2012,2,17,16,1521
2012,2,17,17,1544
2012,2,17,18,1618
2012,2,17,19,1721
2012,2,17,20,1806
2012,2,17,21,1818
2012,2,17,22,1758
2012,2,17,23,1648
2012,2,18,0,1551
2012,2,18,1,1507
2012,2,18,2,1511
2012,2,18,3,1543
2012,2,18,4,1601
2012,2,18,5,1700
2012,2,18,6,1862
2012,2,18,7,2050
2012,2,18,8,2196
2012,2,18,9,2243
2012,2,18,10,2183
2012,2,18,11,2049
2012,2,18,12,1878
2012,2,18,13,1711
2012,2,18,14,1565
2012,2,18,15,1471
2012,2,18,16,1429
2012,2,18,17,1439
2012,2,18,18,1500
2012,2,18,19,1603
2012,2,18,20,1738
2012,2,18,21,1860
2012,2,18,22,1922
2012,2,18,23,1885
2012,2,19,0,1752
2012,2,19,1,1593
2012,2,19,2,1468
2012,2,19,3,1416
2012,2,19,4,1440
2012,2,19,5,1536
2012,2,19,6,1691
2012,2,19,7,1879
2012,2,19,8,2068
2012,2,19,9,2213
2012,2,19,10,2279
2012,2,19,11,2236
2012,2,19,12,2091
2012,2,19,13,1880
2012,2,19,14,1652
2012,2,19,15,1455
2012,2,19,16,1345
2012,2,19,17,1328
2012,2,19,18,1397
2012,2,19,19,1525
2012,2,19,20,1685
2012,2,19,21,1845
2012,2,19,22,1956
2012,2,19,23,1996
2012,2,20,0,1930
2012,2,20,1,1775
2012,2,20,2,1596
2012,2,20,3,1455
2012,2,20,4,1399
2012,2,20,5,1442
2012,2,20,6,1566
2012,2,20,7,1741
2012,2,20,8,1947
2012,2,20,9,2153
2012,2,20,10,2310
2012,2,20,11,2365
2012,2,20,12,2272
2012,2,20,13,2063
2012,2,20,14,1800
2012,2,20,15,1554
2012,2,20,16,1377
2012,2,20,17,1308
2012,2,20,18,1332
2012,2,20,19,1432
2012,2,20,20,1600
2012,2,20,21,1789
2012,2,20,22,1955
2012,2,20,23,2060
2012,2,21,0,2061
2012,2,21,1,1964
2012,2,21,2,1780
2012,2,21,3,1568
2012,2,21,4,1399
2012,2,21,5,1325
2012,2,21,6,1386
2012,2,21,7,1552
2012,2,21,8,1776
2012,2,21,9,2011
2012,2,21,10,2221
2012,2,21,11,2359
2012,2,21,12,2368
2012,2,21,13,2239
2012,2,21,14,1995
2012,2,21,15,1693
2012,2,21,16,1434
2012,2,21,17,1279
2012,2,21,18,1246
2012,2,21,19,1329
2012,2,21,20,1500
2012,2,21,21,1713
2012,2,21,22,1926
2012,2,21,23,2094
2012,2,22,0,2173
2012,2,22,1,2125
2012,2,22,2,1965
2012,2,22,3,1745
2012,2,22,4,1521
2012,2,22,5,1372
2012,2,22,6,1356
2012,2,22,7,1459
2012,2,22,8,1650
2012,2,22,9,1884
2012,2,22,10,2112
2012,2,22,11,2289
2012,2,22,12,2372
2012,2,22,13,2338
2012,2,22,14,2160
2012,2,22,15,1887
2012,2,22,16,1589
2012,2,22,17,1368
2012,2,22,18,1270
2012,2,22,19,1314
2012,2,22,20,1455
2012,2,22,21,1647
2012,2,22,22,1860
2012,2,22,23,2063
2012,2,23,0,2213
2012,2,23,1,2253
2012,2,23,2,2151
2012,2,23,3,1926
2012,2,23,4,1660
2012,2,23,5,1441
2012,2,23,6,1348
2012,2,23,7,1387
2012,2,23,8,1524
2012,2,23,9,1726
2012,2,23,10,1956
2012,2,23,11,2160
2012,2,23,12,2298
2012,2,23,13,2320
2012,2,23,14,2218
2012,2,23,15,2001
2012,2,23,16,1720
2012,2,23,17,1456
2012,2,23,18,1281
2012,2,23,19,1249
2012,2,23,20,1358
2012,2,23,21,1561
2012,2,23,22,1803
2012,2,23,23,2028
2012,2,24,0,2197
2012,2,24,1,2269
2012,2,24,2,2235
2012,2,24,3,2085
2012,2,24,4,1848
2012,2,24,5,1598
2012,2,24,6,1413
2012,2,24,7,1359
2012,2,24,8,1445
2012,2,24,9,1619
2012,2,24,10,1842
2012,2,24,11,2034
2012,2,24,12,2171
2012,2,24,13,2252
2012,2,24,14,2229
2012,2,24,15,2090
2012,2,24,16,1854
2012,2,24,17,1578
2012,2,24,18,1354
2012,2,24,19,1262
2012,2,24,20,1319
2012,2,24,21,1479
2012,2,24,22,1697
2012,2,24,23,1924
2012,2,25,0,2112
2012,2,25,1,2228
2012,2,25,2,2250
2012,2,25,3,2172
2012,2,25,4,1983
2012,2,25,5,1739
2012,2,25,6,1528
2012,2,25,7,1410
2012,2,25,8,1415
2012,2,25,9,1531
2012,2,25,10,1726
2012,2,25,11,1934
2012,2,25,12,2106
2012,2,25,13,2208
2012,2,25,14,2211
2012,2,25,15,2118
2012,2,25,16,1930
2012,2,25,17,1698
2012,2,25,18,1475
2012,2,25,19,1343
2012,2,25,20,1330
2012,2,25,21,1436
2012,2,25,22,1626
2012,2,25,23,1846
2012,2,26,0,2044
2012,2,26,1,2177
2012,2,26,2,2242
2012,2,26,3,2209
2012,2,26,4,2074
2012,2,26,5,1878
2012,2,26,6,1660
2012,2,26,7,1490
2012,2,26,8,1445
2012,2,26,9,1509
2012,2,26,10,1652
2012,2,26,11,1819
2012,2,26,12,1963
2012,2,26,13,2063
2012,2,26,14,2102
2012,2,26,15,2070
2012,2,26,16,1965
2012,2,26,17,1776
2012,2,26,18,1551
2012,2,26,19,1383
2012,2,26,20,1342
2012,2,26,21,1404
2012,2,26,22,1542
2012,2,26,23,1747
2012,2,27,0,1975
2012,2,27,1,2150
2012,2,27,2,2248
2012,2,27,3,2264
2012,2,27,4,2185
2012,2,27,5,2028
2012,2,27,6,1818
2012,2,27,7,1622
2012,2,27,8,1508
2012,2,27,9,1500
2012,2,27,10,1596
2012,2,27,11,1748
2012,2,27,12,1891
2012,2,27,13,2005
2012,2,27,14,2062
2012,2,27,15,2064
2012,2,27,16,2002
2012,2,27,17,1864
2012,2,27,18,1683
2012,2,27,19,1516
2012,2,27,20,1415
2012,2,27,21,1420
2012,2,27,22,1521
2012,2,27,23,1696
2012,2,28,0,1894
2012,2,28,1,2054
2012,2,28,2,2160
2012,2,28,3,2205
2012,2,28,4,2179
2012,2,28,5,2084
2012,2,28,6,1941
2012,2,28,7,1775
2012,2,28,8,1640
2012,2,28,9,1582
2012,2,28,10,1614
2012,2,28,11,1690
2012,2,28,12,1789
2012,2,28,13,1903
2012,2,28,14,1985
2012,2,28,15,2018
2012,2,28,16,1990
2012,2,28,17,1889
2012,2,28,18,1737
2012,2,28,19,1587
2012,2,28,20,1483
2012,2,28,21,1454
2012,2,28,22,1506
2012,2,28,23,1615
2012,2,29,0,1765
2012,2,29,1,1920
2012,2,29,2,2058
2012,2,29,3,2157
2012,2,29,4,2183
2012,2,29,5,2134
2012,2,29,6,2035
2012,2,29,7,1905
2012,2,29,8,1779
2012,2,29,9,1684
2012,2,29,10,1653
2012,2,29,11,1662
2012,2,29,12,1725
2012,2,29,13,1808
2012,2,29,14,1886
2012,2,29,15,1933
2012,2,29,16,1958
2012,2,29,17,1943
2012,2,29,18,1871
2012,2,29,19,1744
2012,2,29,20,1622
2012,2,29,21,1552
2012,2,29,22,1543
2012,2,29,23,1603
2012,3,1,0,1699
2012,3,1,1,1820
2012,3,1,2,1935
2012,3,1,3,2038
2012,3,1,4,2116
2012,3,1,5,2133
2012,3,1,6,2092
2012,3,1,7,2001
2012,3,1,8,1897
2012,3,1,9,1812
2012,3,1,10,1741
2012,3,1,11,1695
2012,3,1,12,1695
2012,3,1,13,1730
2012,3,1,14,1798
2012,3,1,15,1856
2012,3,1,16,1876
2012,3,1,17,1867
2012,3,1,18,1835
2012,3,1,19,1780
2012,3,1,20,1713
2012,3,1,21,1657
2012,3,1,22,1608
2012,3,1,23,1609
2012,3,2,0,1658
2012,3,2,1,1740
2012,3,2,2,1836
2012,3,2,3,1924
2012,3,2,4,2005
2012,3,2,5,2064
2012,3,2,6,2094
2012,3,2,7,2068
2012,3,2,8,1995
2012,3,2,9,1911
2012,3,2,10,1846
2012,3,2,11,1788
2012,3,2,12,1747
2012,3,2,13,1729
2012,3,2,14,1734
2012,3,2,15,1760
2012,3,2,16,1781
2012,3,2,17,1793
2012,3,2,18,1787
2012,3,2,19,1768
2012,3,2,20,1747
2012,3,2,21,1718
2012,3,2,22,1690
2012,3,2,23,1657
2012,3,3,0,1642
2012,3,3,1,1668
2012,3,3,2,1727
2012,3,3,3,1814
2012,3,3,4,1908
2012,3,3,5,1986
2012,3,3,6,2042
2012,3,3,7,2069
2012,3,3,8,2057
2012,3,3,9,2015
2012,3,3,10,1962
2012,3,3,11,1893
2012,3,3,12,1829
2012,3,3,13,1773
2012,3,3,14,1721
2012,3,3,15,1693
2012,3,3,16,1688
2012,3,3,17,1711
2012,3,3,18,1750
2012,3,3,19,1789
2012,3,3,20,1796
2012,3,3,21,1767
2012,3,3,22,1725
2012,3,3,23,1687
2012,3,4,0,1672
2012,3,4,1,1670
2012,3,4,2,1680
2012,3,4,3,1714
2012,3,4,4,1774
2012,3,4,5,1863
2012,3,4,6,1985
2012,3,4,7,2099
2012,3,4,8,2175
2012,3,4,9,2178
2012,3,4,10,2127
2012,3,4,11,2038
2012,3,4,12,1925
2012,3,4,13,1809
2012,3,4,14,1711
2012,3,4,15,1658
2012,3,4,16,1647
2012,3,4,17,1679
2012,3,4,18,1743
2012,3,4,19,1832
2012,3,4,20,1923
2012,3,4,21,1959
2012,3,4,22,1937
2012,3,4,23,1866
2012,3,5,0,1768
2012,3,5,1,1671
2012,3,5,2,1609
2012,3,5,3,1605
2012,3,5,4,1650
2012,3,5,5,1742
2012,3,5,6,1886
2012,3,5,7,2051
2012,3,5,8,2199
2012,3,5,9,2277
2012,3,5,10,2284
2012,3,5,11,2204
2012,3,5,12,2058
2012,3,5,13,1884
2012,3,5,14,1719
2012,3,5,15,1605
2012,3,5,16,1559
2012,3,5,17,1579
2012,3,5,18,1644
2012,3,5,19,1742
2012,3,5,20,1885
2012,3,5,21,2026
2012,3,5,22,2087
2012,3,5,23,2062
2012,3,6,0,1975
2012,3,6,1,1823
2012,3,6,2,1655
2012,3,6,3,1549
2012,3,6,4,1530
2012,3,6,5,1594
2012,3,6,6,1725
2012,3,6,7,1904
2012,3,6,8,2089
2012,3,6,9,2268
2012,3,6,10,2378
2012,3,6,11,2368
2012,3,6,12,2230
2012,3,6,13,2009
2012,3,6,14,1778
2012,3,6,15,1585
2012,3,6,16,1470
2012,3,6,17,1435
2012,3,6,18,1493
2012,3,6,19,1634
2012,3,6,20,1828
2012,3,6,21,2040
2012,3,6,22,2206
2012,3,6,23,2260
2012,3,7,0,2176
2012,3,7,1,1986
2012,3,7,2,1742
2012,3,7,3,1570
2012,3,7,4,1450
2012,3,7,5,1447
2012,3,7,6,1554
2012,3,7,7,1734
2012,3,7,8,1951
2012,3,7,9,2169
2012,3,7,10,2379
2012,3,7,11,2486
2012,3,7,12,2421
2012,3,7,13,2239
2012,3,7,14,1978
2012,3,7,15,1701
2012,3,7,16,1476
2012,3,7,17,1375
2012,3,7,18,1385
2012,3,7,19,1527
2012,3,7,20,1747
2012,3,7,21,1995
2012,3,7,22,2216
2012,3,7,23,2362
2012,3,8,0,2379
2012,3,8,1,2248
2012,3,8,2,2003
2012,3,8,3,1744
2012,3,8,4,1504
2012,3,8,5,1413
2012,3,8,6,1442
2012,3,8,7,1576
2012,3,8,8,1788
2012,3,8,9,2053
2012,3,8,10,2321
2012,3,8,11,2503
2012,3,8,12,2540
2012,3,8,13,2426
2012,3,8,14,2195
2012,3,8,15,1878
2012,3,8,16,1578
2012,3,8,17,1388
2012,3,8,18,1335
2012,3,8,19,1435
2012,3,8,20,1650
2012,3,8,21,1938
2012,3,8,22,2228
2012,3,8,23,2460
2012,3,9,0,2566
2012,3,9,1,2498
2012,3,9,2,2286
2012,3,9,3,1992
2012,3,9,4,1692
2012,3,9,5,1480
2012,3,9,6,1393
2012,3,9,7,1450
2012,3,9,8,1616
2012,3,9,9,1914
2012,3,9,10,2234
2012,3,9,11,2440
2012,3,9,12,2574
2012,3,9,13,2555
2012,3,9,14,2382
2012,3,9,15,2082
2012,3,9,16,1740
2012,3,9,17,1453
2012,3,9,18,1315
2012,3,9,19,1351
2012,3,9,20,1506
2012,3,9,21,1760
2012,3,9,22,2076
2012,3,9,23,2386
2012,3,10,0,2618
2012,3,10,1,2682
2012,3,10,2,2548
2012,3,10,3,2294
2012,3,10,4,1937
2012,3,10,5,1605
2012,3,10,6,1398
2012,3,10,7,1369
2012,3,10,8,1452
2012,3,10,9,1740
2012,3,10,10,1985
2012,3,10,11,2244
2012,3,10,12,2438
2012,3,10,13,2530
2012,3,10,14,2476
2012,3,10,15,2257
2012,3,10,16,1926
2012,3,10,17,1589
2012,3,10,18,1336
2012,3,10,19,1255
2012,3,10,20,1358
2012,3,10,21,1591
2012,3,10,22,1890
2012,3,10,23,2214
2012,3,11,0,2463
2012,3,11,1,2610
2012,3,11,2,2628
2012,3,11,3,2439
2012,3,11,4,2148
2012,3,11,5,1783
2012,3,11,6,1470
2012,3,11,7,1316
2012,3,11,8,1340
2012,3,11,9,1487
2012,3,11,10,1723
2012,3,11,11,1975
2012,3,11,12,2199
2012,3,11,13,2373
2012,3,11,14,2427
2012,3,11,15,2317
2012,3,11,16,2054
2012,3,11,17,1733
2012,3,11,18,1454
2012,3,11,19,1302
2012,3,11,20,1308
2012,3,11,21,1452
2012,3,11,22,1692
2012,3,11,23,1991
2012,3,12,0,2287
2012,3,12,1,2516
2012,3,12,2,2610
2012,3,12,3,2563
2012,3,12,4,2388
2012,3,12,5,2076
2012,3,12,6,1731
2012,3,12,7,1460
2012,3,12,8,1345
2012,3,12,9,1378
2012,3,12,10,1523
2012,3,12,11,1738
2012,3,12,12,1951
2012,3,12,13,2126
2012,3,12,14,2222
2012,3,12,15,2216
2012,3,12,16,2099
2012,3,12,17,1875
2012,3,12,18,1595
2012,3,12,19,1355
2012,3,12,20,1253
2012,3,12,21,1314
2012,3,12,22,1500
2012,3,12,23,1763
2012,3,13,0,2043
2012,3,13,1,2312
2012,3,13,2,2510
2012,3,13,3,2533
2012,3,13,4,2480
2012,3,13,5,2294
2012,3,13,6,2018
2012,3,13,7,1734
2012,3,13,8,1497
2012,3,13,9,1416
2012,3,13,10,1470
2012,3,13,11,1617
2012,3,13,12,1794
2012,3,13,13,1933
2012,3,13,14,2069
2012,3,13,15,2139
2012,3,13,16,2106
2012,3,13,17,1976
2012,3,13,18,1781
2012,3,13,19,1533
2012,3,13,20,1372
2012,3,13,21,1329
2012,3,13,22,1420
2012,3,13,23,1616
2012,3,14,0,1862
2012,3,14,1,2083
2012,3,14,2,2247
2012,3,14,3,2351
2012,3,14,4,2386
2012,3,14,5,2329
2012,3,14,6,2169
2012,3,14,7,1933
2012,3,14,8,1715
2012,3,14,9,1550
2012,3,14,10,1529
2012,3,14,11,1599
2012,3,14,12,1711
2012,3,14,13,1829
2012,3,14,14,1916
2012,3,14,15,1973
2012,3,14,16,2011
2012,3,14,17,1999
2012,3,14,18,1897
2012,3,14,19,1726
2012,3,14,20,1558
2012,3,14,21,1462
2012,3,14,22,1473
2012,3,14,23,1577
2012,3,15,0,1725
2012,3,15,1,1882
2012,3,15,2,2026
2012,3,15,3,2159
2012,3,15,4,2275
2012,3,15,5,2336
2012,3,15,6,2290
2012,3,15,7,2126
2012,3,15,8,1915
2012,3,15,9,1752
2012,3,15,10,1654
2012,3,15,11,1652
2012,3,15,12,1689
2012,3,15,13,1728
2012,3,15,14,1757
2012,3,15,15,1798
2012,3,15,16,1866
2012,3,15,17,1925
2012,3,15,18,1922
2012,3,15,19,1844
2012,3,15,20,1717
2012,3,15,21,1596
2012,3,15,22,1533
2012,3,15,23,1554
2012,3,16,0,1635
2012,3,16,1,1753
2012,3,16,2,1877
2012,3,16,3,1993
2012,3,16,4,2097
2012,3,16,5,2203
2012,3,16,6,2273
2012,3,16,7,2248
2012,3,16,8,2125
2012,3,16,9,1960
2012,3,16,10,1832
2012,3,16,11,1760
2012,3,16,12,1735
2012,3,16,13,1729
2012,3,16,14,1734
2012,3,16,15,1758
2012,3,16,16,1806
2012,3,16,17,1875
2012,3,16,18,1930
2012,3,16,19,1944
2012,3,16,20,1898
2012,3,16,21,1805
2012,3,16,22,1708
2012,3,16,23,1646
2012,3,17,0,1640
2012,3,17,1,1671
2012,3,17,2,1735
2012,3,17,3,1811
2012,3,17,4,1912
2012,3,17,5,2045
2012,3,17,6,2178
2012,3,17,7,2269
2012,3,17,8,2274
2012,3,17,9,2199
2012,3,17,10,2081
2012,3,17,11,1944
2012,3,17,12,1826
2012,3,17,13,1742
2012,3,17,14,1689
2012,3,17,15,1670
2012,3,17,16,1692
2012,3,17,17,1753
2012,3,17,18,1829
2012,3,17,19,1920
2012,3,17,20,1979
2012,3,17,21,1971
2012,3,17,22,1904
2012,3,17,23,1808
2012,3,18,0,1715
2012,3,18,1,1647
2012,3,18,2,1627
2012,3,18,3,1651
2012,3,18,4,1718
2012,3,18,5,1832
2012,3,18,6,1972
2012,3,18,7,2120
2012,3,18,8,2237
2012,3,18,9,2270
2012,3,18,10,2210
2012,3,18,11,2087
2012,3,18,12,1936
2012,3,18,13,1776
2012,3,18,14,1644
2012,3,18,15,1567
2012,3,18,16,1560
2012,3,18,17,1611
2012,3,18,18,1712
2012,3,18,19,1846
2012,3,18,20,1972
2012,3,18,21,2063
2012,3,18,22,2077
2012,3,18,23,1997
2012,3,19,0,1853
2012,3,19,1,1699
2012,3,19,2,1590
2012,3,19,3,1553
2012,3,19,4,1592
2012,3,19,5,1685
2012,3,19,6,1831
2012,3,19,7,2005
2012,3,19,8,2188
2012,3,19,9,2326
2012,3,19,10,2375
2012,3,19,11,2298
2012,3,19,12,2128
2012,3,19,13,1926
2012,3,19,14,1735
2012,3,19,15,1595
2012,3,19,16,1531
2012,3,19,17,1553
2012,3,19,18,1655
2012,3,19,19,1812
2012,3,19,20,1987
2012,3,19,21,2132
2012,3,19,22,2210
2012,3,19,23,2196
2012,3,20,0,2080
2012,3,20,1,1906
2012,3,20,2,1733
2012,3,20,3,1585
2012,3,20,4,1530
2012,3,20,5,1560
2012,3,20,6,1673
2012,3,20,7,1856
2012,3,20,8,2068
2012,3,20,9,2263
2012,3,20,10,2383
2012,3,20,11,2392
2012,3,20,12,2291
2012,3,20,13,2104
2012,3,20,14,1875
2012,3,20,15,1656
2012,3,20,16,1496
2012,3,20,17,1466
2012,3,20,18,1540
2012,3,20,19,1699
2012,3,20,20,1899
2012,3,20,21,2109
2012,3,20,22,2276
2012,3,20,23,2333
2012,3,21,0,2266
2012,3,21,1,2085
2012,3,21,2,1851
2012,3,21,3,1636
2012,3,21,4,1492
2012,3,21,5,1462
2012,3,21,6,1536
2012,3,21,7,1691
2012,3,21,8,1900
2012,3,21,9,2119
2012,3,21,10,2306
2012,3,21,11,2389
2012,3,21,12,2338
2012,3,21,13,2164
2012,3,21,14,1920
2012,3,21,15,1675
2012,3,21,16,1491
2012,3,21,17,1408
2012,3,21,18,1435
2012,3,21,19,1559
2012,3,21,20,1763
2012,3,21,21,1995
2012,3,21,22,2201
2012,3,21,23,2333
2012,3,22,0,2346
2012,3,22,1,2232
2012,3,22,2,2021
2012,3,22,3,1778
2012,3,22,4,1554
2012,3,22,5,1419
2012,3,22,6,1422
2012,3,22,7,1544
2012,3,22,8,1744
2012,3,22,9,1965
2012,3,22,10,2169
2012,3,22,11,2315
2012,3,22,12,2360
2012,3,22,13,2288
2012,3,22,14,2080
2012,3,22,15,1823
2012,3,22,16,1565
2012,3,22,17,1384
2012,3,22,18,1385
2012,3,22,19,1484
2012,3,22,20,1691
2012,3,22,21,1925
2012,3,22,22,2137
2012,3,22,23,2315
2012,3,23,0,2399
2012,3,23,1,2367
2012,3,23,2,2207
2012,3,23,3,1954
2012,3,23,4,1687
2012,3,23,5,1476
2012,3,23,6,1394
2012,3,23,7,1453
2012,3,23,8,1605
2012,3,23,9,1845
2012,3,23,10,2048
2012,3,23,11,2234
2012,3,23,12,2322
2012,3,23,13,2296
2012,3,23,14,2157
2012,3,23,15,1943
2012,3,23,16,1654
2012,3,23,17,1433
2012,3,23,18,1328
2012,3,23,19,1364
2012,3,23,20,1539
2012,3,23,21,1789
2012,3,23,22,2052
2012,3,23,23,2268
2012,3,24,0,2391
2012,3,24,1,2396
2012,3,24,2,2289
2012,3,24,3,2075
2012,3,24,4,1802
2012,3,24,5,1544
2012,3,24,6,1386
2012,3,24,7,1372
2012,3,24,8,1490
2012,3,24,9,1686
2012,3,24,10,1910
2012,3,24,11,2101
2012,3,24,12,2230
2012,3,24,13,2265
2012,3,24,14,2188
2012,3,24,15,1997
2012,3,24,16,1733
2012,3,24,17,1473
2012,3,24,18,1319
2012,3,24,19,1310
2012,3,24,20,1438
2012,3,24,21,1664
2012,3,24,22,1922
2012,3,24,23,2152
2012,3,25,0,2311
2012,3,25,1,2375
2012,3,25,2,2333
2012,3,25,3,2168
2012,3,25,4,1915
2012,3,25,5,1645
2012,3,25,6,1436
2012,3,25,7,1355
2012,3,25,8,1404
2012,3,25,9,1556
2012,3,25,10,1771
2012,3,25,11,1979
2012,3,25,12,2137
2012,3,25,13,2214
2012,3,25,14,2187
2012,3,25,15,2050
2012,3,25,16,1835
2012,3,25,17,1559
2012,3,25,18,1374
2012,3,25,19,1307
2012,3,25,20,1394
2012,3,25,21,1560
2012,3,25,22,1852
2012,3,25,23,2078
2012,3,26,0,2278
2012,3,26,1,2386
2012,3,26,2,2381
2012,3,26,3,2259
2012,3,26,4,2042
2012,3,26,5,1783
2012,3,26,6,1555
2012,3,26,7,1425
2012,3,26,8,1428
2012,3,26,9,1535
2012,3,26,10,1702
2012,3,26,11,1874
2012,3,26,12,2010
2012,3,26,13,2096
2012,3,26,14,2125
2012,3,26,15,2084
2012,3,26,16,1914
2012,3,26,17,1683
2012,3,26,18,1479
2012,3,26,19,1364
2012,3,26,20,1387
2012,3,26,21,1521
2012,3,26,22,1733
2012,3,26,23,1963
2012,3,27,0,2161
2012,3,27,1,2294
2012,3,27,2,2338
2012,3,27,3,2308
2012,3,27,4,2174
2012,3,27,5,1950
2012,3,27,6,1717
2012,3,27,7,1523
2012,3,27,8,1451
2012,3,27,9,1474
2012,3,27,10,1589
2012,3,27,11,1755
2012,3,27,12,1935
2012,3,27,13,2068
2012,3,27,14,2130
2012,3,27,15,2095
2012,3,27,16,1964
2012,3,27,17,1767
2012,3,27,18,1564
2012,3,27,19,1417
2012,3,27,20,1375
2012,3,27,21,1446
2012,3,27,22,1608
2012,3,27,23,1861
2012,3,28,0,2048
2012,3,28,1,2193
2012,3,28,2,2256
2012,3,28,3,2262
2012,3,28,4,2188
2012,3,28,5,2029
2012,3,28,6,1816
2012,3,28,7,1612
2012,3,28,8,1499
2012,3,28,9,1499
2012,3,28,10,1588
2012,3,28,11,1702
2012,3,28,12,1815
2012,3,28,13,1898
2012,3,28,14,1962
2012,3,28,15,1995
2012,3,28,16,1965
2012,3,28,17,1845
2012,3,28,18,1671
2012,3,28,19,1517
2012,3,28,20,1440
2012,3,28,21,1464
2012,3,28,22,1577
2012,3,28,23,1743
2012,3,29,0,1926
2012,3,29,1,2083
2012,3,29,2,2190
2012,3,29,3,2239
2012,3,29,4,2216
2012,3,29,5,2120
2012,3,29,6,1971
2012,3,29,7,1796
2012,3,29,8,1649
2012,3,29,9,1587
2012,3,29,10,1608
2012,3,29,11,1692
2012,3,29,12,1794
2012,3,29,13,1876
2012,3,29,14,1943
2012,3,29,15,1966
2012,3,29,16,1971
2012,3,29,17,1882
2012,3,29,18,1782
2012,3,29,19,1642
2012,3,29,20,1536
2012,3,29,21,1507
2012,3,29,22,1548
2012,3,29,23,1681
2012,3,30,0,1822
2012,3,30,1,1967
2012,3,30,2,2077
2012,3,30,3,2153
2012,3,30,4,2191
2012,3,30,5,2175
2012,3,30,6,2083
2012,3,30,7,1935
2012,3,30,8,1784
2012,3,30,9,1684
2012,3,30,10,1642
2012,3,30,11,1647
2012,3,30,12,1698
2012,3,30,13,1767
2012,3,30,14,1830
2012,3,30,15,1892
2012,3,30,16,1935
2012,3,30,17,1924
2012,3,30,18,1834
2012,3,30,19,1728
2012,3,30,20,1614
2012,3,30,21,1561
2012,3,30,22,1565
2012,3,30,23,1615
2012,3,31,0,1706
2012,3,31,1,1821
2012,3,31,2,1942
2012,3,31,3,2036
2012,3,31,4,2084
2012,3,31,5,2093
2012,3,31,6,2065
2012,3,31,7,1995
2012,3,31,8,1896
2012,3,31,9,1778
2012,3,31,10,1683
2012,3,31,11,1646
2012,3,31,12,1658
2012,3,31,13,1695
2012,3,31,14,1727
2012,3,31,15,1752
2012,3,31,16,1785
2012,3,31,17,1846
2012,3,31,18,1866
2012,3,31,19,1828
2012,3,31,20,1741
2012,3,31,21,1662
2012,3,31,22,1629
2012,3,31,23,1637
2012,4,1,0,1674
2012,4,1,1,1742
2012,4,1,2,1821
2012,4,1,3,1912
2012,4,1,4,2004
2012,4,1,5,2085
2012,4,1,6,2129
2012,4,1,7,2122
2012,4,1,8,2056
2012,4,1,9,1955
2012,4,1,10,1841
2012,4,1,11,1751
2012,4,1,12,1691
2012,4,1,13,1657
2012,4,1,14,1655
2012,4,1,15,1675
2012,4,1,16,1708
2012,4,1,17,1768
2012,4,1,18,1833
2012,4,1,19,1876
2012,4,1,20,1871
2012,4,1,21,1829
2012,4,1,22,1758
2012,4,1,23,1691
2012,4,2,0,1641
2012,4,2,1,1624
2012,4,2,2,1661
2012,4,2,3,1741
2012,4,2,4,1844
2012,4,2,5,1953
2012,4,2,6,2050
2012,4,2,7,2110
2012,4,2,8,2120
2012,4,2,9,2078
2012,4,2,10,1985
2012,4,2,11,1875
2012,4,2,12,1756
2012,4,2,13,1651
2012,4,2,14,1586
2012,4,2,15,1568
2012,4,2,16,1611
2012,4,2,17,1693
2012,4,2,18,1802
2012,4,2,19,1907
2012,4,2,20,1983
2012,4,2,21,2006
2012,4,2,22,1955
2012,4,2,23,1844
2012,4,3,0,1718
2012,4,3,1,1625
2012,4,3,2,1611
2012,4,3,3,1634
2012,4,3,4,1701
2012,4,3,5,1803
2012,4,3,6,1934
2012,4,3,7,2064
2012,4,3,8,2168
2012,4,3,9,2210
2012,4,3,10,2163
2012,4,3,11,2038
2012,4,3,12,1860
2012,4,3,13,1677
2012,4,3,14,1547
2012,4,3,15,1487
2012,4,3,16,1503
2012,4,3,17,1591
2012,4,3,18,1730
2012,4,3,19,1891
2012,4,3,20,2046
2012,4,3,21,2142
2012,4,3,22,2151
2012,4,3,23,2061
2012,4,4,0,1888
2012,4,4,1,1724
2012,4,4,2,1579
2012,4,4,3,1534
2012,4,4,4,1548
2012,4,4,5,1623
2012,4,4,6,1757
2012,4,4,7,1938
2012,4,4,8,2122
2012,4,4,9,2257
2012,4,4,10,2292
2012,4,4,11,2214
2012,4,4,12,2048
2012,4,4,13,1831
2012,4,4,14,1634
2012,4,4,15,1490
2012,4,4,16,1427
2012,4,4,17,1462
2012,4,4,18,1591
2012,4,4,19,1795
2012,4,4,20,2027
2012,4,4,21,2214
2012,4,4,22,2320
2012,4,4,23,2299
2012,4,5,0,2154
2012,4,5,1,1933
2012,4,5,2,1690
2012,4,5,3,1495
2012,4,5,4,1409
2012,4,5,5,1438
2012,4,5,6,1572
2012,4,5,7,1780
2012,4,5,8,1995
2012,4,5,9,2199
2012,4,5,10,2328
2012,4,5,11,2340
2012,4,5,12,2226
2012,4,5,13,2008
2012,4,5,14,1745
2012,4,5,15,1508
2012,4,5,16,1364
2012,4,5,17,1345
2012,4,5,18,1455
2012,4,5,19,1666
2012,4,5,20,1931
2012,4,5,21,2196
2012,4,5,22,2410
2012,4,5,23,2492
2012,4,6,0,2408
2012,4,6,1,2182
2012,4,6,2,1882
2012,4,6,3,1592
2012,4,6,4,1405
2012,4,6,5,1356
2012,4,6,6,1420
2012,4,6,7,1574
2012,4,6,8,1785
2012,4,6,9,2026
2012,4,6,10,2244
2012,4,6,11,2381
2012,4,6,12,2373
2012,4,6,13,2196
2012,4,6,14,1911
2012,4,6,15,1606
2012,4,6,16,1373
2012,4,6,17,1279
2012,4,6,18,1319
2012,4,6,19,1513
2012,4,6,20,1759
2012,4,6,21,2079
2012,4,6,22,2376
2012,4,6,23,2573
2012,4,7,0,2606
2012,4,7,1,2464
2012,4,7,2,2173
2012,4,7,3,1825
2012,4,7,4,1529
2012,4,7,5,1359
2012,4,7,6,1324
2012,4,7,7,1401
2012,4,7,8,1574
2012,4,7,9,1822
2012,4,7,10,2087
2012,4,7,11,2304
2012,4,7,12,2391
2012,4,7,13,2299
2012,4,7,14,2062
2012,4,7,15,1756
2012,4,7,16,1463
2012,4,7,17,1277
2012,4,7,18,1253
2012,4,7,19,1381
2012,4,7,20,1613
2012,4,7,21,1911
2012,4,7,22,2230
2012,4,7,23,2495
2012,4,8,0,2646
2012,4,8,1,2638
2012,4,8,2,2439
2012,4,8,3,2093
2012,4,8,4,1734
2012,4,8,5,1448
2012,4,8,6,1299
2012,4,8,7,1286
2012,4,8,8,1392
2012,4,8,9,1603
2012,4,8,10,1868
2012,4,8,11,2128
2012,4,8,12,2313
2012,4,8,13,2347
2012,4,8,14,2219
2012,4,8,15,1956
2012,4,8,16,1640
2012,4,8,17,1371
2012,4,8,18,1236
2012,4,8,19,1257
2012,4,8,20,1418
2012,4,8,21,1695
2012,4,8,22,2019
2012,4,8,23,2334
2012,4,9,0,2580
2012,4,9,1,2697
2012,4,9,2,2641
2012,4,9,3,2391
2012,4,9,4,2032
2012,4,9,5,1680
2012,4,9,6,1396
2012,4,9,7,1258
2012,4,9,8,1283
2012,4,9,9,1439
2012,4,9,10,1683
2012,4,9,11,1931
2012,4,9,12,2135
2012,4,9,13,2263
2012,4,9,14,2281
2012,4,9,15,2180
2012,4,9,16,1853
2012,4,9,17,1566
2012,4,9,18,1297
2012,4,9,19,1229
2012,4,9,20,1301
2012,4,9,21,1499
2012,4,9,22,1784
2012,4,9,23,2094
2012,4,10,0,2360
2012,4,10,1,2537
2012,4,10,2,2604
2012,4,10,3,2522
2012,4,10,4,2292
2012,4,10,5,1961
2012,4,10,6,1613
2012,4,10,7,1366
2012,4,10,8,1279
2012,4,10,9,1345
2012,4,10,10,1510
2012,4,10,11,1719
2012,4,10,12,1891
2012,4,10,13,2060
2012,4,10,14,2156
2012,4,10,15,2141
2012,4,10,16,2003
2012,4,10,17,1742
2012,4,10,18,1477
2012,4,10,19,1290
2012,4,10,20,1261
2012,4,10,21,1390
2012,4,10,22,1623
2012,4,10,23,1876
2012,4,11,0,2107
2012,4,11,1,2315
2012,4,11,2,2466
2012,4,11,3,2527
2012,4,11,4,2444
2012,4,11,5,2189
2012,4,11,6,1860
2012,4,11,7,1576
2012,4,11,8,1417
2012,4,11,9,1393
2012,4,11,10,1463
2012,4,11,11,1587
2012,4,11,12,1737
2012,4,11,13,1880
2012,4,11,14,2013
2012,4,11,15,2095
2012,4,11,16,2090
2012,4,11,17,1954
2012,4,11,18,1732
2012,4,11,19,1512
2012,4,11,20,1398
2012,4,11,21,1423
2012,4,11,22,1552
2012,4,11,23,1731
2012,4,12,0,1931
2012,4,12,1,2127
2012,4,12,2,2303
2012,4,12,3,2412
2012,4,12,4,2438
2012,4,12,5,2338
2012,4,12,6,2115
2012,4,12,7,1853
2012,4,12,8,1635
2012,4,12,9,1519
2012,4,12,10,1497
2012,4,12,11,1559
2012,4,12,12,1663
2012,4,12,13,1782
2012,4,12,14,1898
2012,4,12,15,1998
2012,4,12,16,2051
2012,4,12,17,2032
2012,4,12,18,1920
2012,4,12,19,1751
2012,4,12,20,1598
2012,4,12,21,1522
2012,4,12,22,1543
2012,4,12,23,1633
2012,4,13,0,1778
2012,4,13,1,1950
2012,4,13,2,2108
2012,4,13,3,2226
2012,4,13,4,2296
2012,4,13,5,2309
2012,4,13,6,2229
2012,4,13,7,2068
2012,4,13,8,1864
2012,4,13,9,1679
2012,4,13,10,1568
2012,4,13,11,1546
2012,4,13,12,1604
2012,4,13,13,1673
2012,4,13,14,1746
2012,4,13,15,1833
2012,4,13,16,1923
2012,4,13,17,1988
2012,4,13,18,1984
2012,4,13,19,1901
2012,4,13,20,1780
2012,4,13,21,1669
2012,4,13,22,1612
2012,4,13,23,1601
2012,4,14,0,1628
2012,4,14,1,1727
2012,4,14,2,1851
2012,4,14,3,1984
2012,4,14,4,2104
2012,4,14,5,2180
2012,4,14,6,2191
2012,4,14,7,2137
2012,4,14,8,2024
2012,4,14,9,1870
2012,4,14,10,1722
2012,4,14,11,1624
2012,4,14,12,1598
2012,4,14,13,1610
2012,4,14,14,1655
2012,4,14,15,1728
2012,4,14,16,1804
2012,4,14,17,1893
2012,4,14,18,1978
2012,4,14,19,2011
2012,4,14,20,1956
2012,4,14,21,1862
2012,4,14,22,1765
2012,4,14,23,1686
2012,4,15,0,1643
2012,4,15,1,1665
2012,4,15,2,1726
2012,4,15,3,1814
2012,4,15,4,1914
2012,4,15,5,2017
2012,4,15,6,2117
2012,4,15,7,2180
2012,4,15,8,2169
2012,4,15,9,2061
2012,4,15,10,1906
2012,4,15,11,1750
2012,4,15,12,1635
2012,4,15,13,1586
2012,4,15,14,1591
2012,4,15,15,1627
2012,4,15,16,1690
2012,4,15,17,1786
2012,4,15,18,1920
2012,4,15,19,2050
2012,4,15,20,2117
2012,4,15,21,2093
2012,4,15,22,1992
2012,4,15,23,1860
2012,4,16,0,1749
2012,4,16,1,1695
2012,4,16,2,1686
2012,4,16,3,1713
2012,4,16,4,1783
2012,4,16,5,1884
2012,4,16,6,2001
2012,4,16,7,2100
2012,4,16,8,2167
2012,4,16,9,2159
2012,4,16,10,2072
2012,4,16,11,1922
2012,4,16,12,1745
2012,4,16,13,1609
2012,4,16,14,1551
2012,4,16,15,1550
2012,4,16,16,1587
2012,4,16,17,1683
2012,4,16,18,1804
2012,4,16,19,1947
2012,4,16,20,2086
2012,4,16,21,2174
2012,4,16,22,2157
2012,4,16,23,2032
2012,4,17,0,1868
2012,4,17,1,1738
2012,4,17,2,1660
2012,4,17,3,1636
2012,4,17,4,1666
2012,4,17,5,1735
2012,4,17,6,1835
2012,4,17,7,1963
2012,4,17,8,2087
2012,4,17,9,2169
2012,4,17,10,2156
2012,4,17,11,2059
2012,4,17,12,1888
2012,4,17,13,1695
2012,4,17,14,1558
2012,4,17,15,1474
2012,4,17,16,1495
2012,4,17,17,1597
2012,4,17,18,1710
2012,4,17,19,1878
2012,4,17,20,2053
2012,4,17,21,2193
2012,4,17,22,2260
2012,4,17,23,2206
2012,4,18,0,2052
2012,4,18,1,1862
2012,4,18,2,1690
2012,4,18,3,1578
2012,4,18,4,1542
2012,4,18,5,1579
2012,4,18,6,1679
2012,4,18,7,1819
2012,4,18,8,1974
2012,4,18,9,2094
2012,4,18,10,2174
2012,4,18,11,2148
2012,4,18,12,2019
2012,4,18,13,1817
2012,4,18,14,1623
2012,4,18,15,1496
2012,4,18,16,1453
2012,4,18,17,1492
2012,4,18,18,1611
2012,4,18,19,1787
2012,4,18,20,1985
2012,4,18,21,2170
2012,4,18,22,2289
2012,4,18,23,2303
2012,4,19,0,2206
2012,4,19,1,2026
2012,4,19,2,1805
2012,4,19,3,1611
2012,4,19,4,1499
2012,4,19,5,1489
2012,4,19,6,1554
2012,4,19,7,1678
2012,4,19,8,1837
2012,4,19,9,1997
2012,4,19,10,2124
2012,4,19,11,2173
2012,4,19,12,2108
2012,4,19,13,1947
2012,4,19,14,1740
2012,4,19,15,1558
2012,4,19,16,1447
2012,4,19,17,1436
2012,4,19,18,1518
2012,4,19,19,1683
2012,4,19,20,1896
2012,4,19,21,2121
2012,4,19,22,2308
2012,4,19,23,2393
2012,4,20,0,2355
2012,4,20,1,2205
2012,4,20,2,1973
2012,4,20,3,1723
2012,4,20,4,1546
2012,4,20,5,1475
2012,4,20,6,1500
2012,4,20,7,1595
2012,4,20,8,1737
2012,4,20,9,1906
2012,4,20,10,2080
2012,4,20,11,2199
2012,4,20,12,2196
2012,4,20,13,2057
2012,4,20,14,1854
2012,4,20,15,1608
2012,4,20,16,1467
2012,4,20,17,1413
2012,4,20,18,1477
2012,4,20,19,1626
2012,4,20,20,1817
2012,4,20,21,2044
2012,4,20,22,2253
2012,4,20,23,2396
2012,4,21,0,2423
2012,4,21,1,2338
2012,4,21,2,2149
2012,4,21,3,1892
2012,4,21,4,1649
2012,4,21,5,1494
2012,4,21,6,1448
2012,4,21,7,1501
2012,4,21,8,1630
2012,4,21,9,1806
2012,4,21,10,1991
2012,4,21,11,2136
2012,4,21,12,2192
2012,4,21,13,2154
2012,4,21,14,1982
2012,4,21,15,1739
2012,4,21,16,1518
2012,4,21,17,1389
2012,4,21,18,1394
2012,4,21,19,1522
2012,4,21,20,1726
2012,4,21,21,1974
2012,4,21,22,2223
2012,4,21,23,2409
2012,4,22,0,2489
2012,4,22,1,2469
2012,4,22,2,2322
2012,4,22,3,2055
2012,4,22,4,1765
2012,4,22,5,1535
2012,4,22,6,1427
2012,4,22,7,1441
2012,4,22,8,1550
2012,4,22,9,1712
2012,4,22,10,1893
2012,4,22,11,2059
2012,4,22,12,2161
2012,4,22,13,2172
2012,4,22,14,2068
2012,4,22,15,1877
2012,4,22,16,1651
2012,4,22,17,1467
2012,4,22,18,1407
2012,4,22,19,1478
2012,4,22,20,1648
2012,4,22,21,1882
2012,4,22,22,2136
2012,4,22,23,2341
2012,4,23,0,2469
2012,4,23,1,2504
2012,4,23,2,2428
2012,4,23,3,2230
2012,4,23,4,1944
2012,4,23,5,1674
2012,4,23,6,1499
2012,4,23,7,1451
2012,4,23,8,1521
2012,4,23,9,1660
2012,4,23,10,1834
2012,4,23,11,1996
2012,4,23,12,2119
2012,4,23,13,2180
2012,4,23,14,2140
2012,4,23,15,2000
2012,4,23,16,1762
2012,4,23,17,1524
2012,4,23,18,1402
2012,4,23,19,1411
2012,4,23,20,1542
2012,4,23,21,1766
2012,4,23,22,2019
2012,4,23,23,2217
2012,4,24,0,2355
2012,4,24,1,2425
2012,4,24,2,2403
2012,4,24,3,2278
2012,4,24,4,2048
2012,4,24,5,1773
2012,4,24,6,1533
2012,4,24,7,1421
2012,4,24,8,1451
2012,4,24,9,1562
2012,4,24,10,1724
2012,4,24,11,1886
2012,4,24,12,2010
2012,4,24,13,2073
2012,4,24,14,2077
2012,4,24,15,2001
2012,4,24,16,1832
2012,4,24,17,1613
2012,4,24,18,1442
2012,4,24,19,1375
2012,4,24,20,1433
2012,4,24,21,1619
2012,4,24,22,1858
2012,4,24,23,2082
2012,4,25,0,2255
2012,4,25,1,2356
2012,4,25,2,2371
2012,4,25,3,2305
2012,4,25,4,2141
2012,4,25,5,1907
2012,4,25,6,1663
2012,4,25,7,1505
2012,4,25,8,1460
2012,4,25,9,1513
2012,4,25,10,1649
2012,4,25,11,1813
2012,4,25,12,1952
2012,4,25,13,2031
2012,4,25,14,2058
2012,4,25,15,2012
2012,4,25,16,1887
2012,4,25,17,1711
2012,4,25,18,1549
2012,4,25,19,1447
2012,4,25,20,1460
2012,4,25,21,1577
2012,4,25,22,1769
2012,4,25,23,1972
2012,4,26,0,2154
2012,4,26,1,2295
2012,4,26,2,2356
2012,4,26,3,2325
2012,4,26,4,2210
2012,4,26,5,2019
2012,4,26,6,1792
2012,4,26,7,1589
2012,4,26,8,1497
2012,4,26,9,1513
2012,4,26,10,1599
2012,4,26,11,1724
2012,4,26,12,1843
2012,4,26,13,1944
2012,4,26,14,2007
2012,4,26,15,2007
2012,4,26,16,1945
2012,4,26,17,1804
2012,4,26,18,1643
2012,4,26,19,1517
2012,4,26,20,1478
2012,4,26,21,1539
2012,4,26,22,1682
2012,4,26,23,1872
2012,4,27,0,2053
2012,4,27,1,2201
2012,4,27,2,2286
2012,4,27,3,2292
2012,4,27,4,2223
2012,4,27,5,2094
2012,4,27,6,1925
2012,4,27,7,1728
2012,4,27,8,1598
2012,4,27,9,1531
2012,4,27,10,1553
2012,4,27,11,1653
2012,4,27,12,1778
2012,4,27,13,1881
2012,4,27,14,1942
2012,4,27,15,1962
2012,4,27,16,1940
2012,4,27,17,1870
2012,4,27,18,1752
2012,4,27,19,1625
2012,4,27,20,1542
2012,4,27,21,1538
2012,4,27,22,1609
2012,4,27,23,1747
2012,4,28,0,1919
2012,4,28,1,2081
2012,4,28,2,2198
2012,4,28,3,2240
2012,4,28,4,2220
2012,4,28,5,2157
2012,4,28,6,2049
2012,4,28,7,1907
2012,4,28,8,1764
2012,4,28,9,1658
2012,4,28,10,1618
2012,4,28,11,1656
2012,4,28,12,1738
2012,4,28,13,1824
2012,4,28,14,1891
2012,4,28,15,1931
2012,4,28,16,1959
2012,4,28,17,1944
2012,4,28,18,1890
2012,4,28,19,1790
2012,4,28,20,1677
2012,4,28,21,1618
2012,4,28,22,1628
2012,4,28,23,1701
2012,4,29,0,1823
2012,4,29,1,1952
2012,4,29,2,2080
2012,4,29,3,2166
2012,4,29,4,2202
2012,4,29,5,2190
2012,4,29,6,2114
2012,4,29,7,2006
2012,4,29,8,1873
2012,4,29,9,1741
2012,4,29,10,1660
2012,4,29,11,1643
2012,4,29,12,1685
2012,4,29,13,1740
2012,4,29,14,1790
2012,4,29,15,1847
2012,4,29,16,1902
2012,4,29,17,1954
2012,4,29,18,1966
2012,4,29,19,1911
2012,4,29,20,1815
2012,4,29,21,1720
2012,4,29,22,1673
2012,4,29,23,1679
2012,4,30,0,1724
2012,4,30,1,1821
2012,4,30,2,1933
2012,4,30,3,2029
2012,4,30,4,2107
2012,4,30,5,2157
2012,4,30,6,2154
2012,4,30,7,2110
2012,4,30,8,2016
2012,4,30,9,1882
2012,4,30,10,1762
2012,4,30,11,1669
2012,4,30,12,1639
2012,4,30,13,1662
2012,4,30,14,1710
2012,4,30,15,1790
2012,4,30,16,1860
2012,4,30,17,1938
2012,4,30,18,2010
2012,4,30,19,2039
2012,4,30,20,1988
2012,4,30,21,1893
2012,4,30,22,1800
2012,4,30,23,1741
2012,5,1,0,1720
2012,5,1,1,1739
2012,5,1,2,1802
2012,5,1,3,1891
2012,5,1,4,1996
2012,5,1,5,2091
2012,5,1,6,2153
2012,5,1,7,2169
2012,5,1,8,2123
2012,5,1,9,2032
2012,5,1,10,1914
2012,5,1,11,1794
2012,5,1,12,1690
2012,5,1,13,1630
2012,5,1,14,1630
2012,5,1,15,1682
2012,5,1,16,1768
2012,5,1,17,1891
2012,5,1,18,2026
2012,5,1,19,2131
2012,5,1,20,2175
2012,5,1,21,2143
2012,5,1,22,2050
2012,5,1,23,1915
2012,5,2,0,1790
2012,5,2,1,1719
2012,5,2,2,1698
2012,5,2,3,1744
2012,5,2,4,1846
2012,5,2,5,1972
2012,5,2,6,2099
2012,5,2,7,2193
2012,5,2,8,2227
2012,5,2,9,2190
2012,5,2,10,2077
2012,5,2,11,1923
2012,5,2,12,1752
2012,5,2,13,1605
2012,5,2,14,1533
2012,5,2,15,1547
2012,5,2,16,1618
2012,5,2,17,1772
2012,5,2,18,1980
2012,5,2,19,2168
2012,5,2,20,2294
2012,5,2,21,2330
2012,5,2,22,2273
2012,5,2,23,2137
2012,5,3,0,1961
2012,5,3,1,1801
2012,5,3,2,1684
2012,5,3,3,1651
2012,5,3,4,1699
2012,5,3,5,1811
2012,5,3,6,1961
2012,5,3,7,2124
2012,5,3,8,2259
2012,5,3,9,2313
2012,5,3,10,2273
2012,5,3,11,2150
2012,5,3,12,1966
2012,5,3,13,1763
2012,5,3,14,1593
2012,5,3,15,1513
2012,5,3,16,1538
2012,5,3,17,1657
2012,5,3,18,1864
2012,5,3,19,2102
2012,5,3,20,2316
2012,5,3,21,2458
2012,5,3,22,2489
2012,5,3,23,2396
2012,5,4,0,2193
2012,5,4,1,1960
2012,5,4,2,1763
2012,5,4,3,1624
2012,5,4,4,1581
2012,5,4,5,1632
2012,5,4,6,1760
2012,5,4,7,1943
2012,5,4,8,2126
2012,5,4,9,2278
2012,5,4,10,2340
2012,5,4,11,2290
2012,5,4,12,2134
2012,5,4,13,1902
2012,5,4,14,1657
2012,5,4,15,1487
2012,5,4,16,1436
2012,5,4,17,1527
2012,5,4,18,1737
2012,5,4,19,1994
2012,5,4,20,2251
2012,5,4,21,2474
2012,5,4,22,2614
2012,5,4,23,2628
2012,5,5,0,2495
2012,5,5,1,2240
2012,5,5,2,1943
2012,5,5,3,1693
2012,5,5,4,1558
2012,5,5,5,1542
2012,5,5,6,1614
2012,5,5,7,1763
2012,5,5,8,1963
2012,5,5,9,2167
2012,5,5,10,2331
2012,5,5,11,2390
2012,5,5,12,2311
2012,5,5,13,2098
2012,5,5,14,1819
2012,5,5,15,1574
2012,5,5,16,1431
2012,5,5,17,1433
2012,5,5,18,1563
2012,5,5,19,1791
2012,5,5,20,2075
2012,5,5,21,2362
2012,5,5,22,2600
2012,5,5,23,2731
2012,5,6,0,2711
2012,5,6,1,2536
2012,5,6,2,2237
2012,5,6,3,1899
2012,5,6,4,1629
2012,5,6,5,1482
2012,5,6,6,1472
2012,5,6,7,1568
2012,5,6,8,1742
2012,5,6,9,1958
2012,5,6,10,2179
2012,5,6,11,2343
2012,5,6,12,2392
2012,5,6,13,2281
2012,5,6,14,2028
2012,5,6,15,1722
2012,5,6,16,1469
2012,5,6,17,1355
2012,5,6,18,1394
2012,5,6,19,1562
2012,5,6,20,1822
2012,5,6,21,2130
2012,5,6,22,2431
2012,5,6,23,2661
2012,5,7,0,2765
2012,5,7,1,2701
2012,5,7,2,2473
2012,5,7,3,2137
2012,5,7,4,1807
2012,5,7,5,1550
2012,5,7,6,1411
2012,5,7,7,1405
2012,5,7,8,1514
2012,5,7,9,1720
2012,5,7,10,1958
2012,5,7,11,2168
2012,5,7,12,2315
2012,5,7,13,2324
2012,5,7,14,2186
2012,5,7,15,1924
2012,5,7,16,1626
2012,5,7,17,1393
2012,5,7,18,1310
2012,5,7,19,1403
2012,5,7,20,1623
2012,5,7,21,1913
2012,5,7,22,2222
2012,5,7,23,2493
2012,5,8,0,2692
2012,5,8,1,2778
2012,5,8,2,2697
2012,5,8,3,2427
2012,5,8,4,2048
2012,5,8,5,1705
2012,5,8,6,1474
2012,5,8,7,1394
2012,5,8,8,1436
2012,5,8,9,1569
2012,5,8,10,1760
2012,5,8,11,1974
2012,5,8,12,2176
2012,5,8,13,2294
2012,5,8,14,2269
2012,5,8,15,2084
2012,5,8,16,1803
2012,5,8,17,1527
2012,5,8,18,1352
2012,5,8,19,1324
2012,5,8,20,1448
2012,5,8,21,1665
2012,5,8,22,1944
2012,5,8,23,2225
2012,5,9,0,2472
2012,5,9,1,2651
2012,5,9,2,2718
2012,5,9,3,2616
2012,5,9,4,2344
2012,5,9,5,1996
2012,5,9,6,1700
2012,5,9,7,1511
2012,5,9,8,1451
2012,5,9,9,1500
2012,5,9,10,1632
2012,5,9,11,1814
2012,5,9,12,2009
2012,5,9,13,2186
2012,5,9,14,2273
2012,5,9,15,2222
2012,5,9,16,2031
2012,5,9,17,1776
2012,5,9,18,1539
2012,5,9,19,1410
2012,5,9,20,1429
2012,5,9,21,1559
2012,5,9,22,1774
2012,5,9,23,2012
2012,5,10,0,2243
2012,5,10,1,2444
2012,5,10,2,2578
2012,5,10,3,2592
2012,5,10,4,2456
2012,5,10,5,2198
2012,5,10,6,1911
2012,5,10,7,1671
2012,5,10,8,1532
2012,5,10,9,1492
2012,5,10,10,1558
2012,5,10,11,1699
2012,5,10,12,1859
2012,5,10,13,2011
2012,5,10,14,2132
2012,5,10,15,2198
2012,5,10,16,2154
2012,5,10,17,1994
2012,5,10,18,1773
2012,5,10,19,1569
2012,5,10,20,1474
2012,5,10,21,1519
2012,5,10,22,1642
2012,5,10,23,1821
2012,5,11,0,2023
2012,5,11,1,2228
2012,5,11,2,2410
2012,5,11,3,2523
2012,5,11,4,2525
2012,5,11,5,2378
2012,5,11,6,2123
2012,5,11,7,1863
2012,5,11,8,1674
2012,5,11,9,1587
2012,5,11,10,1585
2012,5,11,11,1655
2012,5,11,12,1763
2012,5,11,13,1878
2012,5,11,14,1990
2012,5,11,15,2069
2012,5,11,16,2130
2012,5,11,17,2088
2012,5,11,18,1949
2012,5,11,19,1753
2012,5,11,20,1606
2012,5,11,21,1562
2012,5,11,22,1616
2012,5,11,23,1749
2012,5,12,0,1895
2012,5,12,1,2024
2012,5,12,2,2149
2012,5,12,3,2272
2012,5,12,4,2380
2012,5,12,5,2402
2012,5,12,6,2298
2012,5,12,7,2098
2012,5,12,8,1881
2012,5,12,9,1731
2012,5,12,10,1662
2012,5,12,11,1671
2012,5,12,12,1733
2012,5,12,13,1817
2012,5,12,14,1898
2012,5,12,15,1991
2012,5,12,16,2086
2012,5,12,17,2138
2012,5,12,18,2110
2012,5,12,19,1991
2012,5,12,20,1846
2012,5,12,21,1724
2012,5,12,22,1680
2012,5,12,23,1714
2012,5,13,0,1789
2012,5,13,1,1901
2012,5,13,2,2027
2012,5,13,3,2143
2012,5,13,4,2249
2012,5,13,5,2308
2012,5,13,6,2298
2012,5,13,7,2191
2012,5,13,8,2023
2012,5,13,9,1868
2012,5,13,10,1756
2012,5,13,11,1697
2012,5,13,12,1704
2012,5,13,13,1742
2012,5,13,14,1800
2012,5,13,15,1881
2012,5,13,16,1982
2012,5,13,17,2086
2012,5,13,18,2150
2012,5,13,19,2141
2012,5,13,20,2039
2012,5,13,21,1903
2012,5,13,22,1799
2012,5,13,23,1760
2012,5,14,0,1770
2012,5,14,1,1809
2012,5,14,2,1874
2012,5,14,3,1949
2012,5,14,4,2035
2012,5,14,5,2126
2012,5,14,6,2181
2012,5,14,7,2173
2012,5,14,8,2093
2012,5,14,9,1957
2012,5,14,10,1820
2012,5,14,11,1726
2012,5,14,12,1685
2012,5,14,13,1685
2012,5,14,14,1715
2012,5,14,15,1768
2012,5,14,16,1862
2012,5,14,17,1963
2012,5,14,18,2086
2012,5,14,19,2167
2012,5,14,20,2172
2012,5,14,21,2090
2012,5,14,22,1972
2012,5,14,23,1870
2012,5,15,0,1804
2012,5,15,1,1790
2012,5,15,2,1812
2012,5,15,3,1856
2012,5,15,4,1917
2012,5,15,5,2003
2012,5,15,6,2089
2012,5,15,7,2148
2012,5,15,8,2151
2012,5,15,9,2083
2012,5,15,10,1972
2012,5,15,11,1850
2012,5,15,12,1752
2012,5,15,13,1698
2012,5,15,14,1695
2012,5,15,15,1731
2012,5,15,16,1799
2012,5,15,17,1910
2012,5,15,18,2052
2012,5,15,19,2181
2012,5,15,20,2255
2012,5,15,21,2252
2012,5,15,22,2161
2012,5,15,23,2037
2012,5,16,0,1911
2012,5,16,1,1816
2012,5,16,2,1770
2012,5,16,3,1769
2012,5,16,4,1812
2012,5,16,5,1883
2012,5,16,6,1971
2012,5,16,7,2060
2012,5,16,8,2121
2012,5,16,9,2132
2012,5,16,10,2077
2012,5,16,11,1971
2012,5,16,12,1841
2012,5,16,13,1721
2012,5,16,14,1655
2012,5,16,15,1651
2012,5,16,16,1703
2012,5,16,17,1801
2012,5,16,18,1943
2012,5,16,19,2099
2012,5,16,20,2223
2012,5,16,21,2292
2012,5,16,22,2273
2012,5,16,23,2171
2012,5,17,0,2020
2012,5,17,1,1872
2012,5,17,2,1757
2012,5,17,3,1695
2012,5,17,4,1694
2012,5,17,5,1743
2012,5,17,6,1828
2012,5,17,7,1925
2012,5,17,8,2019
2012,5,17,9,2082
2012,5,17,10,2093
2012,5,17,11,2027
2012,5,17,12,1902
2012,5,17,13,1747
2012,5,17,14,1613
2012,5,17,15,1555
2012,5,17,16,1577
2012,5,17,17,1674
2012,5,17,18,1830
2012,5,17,19,2008
2012,5,17,20,2162
2012,5,17,21,2278
2012,5,17,22,2324
2012,5,17,23,2279
2012,5,18,0,2150
2012,5,18,1,1979
2012,5,18,2,1815
2012,5,18,3,1693
2012,5,18,4,1634
2012,5,18,5,1640
2012,5,18,6,1707
2012,5,18,7,1826
2012,5,18,8,1965
2012,5,18,9,2066
2012,5,18,10,2113
2012,5,18,11,2084
2012,5,18,12,1985
2012,5,18,13,1837
2012,5,18,14,1673
2012,5,18,15,1569
2012,5,18,16,1551
2012,5,18,17,1613
2012,5,18,18,1748
2012,5,18,19,1924
2012,5,18,20,2115
2012,5,18,21,2286
2012,5,18,22,2386
2012,5,18,23,2387
2012,5,19,0,2285
2012,5,19,1,2111
2012,5,19,2,1923
2012,5,19,3,1750
2012,5,19,4,1641
2012,5,19,5,1609
2012,5,19,6,1658
2012,5,19,7,1755
2012,5,19,8,1890
2012,5,19,9,2015
2012,5,19,10,2110
2012,5,19,11,2142
2012,5,19,12,2087
2012,5,19,13,1955
2012,5,19,14,1775
2012,5,19,15,1617
2012,5,19,16,1521
2012,5,19,17,1530
2012,5,19,18,1649
2012,5,19,19,1826
2012,5,19,20,2035
2012,5,19,21,2226
2012,5,19,22,2372
2012,5,19,23,2432
2012,5,20,0,2383
2012,5,20,1,2238
2012,5,20,2,2031
2012,5,20,3,1807
2012,5,20,4,1636
2012,5,20,5,1546
2012,5,20,6,1543
2012,5,20,7,1625
2012,5,20,8,1768
2012,5,20,9,1926
2012,5,20,10,2060
2012,5,20,11,2138
2012,5,20,12,2119
2012,5,20,13,2019
2012,5,20,14,1847
2012,5,20,15,1658
2012,5,20,16,1510
2012,5,20,17,1468
2012,5,20,18,1537
2012,5,20,19,1689
2012,5,20,20,1900
2012,5,20,21,2114
2012,5,20,22,2298
2012,5,20,23,2410
2012,5,21,0,2414
2012,5,21,1,2319
2012,5,21,2,2146
2012,5,21,3,1928
2012,5,21,4,1715
2012,5,21,5,1550
2012,5,21,6,1488
2012,5,21,7,1531
2012,5,21,8,1663
2012,5,21,9,1841
2012,5,21,10,2005
2012,5,21,11,2098
2012,5,21,12,2133
2012,5,21,13,2098
2012,5,21,14,1958
2012,5,21,15,1772
2012,5,21,16,1586
2012,5,21,17,1468
2012,5,21,18,1471
2012,5,21,19,1595
2012,5,21,20,1787
2012,5,21,21,2012
2012,5,21,22,2219
2012,5,21,23,2363
2012,5,22,0,2413
2012,5,22,1,2378
2012,5,22,2,2265
2012,5,22,3,2078
2012,5,22,4,1812
2012,5,22,5,1605
2012,5,22,6,1464
2012,5,22,7,1440
2012,5,22,8,1537
2012,5,22,9,1707
2012,5,22,10,1891
2012,5,22,11,2030
2012,5,22,12,2094
2012,5,22,13,2069
2012,5,22,14,1973
2012,5,22,15,1821
2012,5,22,16,1633
2012,5,22,17,1483
2012,5,22,18,1431
2012,5,22,19,1494
2012,5,22,20,1648
2012,5,22,21,1864
2012,5,22,22,2100
2012,5,22,23,2293
2012,5,23,0,2395
2012,5,23,1,2406
2012,5,23,2,2323
2012,5,23,3,2143
2012,5,23,4,1912
2012,5,23,5,1667
2012,5,23,6,1480
2012,5,23,7,1397
2012,5,23,8,1440
2012,5,23,9,1579
2012,5,23,10,1765
2012,5,23,11,1951
2012,5,23,12,2076
2012,5,23,13,2116
2012,5,23,14,2064
2012,5,23,15,1932
2012,5,23,16,1742
2012,5,23,17,1555
2012,5,23,18,1441
2012,5,23,19,1446
2012,5,23,20,1554
2012,5,23,21,1742
2012,5,23,22,1975
2012,5,23,23,2194
2012,5,24,0,2343
2012,5,24,1,2406
2012,5,24,2,2383
2012,5,24,3,2264
2012,5,24,4,2080
2012,5,24,5,1851
2012,5,24,6,1634
2012,5,24,7,1486
2012,5,24,8,1451
2012,5,24,9,1525
2012,5,24,10,1681
2012,5,24,11,1868
2012,5,24,12,2028
2012,5,24,13,2117
2012,5,24,14,2116
2012,5,24,15,2035
2012,5,24,16,1873
2012,5,24,17,1676
2012,5,24,18,1535
2012,5,24,19,1475
2012,5,24,20,1513
2012,5,24,21,1637
2012,5,24,22,1837
2012,5,24,23,2064
2012,5,25,0,2264
2012,5,25,1,2406
2012,5,25,2,2442
2012,5,25,3,2367
2012,5,25,4,2213
2012,5,25,5,2009
2012,5,25,6,1791
2012,5,25,7,1608
2012,5,25,8,1507
2012,5,25,9,1506
2012,5,25,10,1620
2012,5,25,11,1795
2012,5,25,12,1967
2012,5,25,13,2083
2012,5,25,14,2128
2012,5,25,15,2101
2012,5,25,16,2000
2012,5,25,17,1843
2012,5,25,18,1677
2012,5,25,19,1550
2012,5,25,20,1516
2012,5,25,21,1591
2012,5,25,22,1741
2012,5,25,23,1932
2012,5,26,0,2110
2012,5,26,1,2258
2012,5,26,2,2356
2012,5,26,3,2361
2012,5,26,4,2272
2012,5,26,5,2101
2012,5,26,6,1882
2012,5,26,7,1677
2012,5,26,8,1550
2012,5,26,9,1521
2012,5,26,10,1582
2012,5,26,11,1712
2012,5,26,12,1872
2012,5,26,13,2003
2012,5,26,14,2091
2012,5,26,15,2120
2012,5,26,16,2068
2012,5,26,17,1956
2012,5,26,18,1813
2012,5,26,19,1689
2012,5,26,20,1621
2012,5,26,21,1624
2012,5,26,22,1695
2012,5,26,23,1825
2012,5,27,0,1992
2012,5,27,1,2167
2012,5,27,2,2303
2012,5,27,3,2374
2012,5,27,4,2350
2012,5,27,5,2247
2012,5,27,6,2075
2012,5,27,7,1870
2012,5,27,8,1692
2012,5,27,9,1588
2012,5,27,10,1585
2012,5,27,11,1672
2012,5,27,12,1805
2012,5,27,13,1931
2012,5,27,14,2039
2012,5,27,15,2108
2012,5,27,16,2126
2012,5,27,17,2092
2012,5,27,18,1990
2012,5,27,19,1854
2012,5,27,20,1720
2012,5,27,21,1647
2012,5,27,22,1658
2012,5,27,23,1741
2012,5,28,0,1868
2012,5,28,1,2023
2012,5,28,2,2172
2012,5,28,3,2264
2012,5,28,4,2278
2012,5,28,5,2224
2012,5,28,6,2114
2012,5,28,7,1965
2012,5,28,8,1807
2012,5,28,9,1681
2012,5,28,10,1615
2012,5,28,11,1626
2012,5,28,12,1700
2012,5,28,13,1820
2012,5,28,14,1940
2012,5,28,15,2037
2012,5,28,16,2108
2012,5,28,17,2146
2012,5,28,18,2121
2012,5,28,19,2026
2012,5,28,20,1896
2012,5,28,21,1783
2012,5,28,22,1716
2012,5,28,23,1727
2012,5,29,0,1795
2012,5,29,1,1899
2012,5,29,2,2042
2012,5,29,3,2150
2012,5,29,4,2203
2012,5,29,5,2211
2012,5,29,6,2168
2012,5,29,7,2071
2012,5,29,8,1928
2012,5,29,9,1777
2012,5,29,10,1662
2012,5,29,11,1629
2012,5,29,12,1661
2012,5,29,13,1727
2012,5,29,14,1804
2012,5,29,15,1905
2012,5,29,16,2033
2012,5,29,17,2161
2012,5,29,18,2232
2012,5,29,19,2215
2012,5,29,20,2111
2012,5,29,21,1975
2012,5,29,22,1849
2012,5,29,23,1778
2012,5,30,0,1751
2012,5,30,1,1775
2012,5,30,2,1870
2012,5,30,3,1996
2012,5,30,4,2113
2012,5,30,5,2189
2012,5,30,6,2214
2012,5,30,7,2184
2012,5,30,8,2092
2012,5,30,9,1966
2012,5,30,10,1812
2012,5,30,11,1692
2012,5,30,12,1645
2012,5,30,13,1642
2012,5,30,14,1697
2012,5,30,15,1814
2012,5,30,16,1966
2012,5,30,17,2127
2012,5,30,18,2265
2012,5,30,19,2315
2012,5,30,20,2273
2012,5,30,21,2160
2012,5,30,22,2008
2012,5,30,23,1866
2012,5,31,0,1781
2012,5,31,1,1763
2012,5,31,2,1793
2012,5,31,3,1853
2012,5,31,4,1930
2012,5,31,5,2034
2012,5,31,6,2148
2012,5,31,7,2219
2012,5,31,8,2207
2012,5,31,9,2105
2012,5,31,10,1950
2012,5,31,11,1812
2012,5,31,12,1694
2012,5,31,13,1631
2012,5,31,14,1638
2012,5,31,15,1705
2012,5,31,16,1826
2012,5,31,17,2009
2012,5,31,18,2213
2012,5,31,19,2378
2012,5,31,20,2459
2012,5,31,21,2426
2012,5,31,22,2286
2012,5,31,23,2099
2012,6,1,0,1911
2012,6,1,1,1760
2012,6,1,2,1683
2012,6,1,3,1672
2012,6,1,4,1724
2012,6,1,5,1831
2012,6,1,6,1981
2012,6,1,7,2136
2012,6,1,8,2218
2012,6,1,9,2207
2012,6,1,10,2118
2012,6,1,11,1972
2012,6,1,12,1810
2012,6,1,13,1660
2012,6,1,14,1568
2012,6,1,15,1559
2012,6,1,16,1648
2012,6,1,17,1822
2012,6,1,18,2047
2012,6,1,19,2285
2012,6,1,20,2469
2012,6,1,21,2557
2012,6,1,22,2522
2012,6,1,23,2371
2012,6,2,0,2144
2012,6,2,1,1900
2012,6,2,2,1707
2012,6,2,3,1605
2012,6,2,4,1599
2012,6,2,5,1671
2012,6,2,6,1800
2012,6,2,7,1958
2012,6,2,8,2106
2012,6,2,9,2206
2012,6,2,10,2227
2012,6,2,11,2136
2012,6,2,12,1986
2012,6,2,13,1773
2012,6,2,14,1585
2012,6,2,15,1483
2012,6,2,16,1501
2012,6,2,17,1637
2012,6,2,18,1856
2012,6,2,19,2123
2012,6,2,20,2393
2012,6,2,21,2585
2012,6,2,22,2657
2012,6,2,23,2595
2012,6,3,0,2406
2012,6,3,1,2143
2012,6,3,2,1864
2012,6,3,3,1661
2012,6,3,4,1534
2012,6,3,5,1542
2012,6,3,6,1634
2012,6,3,7,1780
2012,6,3,8,1960
2012,6,3,9,2131
2012,6,3,10,2263
2012,6,3,11,2294
2012,6,3,12,2181
2012,6,3,13,1991
2012,6,3,14,1741
2012,6,3,15,1531
2012,6,3,16,1466
2012,6,3,17,1521
2012,6,3,18,1680
2012,6,3,19,1918
2012,6,3,20,2205
2012,6,3,21,2487
2012,6,3,22,2698
2012,6,3,23,2768
2012,6,4,0,2665
2012,6,4,1,2440
2012,6,4,2,2143
2012,6,4,3,1841
2012,6,4,4,1604
2012,6,4,5,1483
2012,6,4,6,1492
2012,6,4,7,1602
2012,6,4,8,1782
2012,6,4,9,1987
2012,6,4,10,2191
2012,6,4,11,2296
2012,6,4,12,2259
2012,6,4,13,2110
2012,6,4,14,1886
2012,6,4,15,1643
2012,6,4,16,1450
2012,6,4,17,1379
2012,6,4,18,1457
2012,6,4,19,1656
2012,6,4,20,1947
2012,6,4,21,2271
2012,6,4,22,2561
2012,6,4,23,2753
2012,6,5,0,2804
2012,6,5,1,2692
2012,6,5,2,2431
2012,6,5,3,2096
2012,6,5,4,1784
2012,6,5,5,1567
2012,6,5,6,1478
2012,6,5,7,1506
2012,6,5,8,1637
2012,6,5,9,1799
2012,6,5,10,2015
2012,6,5,11,2215
2012,6,5,12,2347
2012,6,5,13,2335
2012,6,5,14,2151
2012,6,5,15,1879
2012,6,5,16,1573
2012,6,5,17,1413
2012,6,5,18,1393
2012,6,5,19,1512
2012,6,5,20,1733
2012,6,5,21,2017
2012,6,5,22,2316
2012,6,5,23,2575
2012,6,6,0,2732
2012,6,6,1,2760
2012,6,6,2,2641
2012,6,6,3,2379
2012,6,6,4,2041
2012,6,6,5,1725
2012,6,6,6,1512
2012,6,6,7,1434
2012,6,6,8,1479
2012,6,6,9,1640
2012,6,6,10,1857
2012,6,6,11,2086
2012,6,6,12,2281
2012,6,6,13,2363
2012,6,6,14,2293
2012,6,6,15,2078
2012,6,6,16,1830
2012,6,6,17,1573
2012,6,6,18,1435
2012,6,6,19,1451
2012,6,6,20,1585
2012,6,6,21,1812
2012,6,6,22,2089
2012,6,6,23,2376
2012,6,7,0,2624
2012,6,7,1,2779
2012,6,7,2,2789
2012,6,7,3,2622
2012,6,7,4,2328
2012,6,7,5,2002
2012,6,7,6,1723
2012,6,7,7,1550
2012,6,7,8,1502
2012,6,7,9,1556
2012,6,7,10,1710
2012,6,7,11,1919
2012,6,7,12,2135
2012,6,7,13,2303
2012,6,7,14,2353
2012,6,7,15,2266
2012,6,7,16,2058
2012,6,7,17,1794
2012,6,7,18,1566
2012,6,7,19,1463
2012,6,7,20,1486
2012,6,7,21,1665
2012,6,7,22,1881
2012,6,7,23,2131
2012,6,8,0,2367
2012,6,8,1,2561
2012,6,8,2,2674
2012,6,8,3,2670
2012,6,8,4,2508
2012,6,8,5,2211
2012,6,8,6,1896
2012,6,8,7,1643
2012,6,8,8,1517
2012,6,8,9,1512
2012,6,8,10,1613
2012,6,8,11,1787
2012,6,8,12,1977
2012,6,8,13,2143
2012,6,8,14,2253
2012,6,8,15,2271
2012,6,8,16,2176
2012,6,8,17,1994
2012,6,8,18,1776
2012,6,8,19,1598
2012,6,8,20,1534
2012,6,8,21,1579
2012,6,8,22,1722
2012,6,8,23,1898
2012,6,9,0,2100
2012,6,9,1,2300
2012,6,9,2,2480
2012,6,9,3,2579
2012,6,9,4,2548
2012,6,9,5,2373
2012,6,9,6,2103
2012,6,9,7,1827
2012,6,9,8,1621
2012,6,9,9,1523
2012,6,9,10,1537
2012,6,9,11,1627
2012,6,9,12,1771
2012,6,9,13,1943
2012,6,9,14,2094
2012,6,9,15,2197
2012,6,9,16,2229
2012,6,9,17,2156
2012,6,9,18,1988
2012,6,9,19,1791
2012,6,9,20,1656
2012,6,9,21,1623
2012,6,9,22,1680
2012,6,9,23,1799
2012,6,10,0,1948
2012,6,10,1,2099
2012,6,10,2,2249
2012,6,10,3,2377
2012,6,10,4,2431
2012,6,10,5,2380
2012,6,10,6,2199
2012,6,10,7,1953
2012,6,10,8,1722
2012,6,10,9,1574
2012,6,10,10,1542
2012,6,10,11,1595
2012,6,10,12,1720
2012,6,10,13,1853
2012,6,10,14,1967
2012,6,10,15,2071
2012,6,10,16,2160
2012,6,10,17,2188
2012,6,10,18,2133
2012,6,10,19,1991
2012,6,10,20,1832
2012,6,10,21,1731
2012,6,10,22,1714
2012,6,10,23,1769
2012,6,11,0,1862
2012,6,11,1,1970
2012,6,11,2,2075
2012,6,11,3,2180
2012,6,11,4,2266
2012,6,11,5,2304
2012,6,11,6,2240
2012,6,11,7,2086
2012,6,11,8,1882
2012,6,11,9,1714
2012,6,11,10,1637
2012,6,11,11,1636
2012,6,11,12,1688
2012,6,11,13,1772
2012,6,11,14,1867
2012,6,11,15,1980
2012,6,11,16,2081
2012,6,11,17,2147
2012,6,11,18,2159
2012,6,11,19,2105
2012,6,11,20,2007
2012,6,11,21,1896
2012,6,11,22,1810
2012,6,11,23,1772
2012,6,12,0,1796
2012,6,12,1,1860
2012,6,12,2,1944
2012,6,12,3,2032
2012,6,12,4,2110
2012,6,12,5,2148
2012,6,12,6,2131
2012,6,12,7,2058
2012,6,12,8,1936
2012,6,12,9,1810
2012,6,12,10,1709
2012,6,12,11,1654
2012,6,12,12,1659
2012,6,12,13,1704
2012,6,12,14,1786
2012,6,12,15,1891
2012,6,12,16,2003
2012,6,12,17,2099
2012,6,12,18,2151
2012,6,12,19,2159
2012,6,12,20,2108
2012,6,12,21,2017
2012,6,12,22,1921
2012,6,12,23,1846
2012,6,13,0,1808
2012,6,13,1,1816
2012,6,13,2,1867
2012,6,13,3,1925
2012,6,13,4,1973
2012,6,13,5,2023
2012,6,13,6,2056
2012,6,13,7,2052
2012,6,13,8,1993
2012,6,13,9,1880
2012,6,13,10,1763
2012,6,13,11,1685
2012,6,13,12,1655
2012,6,13,13,1662
2012,6,13,14,1705
2012,6,13,15,1779
2012,6,13,16,1874
2012,6,13,17,1994
2012,6,13,18,2101
2012,6,13,19,2183
2012,6,13,20,2206
2012,6,13,21,2158
2012,6,13,22,2053
2012,6,13,23,1931
2012,6,14,0,1833
2012,6,14,1,1788
2012,6,14,2,1798
2012,6,14,3,1830
2012,6,14,4,1864
2012,6,14,5,1906
2012,6,14,6,1959
2012,6,14,7,2004
2012,6,14,8,2015
2012,6,14,9,1964
2012,6,14,10,1863
2012,6,14,11,1756
2012,6,14,12,1659
2012,6,14,13,1610
2012,6,14,14,1612
2012,6,14,15,1668
2012,6,14,16,1773
2012,6,14,17,1898
2012,6,14,18,2031
2012,6,14,19,2150
2012,6,14,20,2239
2012,6,14,21,2261
2012,6,14,22,2205
2012,6,14,23,2098
2012,6,15,0,1969
2012,6,15,1,1852
2012,6,15,2,1785
2012,6,15,3,1764
2012,6,15,4,1774
2012,6,15,5,1812
2012,6,15,6,1876
2012,6,15,7,1947
2012,6,15,8,2002
2012,6,15,9,2011
2012,6,15,10,1964
2012,6,15,11,1866
2012,6,15,12,1746
2012,6,15,13,1640
2012,6,15,14,1578
2012,6,15,15,1577
2012,6,15,16,1640
2012,6,15,17,1765
2012,6,15,18,1924
2012,6,15,19,2083
2012,6,15,20,2213
2012,6,15,21,2266
2012,6,15,22,2249
2012,6,15,23,2172
2012,6,16,0,2041
2012,6,16,1,1894
2012,6,16,2,1762
2012,6,16,3,1674
2012,6,16,4,1647
2012,6,16,5,1686
2012,6,16,6,1757
2012,6,16,7,1841
2012,6,16,8,1919
2012,6,16,9,1985
2012,6,16,10,2011
2012,6,16,11,1971
2012,6,16,12,1868
2012,6,16,13,1727
2012,6,16,14,1599
2012,6,16,15,1536
2012,6,16,16,1545
2012,6,16,17,1643
2012,6,16,18,1783
2012,6,16,19,1966
2012,6,16,20,2146
2012,6,16,21,2284
2012,6,16,22,2350
2012,6,16,23,2309
2012,6,17,0,2175
2012,6,17,1,1998
2012,6,17,2,1825
2012,6,17,3,1711
2012,6,17,4,1633
2012,6,17,5,1621
2012,6,17,6,1647
2012,6,17,7,1734
2012,6,17,8,1844
2012,6,17,9,1962
2012,6,17,10,2045
2012,6,17,11,2063
2012,6,17,12,1985
2012,6,17,13,1826
2012,6,17,14,1646
2012,6,17,15,1534
2012,6,17,16,1496
2012,6,17,17,1555
2012,6,17,18,1689
2012,6,17,19,1858
2012,6,17,20,2061
2012,6,17,21,2251
2012,6,17,22,2367
2012,6,17,23,2395
2012,6,18,0,2320
2012,6,18,1,2163
2012,6,18,2,1968
2012,6,18,3,1786
2012,6,18,4,1648
2012,6,18,5,1577
2012,6,18,6,1585
2012,6,18,7,1654
2012,6,18,8,1796
2012,6,18,9,1923
2012,6,18,10,2038
2012,6,18,11,2095
2012,6,18,12,2056
2012,6,18,13,1923
2012,6,18,14,1744
2012,6,18,15,1579
2012,6,18,16,1475
2012,6,18,17,1466
2012,6,18,18,1533
2012,6,18,19,1728
2012,6,18,20,1921
2012,6,18,21,2139
2012,6,18,22,2315
2012,6,18,23,2416
2012,6,19,0,2403
2012,6,19,1,2275
2012,6,19,2,2069
2012,6,19,3,1848
2012,6,19,4,1663
2012,6,19,5,1560
2012,6,19,6,1533
2012,6,19,7,1573
2012,6,19,8,1668
2012,6,19,9,1801
2012,6,19,10,1953
2012,6,19,11,2083
2012,6,19,12,2115
2012,6,19,13,2037
2012,6,19,14,1863
2012,6,19,15,1648
2012,6,19,16,1470
2012,6,19,17,1394
2012,6,19,18,1429
2012,6,19,19,1561
2012,6,19,20,1767
2012,6,19,21,2008
2012,6,19,22,2229
2012,6,19,23,2379
2012,6,20,0,2417
2012,6,20,1,2348
2012,6,20,2,2185
2012,6,20,3,1975
2012,6,20,4,1751
2012,6,20,5,1573
2012,6,20,6,1494
2012,6,20,7,1505
2012,6,20,8,1584
2012,6,20,9,1725
2012,6,20,10,1897
2012,6,20,11,2046
2012,6,20,12,2129
2012,6,20,13,2100
2012,6,20,14,1967
2012,6,20,15,1769
2012,6,20,16,1564
2012,6,20,17,1431
2012,6,20,18,1398
2012,6,20,19,1472
2012,6,20,20,1632
2012,6,20,21,1860
2012,6,20,22,2097
2012,6,20,23,2286
2012,6,21,0,2396
2012,6,21,1,2404
2012,6,21,2,2305
2012,6,21,3,2102
2012,6,21,4,1844
2012,6,21,5,1604
2012,6,21,6,1440
2012,6,21,7,1422
2012,6,21,8,1480
2012,6,21,9,1604
2012,6,21,10,1766
2012,6,21,11,1938
2012,6,21,12,2076
2012,6,21,13,2126
2012,6,21,14,2069
2012,6,21,15,1908
2012,6,21,16,1689
2012,6,21,17,1506
2012,6,21,18,1405
2012,6,21,19,1415
2012,6,21,20,1534
2012,6,21,21,1739
2012,6,21,22,1979
2012,6,21,23,2202
2012,6,22,0,2357
2012,6,22,1,2407
2012,6,22,2,2364
2012,6,22,3,2235
2012,6,22,4,2011
2012,6,22,5,1749
2012,6,22,6,1533
2012,6,22,7,1438
2012,6,22,8,1463
2012,6,22,9,1566
2012,6,22,10,1720
2012,6,22,11,1893
2012,6,22,12,2053
2012,6,22,13,2166
2012,6,22,14,2172
2012,6,22,15,2052
2012,6,22,16,1842
2012,6,22,17,1625
2012,6,22,18,1469
2012,6,22,19,1423
2012,6,22,20,1486
2012,6,22,21,1637
2012,6,22,22,1844
2012,6,22,23,2073
2012,6,23,0,2264
2012,6,23,1,2381
2012,6,23,2,2401
2012,6,23,3,2320
2012,6,23,4,2141
2012,6,23,5,1889
2012,6,23,6,1635
2012,6,23,7,1457
2012,6,23,8,1407
2012,6,23,9,1474
2012,6,23,10,1613
2012,6,23,11,1777
2012,6,23,12,1956
2012,6,23,13,2112
2012,6,23,14,2196
2012,6,23,15,2164
2012,6,23,16,2011
2012,6,23,17,1790
2012,6,23,18,1579
2012,6,23,19,1448
2012,6,23,20,1439
2012,6,23,21,1531
2012,6,23,22,1718
2012,6,23,23,1944
2012,6,24,0,2148
2012,6,24,1,2298
2012,6,24,2,2366
2012,6,24,3,2352
2012,6,24,4,2248
2012,6,24,5,2047
2012,6,24,6,1787
2012,6,24,7,1565
2012,6,24,8,1443
2012,6,24,9,1443
2012,6,24,10,1545
2012,6,24,11,1705
2012,6,24,12,1882
2012,6,24,13,2040
2012,6,24,14,2149
2012,6,24,15,2185
2012,6,24,16,2116
2012,6,24,17,1962
2012,6,24,18,1765
2012,6,24,19,1581
2012,6,24,20,1479
2012,6,24,21,1490
2012,6,24,22,1602
2012,6,24,23,1792
2012,6,25,0,1987
2012,6,25,1,2148
2012,6,25,2,2263
2012,6,25,3,2308
2012,6,25,4,2271
2012,6,25,5,2136
2012,6,25,6,1925
2012,6,25,7,1692
2012,6,25,8,1524
2012,6,25,9,1467
2012,6,25,10,1518
2012,6,25,11,1632
2012,6,25,12,1788
2012,6,25,13,1943
2012,6,25,14,2078
2012,6,25,15,2181
2012,6,25,16,2209
2012,6,25,17,2131
2012,6,25,18,1978
2012,6,25,19,1796
2012,6,25,20,1637
2012,6,25,21,1557
2012,6,25,22,1568
2012,6,25,23,1683
2012,6,26,0,1859
2012,6,26,1,2018
2012,6,26,2,2141
2012,6,26,3,2210
2012,6,26,4,2219
2012,6,26,5,2162
2012,6,26,6,2027
2012,6,26,7,1825
2012,6,26,8,1610
2012,6,26,9,1490
2012,6,26,10,1493
2012,6,26,11,1581
2012,6,26,12,1689
2012,6,26,13,1811
2012,6,26,14,1938
2012,6,26,15,2071
2012,6,26,16,2184
2012,6,26,17,2219
2012,6,26,18,2133
2012,6,26,19,1976
2012,6,26,20,1800
2012,6,26,21,1679
2012,6,26,22,1625
2012,6,26,23,1642
2012,6,27,0,1718
2012,6,27,1,1830
2012,6,27,2,1967
2012,6,27,3,2090
2012,6,27,4,2163
2012,6,27,5,2172
2012,6,27,6,2093
2012,6,27,7,1941
2012,6,27,8,1755
2012,6,27,9,1602
2012,6,27,10,1539
2012,6,27,11,1540
2012,6,27,12,1611
2012,6,27,13,1708
2012,6,27,14,1839
2012,6,27,15,2001
2012,6,27,16,2152
2012,6,27,17,2238
2012,6,27,18,2243
2012,6,27,19,2152
2012,6,27,20,1990
2012,6,27,21,1815
2012,6,27,22,1683
2012,6,27,23,1624
2012,6,28,0,1635
2012,6,28,1,1704
2012,6,28,2,1804
2012,6,28,3,1908
2012,6,28,4,1994
2012,6,28,5,2058
2012,6,28,6,2074
2012,6,28,7,2018
2012,6,28,8,1885
2012,6,28,9,1724
2012,6,28,10,1610
2012,6,28,11,1552
2012,6,28,12,1554
2012,6,28,13,1613
2012,6,28,14,1719
2012,6,28,15,1863
2012,6,28,16,2021
2012,6,28,17,2169
2012,6,28,18,2263
2012,6,28,19,2283
2012,6,28,20,2207
2012,6,28,21,2055
2012,6,28,22,1869
2012,6,28,23,1706
2012,6,29,0,1620
2012,6,29,1,1608
2012,6,29,2,1663
2012,6,29,3,1746
2012,6,29,4,1835
2012,6,29,5,1921
2012,6,29,6,1997
2012,6,29,7,2024
2012,6,29,8,1975
2012,6,29,9,1859
2012,6,29,10,1719
2012,6,29,11,1603
2012,6,29,12,1528
2012,6,29,13,1513
2012,6,29,14,1553
2012,6,29,15,1671
2012,6,29,16,1840
2012,6,29,17,2029
2012,6,29,18,2197
2012,6,29,19,2302
2012,6,29,20,2330
2012,6,29,21,2257
2012,6,29,22,2093
2012,6,29,23,1885
2012,6,30,0,1707
2012,6,30,1,1592
2012,6,30,2,1554
2012,6,30,3,1578
2012,6,30,4,1644
2012,6,30,5,1735
2012,6,30,6,1833
2012,6,30,7,1920
2012,6,30,8,1959
2012,6,30,9,1941
2012,6,30,10,1868
2012,6,30,11,1744
2012,6,30,12,1596
2012,6,30,13,1484
2012,6,30,14,1446
2012,6,30,15,1507
2012,6,30,16,1647
2012,6,30,17,1832
2012,6,30,18,2039
2012,6,30,19,2243
2012,6,30,20,2391
2012,6,30,21,2427
2012,6,30,22,2340
2012,6,30,23,2160
2012,7,1,0,1937
2012,7,1,1,1717
2012,7,1,2,1556
2012,7,1,3,1499
2012,7,1,4,1510
2012,7,1,5,1575
2012,7,1,6,1667
2012,7,1,7,1782
2012,7,1,8,1896
2012,7,1,9,1969
2012,7,1,10,1992
2012,7,1,11,1927
2012,7,1,12,1789
2012,7,1,13,1613
2012,7,1,14,1475
2012,7,1,15,1429
2012,7,1,16,1488
2012,7,1,17,1629
2012,7,1,18,1832
2012,7,1,19,2074
2012,7,1,20,2300
2012,7,1,21,2455
2012,7,1,22,2493
2012,7,1,23,2409
2012,7,2,0,2215
2012,7,2,1,1968
2012,7,2,2,1727
2012,7,2,3,1536
2012,7,2,4,1428
2012,7,2,5,1409
2012,7,2,6,1481
2012,7,2,7,1613
2012,7,2,8,1777
2012,7,2,9,1927
2012,7,2,10,2015
2012,7,2,11,2019
2012,7,2,12,1931
2012,7,2,13,1765
2012,7,2,14,1587
2012,7,2,15,1409
2012,7,2,16,1348
2012,7,2,17,1411
2012,7,2,18,1593
2012,7,2,19,1838
2012,7,2,20,2104
2012,7,2,21,2350
2012,7,2,22,2506
2012,7,2,23,2538
2012,7,3,0,2435
2012,7,3,1,2213
2012,7,3,2,1928
2012,7,3,3,1649
2012,7,3,4,1440
2012,7,3,5,1325
2012,7,3,6,1324
2012,7,3,7,1418
2012,7,3,8,1586
2012,7,3,9,1794
2012,7,3,10,1980
2012,7,3,11,2088
2012,7,3,12,2070
2012,7,3,13,1928
2012,7,3,14,1706
2012,7,3,15,1479
2012,7,3,16,1310
2012,7,3,17,1259
2012,7,3,18,1361
2012,7,3,19,1572
2012,7,3,20,1831
2012,7,3,21,2087
2012,7,3,22,2316
2012,7,3,23,2476
2012,7,4,0,2519
2012,7,4,1,2407
2012,7,4,2,2160
2012,7,4,3,1853
2012,7,4,4,1563
2012,7,4,5,1355
2012,7,4,6,1255
2012,7,4,7,1268
2012,7,4,8,1386
2012,7,4,9,1590
2012,7,4,10,1832
2012,7,4,11,2040
2012,7,4,12,2130
2012,7,4,13,2082
2012,7,4,14,1906
2012,7,4,15,1666
2012,7,4,16,1450
2012,7,4,17,1307
2012,7,4,18,1285
2012,7,4,19,1385
2012,7,4,20,1588
2012,7,4,21,1849
2012,7,4,22,2123
2012,7,4,23,2356
2012,7,5,0,2498
2012,7,5,1,2509
2012,7,5,2,2374
2012,7,5,3,2118
2012,7,5,4,1802
2012,7,5,5,1509
2012,7,5,6,1317
2012,7,5,7,1252
2012,7,5,8,1309
2012,7,5,9,1470
2012,7,5,10,1709
2012,7,5,11,1957
2012,7,5,12,2146
2012,7,5,13,2211
2012,7,5,14,2108
2012,7,5,15,1888
2012,7,5,16,1636
2012,7,5,17,1435
2012,7,5,18,1331
2012,7,5,19,1350
2012,7,5,20,1477
2012,7,5,21,1687
2012,7,5,22,1946
2012,7,5,23,2194
2012,7,6,0,2403
2012,7,6,1,2513
2012,7,6,2,2480
2012,7,6,3,2294
2012,7,6,4,1992
2012,7,6,5,1673
2012,7,6,6,1423
2012,7,6,7,1296
2012,7,6,8,1296
2012,7,6,9,1402
2012,7,6,10,1597
2012,7,6,11,1828
2012,7,6,12,2041
2012,7,6,13,2198
2012,7,6,14,2230
2012,7,6,15,2109
2012,7,6,16,1879
2012,7,6,17,1629
2012,7,6,18,1448
2012,7,6,19,1388
2012,7,6,20,1454
2012,7,6,21,1609
2012,7,6,22,1812
2012,7,6,23,2042
2012,7,7,0,2260
2012,7,7,1,2438
2012,7,7,2,2518
2012,7,7,3,2451
2012,7,7,4,2222
2012,7,7,5,1899
2012,7,7,6,1587
2012,7,7,7,1391
2012,7,7,8,1339
2012,7,7,9,1403
2012,7,7,10,1554
2012,7,7,11,1755
2012,7,7,12,1961
2012,7,7,13,2133
2012,7,7,14,2239
2012,7,7,15,2240
2012,7,7,16,2109
2012,7,7,17,1883
2012,7,7,18,1639
2012,7,7,19,1489
2012,7,7,20,1462
2012,7,7,21,1530
2012,7,7,22,1671
2012,7,7,23,1861
2012,7,8,0,2067
2012,7,8,1,2252
2012,7,8,2,2375
2012,7,8,3,2394
2012,7,8,4,2283
2012,7,8,5,2051
2012,7,8,6,1757
2012,7,8,7,1502
2012,7,8,8,1337
2012,7,8,9,1305
2012,7,8,10,1421
2012,7,8,11,1610
2012,7,8,12,1820
2012,7,8,13,2018
2012,7,8,14,2160
2012,7,8,15,2220
2012,7,8,16,2195
2012,7,8,17,2070
2012,7,8,18,1873
2012,7,8,19,1662
2012,7,8,20,1522
2012,7,8,21,1500
2012,7,8,22,1574
2012,7,8,23,1714
2012,7,9,0,1890
2012,7,9,1,2049
2012,7,9,2,2187
2012,7,9,3,2262
2012,7,9,4,2234
2012,7,9,5,2107
2012,7,9,6,1901
2012,7,9,7,1655
2012,7,9,8,1462
2012,7,9,9,1385
2012,7,9,10,1428
2012,7,9,11,1557
2012,7,9,12,1728
2012,7,9,13,1894
2012,7,9,14,2032
2012,7,9,15,2144
2012,7,9,16,2185
2012,7,9,17,2128
2012,7,9,18,1998
2012,7,9,19,1825
2012,7,9,20,1672
2012,7,9,21,1596
2012,7,9,22,1604
2012,7,9,23,1667
2012,7,10,0,1776
2012,7,10,1,1913
2012,7,10,2,2049
2012,7,10,3,2137
2012,7,10,4,2145
2012,7,10,5,2069
2012,7,10,6,1929
2012,7,10,7,1755
2012,7,10,8,1578
2012,7,10,9,1475
2012,7,10,10,1454
2012,7,10,11,1516
2012,7,10,12,1648
2012,7,10,13,1807
2012,7,10,14,1958
2012,7,10,15,2073
2012,7,10,16,2135
2012,7,10,17,2139
2012,7,10,18,2085
2012,7,10,19,1983
2012,7,10,20,1846
2012,7,10,21,1745
2012,7,10,22,1696
2012,7,10,23,1701
2012,7,11,0,1757
2012,7,11,1,1837
2012,7,11,2,1933
2012,7,11,3,2011
2012,7,11,4,2046
2012,7,11,5,2032
2012,7,11,6,1956
2012,7,11,7,1835
2012,7,11,8,1690
2012,7,11,9,1562
2012,7,11,10,1500
2012,7,11,11,1504
2012,7,11,12,1591
2012,7,11,13,1729
2012,7,11,14,1865
2012,7,11,15,1979
2012,7,11,16,2068
2012,7,11,17,2121
2012,7,11,18,2132
2012,7,11,19,2070
2012,7,11,20,1977
2012,7,11,21,1867
2012,7,11,22,1769
2012,7,11,23,1722
2012,7,12,0,1732
2012,7,12,1,1767
2012,7,12,2,1815
2012,7,12,3,1866
2012,7,12,4,1903
2012,7,12,5,1929
2012,7,12,6,1912
2012,7,12,7,1843
2012,7,12,8,1730
2012,7,12,9,1608
2012,7,12,10,1541
2012,7,12,11,1531
2012,7,12,12,1564
2012,7,12,13,1648
2012,7,12,14,1756
2012,7,12,15,1872
2012,7,12,16,1981
2012,7,12,17,2069
2012,7,12,18,2142
2012,7,12,19,2166
2012,7,12,20,2125
2012,7,12,21,2032
2012,7,12,22,1914
2012,7,12,23,1816
2012,7,13,0,1771
2012,7,13,1,1761
2012,7,13,2,1775
2012,7,13,3,1801
2012,7,13,4,1826
2012,7,13,5,1864
2012,7,13,6,1879
2012,7,13,7,1864
2012,7,13,8,1815
2012,7,13,9,1732
2012,7,13,10,1650
2012,7,13,11,1600
2012,7,13,12,1582
2012,7,13,13,1605
2012,7,13,14,1661
2012,7,13,15,1744
2012,7,13,16,1838
2012,7,13,17,1933
2012,7,13,18,2030
2012,7,13,19,2107
2012,7,13,20,2138
2012,7,13,21,2097
2012,7,13,22,1999
2012,7,13,23,1891
2012,7,14,0,1802
2012,7,14,1,1751
2012,7,14,2,1729
2012,7,14,3,1727
2012,7,14,4,1729
2012,7,14,5,1751
2012,7,14,6,1792
2012,7,14,7,1828
2012,7,14,8,1838
2012,7,14,9,1795
2012,7,14,10,1725
2012,7,14,11,1645
2012,7,14,12,1582
2012,7,14,13,1549
2012,7,14,14,1541
2012,7,14,15,1584
2012,7,14,16,1668
2012,7,14,17,1789
2012,7,14,18,1929
2012,7,14,19,2047
2012,7,14,20,2115
2012,7,14,21,2119
2012,7,14,22,2065
2012,7,14,23,1971
2012,7,15,0,1864
2012,7,15,1,1756
2012,7,15,2,1673
2012,7,15,3,1631
2012,7,15,4,1629
2012,7,15,5,1659
2012,7,15,6,1710
2012,7,15,7,1768
2012,7,15,8,1821
2012,7,15,9,1838
2012,7,15,10,1815
2012,7,15,11,1754
2012,7,15,12,1666
2012,7,15,13,1584
2012,7,15,14,1522
2012,7,15,15,1521
2012,7,15,16,1573
2012,7,15,17,1676
2012,7,15,18,1817
2012,7,15,19,1977
2012,7,15,20,2114
2012,7,15,21,2187
2012,7,15,22,2188
2012,7,15,23,2106
2012,7,16,0,1977
2012,7,16,1,1841
2012,7,16,2,1707
2012,7,16,3,1609
2012,7,16,4,1566
2012,7,16,5,1566
2012,7,16,6,1623
2012,7,16,7,1706
2012,7,16,8,1798
2012,7,16,9,1871
2012,7,16,10,1913
2012,7,16,11,1890
2012,7,16,12,1802
2012,7,16,13,1672
2012,7,16,14,1533
2012,7,16,15,1461
2012,7,16,16,1477
2012,7,16,17,1566
2012,7,16,18,1698
2012,7,16,19,1849
2012,7,16,20,2018
2012,7,16,21,2164
2012,7,16,22,2233
2012,7,16,23,2219
2012,7,17,0,2121
2012,7,17,1,1967
2012,7,17,2,1787
2012,7,17,3,1615
2012,7,17,4,1487
2012,7,17,5,1429
2012,7,17,6,1468
2012,7,17,7,1573
2012,7,17,8,1702
2012,7,17,9,1812
2012,7,17,10,1885
2012,7,17,11,1911
2012,7,17,12,1863
2012,7,17,13,1761
2012,7,17,14,1598
2012,7,17,15,1463
2012,7,17,16,1403
2012,7,17,17,1442
2012,7,17,18,1569
2012,7,17,19,1749
2012,7,17,20,1950
2012,7,17,21,2126
2012,7,17,22,2256
2012,7,17,23,2310
2012,7,18,0,2258
2012,7,18,1,2110
2012,7,18,2,1901
2012,7,18,3,1691
2012,7,18,4,1519
2012,7,18,5,1431
2012,7,18,6,1422
2012,7,18,7,1485
2012,7,18,8,1605
2012,7,18,9,1759
2012,7,18,10,1918
2012,7,18,11,2019
2012,7,18,12,2016
2012,7,18,13,1911
2012,7,18,14,1726
2012,7,18,15,1540
2012,7,18,16,1410
2012,7,18,17,1385
2012,7,18,18,1462
2012,7,18,19,1623
2012,7,18,20,1834
2012,7,18,21,2021
2012,7,18,22,2210
2012,7,18,23,2327
2012,7,19,0,2348
2012,7,19,1,2252
2012,7,19,2,2049
2012,7,19,3,1794
2012,7,19,4,1564
2012,7,19,5,1419
2012,7,19,6,1375
2012,7,19,7,1419
2012,7,19,8,1527
2012,7,19,9,1678
2012,7,19,10,1851
2012,7,19,11,1998
2012,7,19,12,2068
2012,7,19,13,2024
2012,7,19,14,1860
2012,7,19,15,1628
2012,7,19,16,1409
2012,7,19,17,1292
2012,7,19,18,1323
2012,7,19,19,1474
2012,7,19,20,1691
2012,7,19,21,1921
2012,7,19,22,2118
2012,7,19,23,2259
2012,7,20,0,2334
2012,7,20,1,2316
2012,7,20,2,2181
2012,7,20,3,1955
2012,7,20,4,1685
2012,7,20,5,1444
2012,7,20,6,1307
2012,7,20,7,1296
2012,7,20,8,1402
2012,7,20,9,1567
2012,7,20,10,1770
2012,7,20,11,1948
2012,7,20,12,2054
2012,7,20,13,2077
2012,7,20,14,1995
2012,7,20,15,1810
2012,7,20,16,1574
2012,7,20,17,1380
2012,7,20,18,1305
2012,7,20,19,1383
2012,7,20,20,1547
2012,7,20,21,1807
2012,7,20,22,2023
2012,7,20,23,2205
2012,7,21,0,2322
2012,7,21,1,2355
2012,7,21,2,2294
2012,7,21,3,2113
2012,7,21,4,1838
2012,7,21,5,1554
2012,7,21,6,1357
2012,7,21,7,1295
2012,7,21,8,1343
2012,7,21,9,1485
2012,7,21,10,1689
2012,7,21,11,1887
2012,7,21,12,2043
2012,7,21,13,2127
2012,7,21,14,2108
2012,7,21,15,1964
2012,7,21,16,1731
2012,7,21,17,1492
2012,7,21,18,1346
2012,7,21,19,1351
2012,7,21,20,1476
2012,7,21,21,1680
2012,7,21,22,1874
2012,7,21,23,2110
2012,7,22,0,2237
2012,7,22,1,2335
2012,7,22,2,2342
2012,7,22,3,2219
2012,7,22,4,1975
2012,7,22,5,1679
2012,7,22,6,1425
2012,7,22,7,1293
2012,7,22,8,1305
2012,7,22,9,1435
2012,7,22,10,1634
2012,7,22,11,1847
2012,7,22,12,2034
2012,7,22,13,2163
2012,7,22,14,2202
2012,7,22,15,2127
2012,7,22,16,1934
2012,7,22,17,1689
2012,7,22,18,1480
2012,7,22,19,1386
2012,7,22,20,1424
2012,7,22,21,1567
2012,7,22,22,1762
2012,7,22,23,1969
2012,7,23,0,2152
2012,7,23,1,2297
2012,7,23,2,2356
2012,7,23,3,2311
2012,7,23,4,2146
2012,7,23,5,1900
2012,7,23,6,1607
2012,7,23,7,1388
2012,7,23,8,1310
2012,7,23,9,1365
2012,7,23,10,1538
2012,7,23,11,1766
2012,7,23,12,1976
2012,7,23,13,2138
2012,7,23,14,2230
2012,7,23,15,2239
2012,7,23,16,2135
2012,7,23,17,1926
2012,7,23,18,1697
2012,7,23,19,1523
2012,7,23,20,1452
2012,7,23,21,1508
2012,7,23,22,1654
2012,7,23,23,1844
2012,7,24,0,2033
2012,7,24,1,2186
2012,7,24,2,2300
2012,7,24,3,2339
2012,7,24,4,2264
2012,7,24,5,2071
2012,7,24,6,1803
2012,7,24,7,1540
2012,7,24,8,1376
2012,7,24,9,1367
2012,7,24,10,1469
2012,7,24,11,1679
2012,7,24,12,1868
2012,7,24,13,2033
2012,7,24,14,2168
2012,7,24,15,2260
2012,7,24,16,2269
2012,7,24,17,2161
2012,7,24,18,1961
2012,7,24,19,1736
2012,7,24,20,1559
2012,7,24,21,1511
2012,7,24,22,1575
2012,7,24,23,1723
2012,7,25,0,1882
2012,7,25,1,2041
2012,7,25,2,2178
2012,7,25,3,2267
2012,7,25,4,2274
2012,7,25,5,2164
2012,7,25,6,1955
2012,7,25,7,1702
2012,7,25,8,1491
2012,7,25,9,1404
2012,7,25,10,1442
2012,7,25,11,1577
2012,7,25,12,1762
2012,7,25,13,1947
2012,7,25,14,2112
2012,7,25,15,2240
2012,7,25,16,2309
2012,7,25,17,2272
2012,7,25,18,2135
2012,7,25,19,1938
2012,7,25,20,1744
2012,7,25,21,1627
2012,7,25,22,1614
2012,7,25,23,1670
2012,7,26,0,1770
2012,7,26,1,1903
2012,7,26,2,2034
2012,7,26,3,2144
2012,7,26,4,2200
2012,7,26,5,2171
2012,7,26,6,2043
2012,7,26,7,1843
2012,7,26,8,1637
2012,7,26,9,1495
2012,7,26,10,1443
2012,7,26,11,1495
2012,7,26,12,1626
2012,7,26,13,1799
2012,7,26,14,1973
2012,7,26,15,2126
2012,7,26,16,2241
2012,7,26,17,2297
2012,7,26,18,2258
2012,7,26,19,2127
2012,7,26,20,1947
2012,7,26,21,1773
2012,7,26,22,1675
2012,7,26,23,1645
2012,7,27,0,1677
2012,7,27,1,1752
2012,7,27,2,1855
2012,7,27,3,1955
2012,7,27,4,2042
2012,7,27,5,2081
2012,7,27,6,2054
2012,7,27,7,1948
2012,7,27,8,1785
2012,7,27,9,1611
2012,7,27,10,1490
2012,7,27,11,1466
2012,7,27,12,1533
2012,7,27,13,1665
2012,7,27,14,1821
2012,7,27,15,1964
2012,7,27,16,2102
2012,7,27,17,2233
2012,7,27,18,2321
2012,7,27,19,2302
2012,7,27,20,2170
2012,7,27,21,1981
2012,7,27,22,1819
2012,7,27,23,1717
2012,7,28,0,1662
2012,7,28,1,1665
2012,7,28,2,1709
2012,7,28,3,1764
2012,7,28,4,1840
2012,7,28,5,1917
2012,7,28,6,1972
2012,7,28,7,1958
2012,7,28,8,1864
2012,7,28,9,1721
2012,7,28,10,1579
2012,7,28,11,1475
2012,7,28,12,1465
2012,7,28,13,1505
2012,7,28,14,1630
2012,7,28,15,1760
2012,7,28,16,1901
2012,7,28,17,2041
2012,7,28,18,2190
2012,7,28,19,2297
2012,7,28,20,2307
2012,7,28,21,2204
2012,7,28,22,2033
2012,7,28,23,1853
2012,7,29,0,1717
2012,7,29,1,1650
2012,7,29,2,1633
2012,7,29,3,1652
2012,7,29,4,1692
2012,7,29,5,1761
2012,7,29,6,1854
2012,7,29,7,1938
2012,7,29,8,1961
2012,7,29,9,1894
2012,7,29,10,1770
2012,7,29,11,1643
2012,7,29,12,1543
2012,7,29,13,1507
2012,7,29,14,1534
2012,7,29,15,1610
2012,7,29,16,1711
2012,7,29,17,1839
2012,7,29,18,2012
2012,7,29,19,2197
2012,7,29,20,2343
2012,7,29,21,2368
2012,7,29,22,2251
2012,7,29,23,2053
2012,7,30,0,1861
2012,7,30,1,1725
2012,7,30,2,1628
2012,7,30,3,1566
2012,7,30,4,1543
2012,7,30,5,1566
2012,7,30,6,1637
2012,7,30,7,1790
2012,7,30,8,1910
2012,7,30,9,1980
2012,7,30,10,1956
2012,7,30,11,1846
2012,7,30,12,1695
2012,7,30,13,1556
2012,7,30,14,1467
2012,7,30,15,1453
2012,7,30,16,1490
2012,7,30,17,1599
2012,7,30,18,1781
2012,7,30,19,2002
2012,7,30,20,2215
2012,7,30,21,2361
2012,7,30,22,2392
2012,7,30,23,2290
2012,7,31,0,2101
2012,7,31,1,1890
2012,7,31,2,1703
2012,7,31,3,1566
2012,7,31,4,1492
2012,7,31,5,1478
2012,7,31,6,1527
2012,7,31,7,1650
2012,7,31,8,1815
2012,7,31,9,1964
2012,7,31,10,2053
2012,7,31,11,2036
2012,7,31,12,1919
2012,7,31,13,1730
2012,7,31,14,1545
2012,7,31,15,1430
2012,7,31,16,1398
2012,7,31,17,1465
2012,7,31,18,1613
2012,7,31,19,1823
2012,7,31,20,2066
2012,7,31,21,2298
2012,7,31,22,2453
2012,7,31,23,2489
2012,8,1,0,2376
2012,8,1,1,2153
2012,8,1,2,1893
2012,8,1,3,1651
2012,8,1,4,1494
2012,8,1,5,1437
2012,8,1,6,1461
2012,8,1,7,1558
2012,8,1,8,1705
2012,8,1,9,1887
2012,8,1,10,2064
2012,8,1,11,2168
2012,8,1,12,2145
2012,8,1,13,1982
2012,8,1,14,1747
2012,8,1,15,1523
2012,8,1,16,1360
2012,8,1,17,1349
2012,8,1,18,1428
2012,8,1,19,1598
2012,8,1,20,1844
2012,8,1,21,2121
2012,8,1,22,2366
2012,8,1,23,2516
2012,8,2,0,2512
2012,8,2,1,2366
2012,8,2,2,2117
2012,8,2,3,1822
2012,8,2,4,1564
2012,8,2,5,1393
2012,8,2,6,1351
2012,8,2,7,1417
2012,8,2,8,1564
2012,8,2,9,1761
2012,8,2,10,1975
2012,8,2,11,2157
2012,8,2,12,2243
2012,8,2,13,2192
2012,8,2,14,1994
2012,8,2,15,1730
2012,8,2,16,1484
2012,8,2,17,1339
2012,8,2,18,1325
2012,8,2,19,1425
2012,8,2,20,1642
2012,8,2,21,1918
2012,8,2,22,2186
2012,8,2,23,2406
2012,8,3,0,2513
2012,8,3,1,2481
2012,8,3,2,2311
2012,8,3,3,2033
2012,8,3,4,1725
2012,8,3,5,1479
2012,8,3,6,1361
2012,8,3,7,1372
2012,8,3,8,1485
2012,8,3,9,1668
2012,8,3,10,1895
2012,8,3,11,2107
2012,8,3,12,2253
2012,8,3,13,2285
2012,8,3,14,2177
2012,8,3,15,1958
2012,8,3,16,1684
2012,8,3,17,1449
2012,8,3,18,1329
2012,8,3,19,1347
2012,8,3,20,1491
2012,8,3,21,1726
2012,8,3,22,2000
2012,8,3,23,2245
2012,8,4,0,2404
2012,8,4,1,2459
2012,8,4,2,2386
2012,8,4,3,2179
2012,8,4,4,1891
2012,8,4,5,1594
2012,8,4,6,1397
2012,8,4,7,1333
2012,8,4,8,1396
2012,8,4,9,1560
2012,8,4,10,1777
2012,8,4,11,2008
2012,8,4,12,2228
2012,8,4,13,2362
2012,8,4,14,2338
2012,8,4,15,2172
2012,8,4,16,1918
2012,8,4,17,1652
2012,8,4,18,1436
2012,8,4,19,1369
2012,8,4,20,1424
2012,8,4,21,1588
2012,8,4,22,1826
2012,8,4,23,2062
2012,8,5,0,2250
2012,8,5,1,2370
2012,8,5,2,2384
2012,8,5,3,2268
2012,8,5,4,2041
2012,8,5,5,1736
2012,8,5,6,1457
2012,8,5,7,1312
2012,8,5,8,1324
2012,8,5,9,1460
2012,8,5,10,1674
2012,8,5,11,1904
2012,8,5,12,2097
2012,8,5,13,2248
2012,8,5,14,2326
2012,8,5,15,2280
2012,8,5,16,2079
2012,8,5,17,1842
2012,8,5,18,1527
2012,8,5,19,1384
2012,8,5,20,1368
2012,8,5,21,1486
2012,8,5,22,1683
2012,8,5,23,1904
2012,8,6,0,2086
2012,8,6,1,2217
2012,8,6,2,2285
2012,8,6,3,2264
2012,8,6,4,2126
2012,8,6,5,1872
2012,8,6,6,1586
2012,8,6,7,1375
2012,8,6,8,1301
2012,8,6,9,1385
2012,8,6,10,1564
2012,8,6,11,1783
2012,8,6,12,1992
2012,8,6,13,2149
2012,8,6,14,2250
2012,8,6,15,2278
2012,8,6,16,2192
2012,8,6,17,1988
2012,8,6,18,1737
2012,8,6,19,1534
2012,8,6,20,1436
2012,8,6,21,1455
2012,8,6,22,1581
2012,8,6,23,1776
2012,8,7,0,1956
2012,8,7,1,2075
2012,8,7,2,2136
2012,8,7,3,2138
2012,8,7,4,2077
2012,8,7,5,1931
2012,8,7,6,1720
2012,8,7,7,1492
2012,8,7,8,1350
2012,8,7,9,1359
2012,8,7,10,1511
2012,8,7,11,1722
2012,8,7,12,1931
2012,8,7,13,2069
2012,8,7,14,2152
2012,8,7,15,2194
2012,8,7,16,2178
2012,8,7,17,2087
2012,8,7,18,1903
2012,8,7,19,1717
2012,8,7,20,1581
2012,8,7,21,1534
2012,8,7,22,1580
2012,8,7,23,1693
2012,8,8,0,1836
2012,8,8,1,1975
2012,8,8,2,2064
2012,8,8,3,2088
2012,8,8,4,2056
2012,8,8,5,1965
2012,8,8,6,1823
2012,8,8,7,1640
2012,8,8,8,1475
2012,8,8,9,1408
2012,8,8,10,1472
2012,8,8,11,1641
2012,8,8,12,1843
2012,8,8,13,1995
2012,8,8,14,2088
2012,8,8,15,2143
2012,8,8,16,2159
2012,8,8,17,2124
2012,8,8,18,2013
2012,8,8,19,1848
2012,8,8,20,1692
2012,8,8,21,1602
2012,8,8,22,1602
2012,8,8,23,1673
2012,8,9,0,1771
2012,8,9,1,1863
2012,8,9,2,1943
2012,8,9,3,1991
2012,8,9,4,1989
2012,8,9,5,1930
2012,8,9,6,1815
2012,8,9,7,1659
2012,8,9,8,1519
2012,8,9,9,1451
2012,8,9,10,1463
2012,8,9,11,1554
2012,8,9,12,1709
2012,8,9,13,1871
2012,8,9,14,1987
2012,8,9,15,2062
2012,8,9,16,2098
2012,8,9,17,2099
2012,8,9,18,2065
2012,8,9,19,1969
2012,8,9,20,1845
2012,8,9,21,1735
2012,8,9,22,1673
2012,8,9,23,1664
2012,8,10,0,1703
2012,8,10,1,1780
2012,8,10,2,1857
2012,8,10,3,1896
2012,8,10,4,1906
2012,8,10,5,1891
2012,8,10,6,1848
2012,8,10,7,1768
2012,8,10,8,1654
2012,8,10,9,1553
2012,8,10,10,1501
2012,8,10,11,1521
2012,8,10,12,1609
2012,8,10,13,1734
2012,8,10,14,1860
2012,8,10,15,1951
2012,8,10,16,2023
2012,8,10,17,2046
2012,8,10,18,2047
2012,8,10,19,2016
2012,8,10,20,1938
2012,8,10,21,1833
2012,8,10,22,1730
2012,8,10,23,1652
2012,8,11,0,1645
2012,8,11,1,1686
2012,8,11,2,1737
2012,8,11,3,1766
2012,8,11,4,1778
2012,8,11,5,1788
2012,8,11,6,1778
2012,8,11,7,1736
2012,8,11,8,1669
2012,8,11,9,1601
2012,8,11,10,1553
2012,8,11,11,1531
2012,8,11,12,1552
2012,8,11,13,1610
2012,8,11,14,1702
2012,8,11,15,1801
2012,8,11,16,1887
2012,8,11,17,1952
2012,8,11,18,1994
2012,8,11,19,2000
2012,8,11,20,1965
2012,8,11,21,1902
2012,8,11,22,1822
2012,8,11,23,1752
2012,8,12,0,1673
2012,8,12,1,1625
2012,8,12,2,1628
2012,8,12,3,1644
2012,8,12,4,1676
2012,8,12,5,1713
2012,8,12,6,1750
2012,8,12,7,1754
2012,8,12,8,1717
2012,8,12,9,1664
2012,8,12,10,1605
2012,8,12,11,1567
2012,8,12,12,1572
2012,8,12,13,1579
2012,8,12,14,1603
2012,8,12,15,1673
2012,8,12,16,1761
2012,8,12,17,1864
2012,8,12,18,1967
2012,8,12,19,2048
2012,8,12,20,2072
2012,8,12,21,2040
2012,8,12,22,1967
2012,8,12,23,1856
2012,8,13,0,1755
2012,8,13,1,1685
2012,8,13,2,1634
2012,8,13,3,1609
2012,8,13,4,1607
2012,8,13,5,1638
2012,8,13,6,1681
2012,8,13,7,1737
2012,8,13,8,1760
2012,8,13,9,1764
2012,8,13,10,1732
2012,8,13,11,1677
2012,8,13,12,1601
2012,8,13,13,1554
2012,8,13,14,1539
2012,8,13,15,1577
2012,8,13,16,1648
2012,8,13,17,1743
2012,8,13,18,1856
2012,8,13,19,1983
2012,8,13,20,2087
2012,8,13,21,2129
2012,8,13,22,2095
2012,8,13,23,1992
2012,8,14,0,1849
2012,8,14,1,1716
2012,8,14,2,1611
2012,8,14,3,1533
2012,8,14,4,1515
2012,8,14,5,1547
2012,8,14,6,1613
2012,8,14,7,1702
2012,8,14,8,1789
2012,8,14,9,1845
2012,8,14,10,1851
2012,8,14,11,1803
2012,8,14,12,1715
2012,8,14,13,1611
2012,8,14,14,1522
2012,8,14,15,1497
2012,8,14,16,1525
2012,8,14,17,1618
2012,8,14,18,1760
2012,8,14,19,1915
2012,8,14,20,2053
2012,8,14,21,2152
2012,8,14,22,2187
2012,8,14,23,2145
2012,8,15,0,2027
2012,8,15,1,1866
2012,8,15,2,1690
2012,8,15,3,1537
2012,8,15,4,1458
2012,8,15,5,1456
2012,8,15,6,1520
2012,8,15,7,1620
2012,8,15,8,1755
2012,8,15,9,1851
2012,8,15,10,1911
2012,8,15,11,1920
2012,8,15,12,1850
2012,8,15,13,1715
2012,8,15,14,1566
2012,8,15,15,1460
2012,8,15,16,1412
2012,8,15,17,1441
2012,8,15,18,1577
2012,8,15,19,1776
2012,8,15,20,1965
2012,8,15,21,2118
2012,8,15,22,2207
2012,8,15,23,2214
2012,8,16,0,2129
2012,8,16,1,1975
2012,8,16,2,1778
2012,8,16,3,1578
2012,8,16,4,1406
2012,8,16,5,1373
2012,8,16,6,1410
2012,8,16,7,1509
2012,8,16,8,1651
2012,8,16,9,1810
2012,8,16,10,1933
2012,8,16,11,1995
2012,8,16,12,1970
2012,8,16,13,1845
2012,8,16,14,1652
2012,8,16,15,1469
2012,8,16,16,1363
2012,8,16,17,1358
2012,8,16,18,1460
2012,8,16,19,1633
2012,8,16,20,1887
2012,8,16,21,2089
2012,8,16,22,2260
2012,8,16,23,2319
2012,8,17,0,2258
2012,8,17,1,2094
2012,8,17,2,1890
2012,8,17,3,1658
2012,8,17,4,1457
2012,8,17,5,1329
2012,8,17,6,1304
2012,8,17,7,1385
2012,8,17,8,1547
2012,8,17,9,1758
2012,8,17,10,1940
2012,8,17,11,2058
2012,8,17,12,2080
2012,8,17,13,1983
2012,8,17,14,1788
2012,8,17,15,1575
2012,8,17,16,1402
2012,8,17,17,1314
2012,8,17,18,1349
2012,8,17,19,1492
2012,8,17,20,1700
2012,8,17,21,1952
2012,8,17,22,2172
2012,8,17,23,2312
2012,8,18,0,2328
2012,8,18,1,2218
2012,8,18,2,2018
2012,8,18,3,1760
2012,8,18,4,1514
2012,8,18,5,1341
2012,8,18,6,1271
2012,8,18,7,1318
2012,8,18,8,1464
2012,8,18,9,1678
2012,8,18,10,1900
2012,8,18,11,2076
2012,8,18,12,2171
2012,8,18,13,2134
2012,8,18,14,1960
2012,8,18,15,1707
2012,8,18,16,1454
2012,8,18,17,1290
2012,8,18,18,1266
2012,8,18,19,1360
2012,8,18,20,1548
2012,8,18,21,1797
2012,8,18,22,2048
2012,8,18,23,2248
2012,8,19,0,2342
2012,8,19,1,2311
2012,8,19,2,2159
2012,8,19,3,1896
2012,8,19,4,1599
2012,8,19,5,1361
2012,8,19,6,1240
2012,8,19,7,1251
2012,8,19,8,1369
2012,8,19,9,1576
2012,8,19,10,1836
2012,8,19,11,2067
2012,8,19,12,2225
2012,8,19,13,2258
2012,8,19,14,2143
2012,8,19,15,1910
2012,8,19,16,1626
2012,8,19,17,1382
2012,8,19,18,1264
2012,8,19,19,1281
2012,8,19,20,1414
2012,8,19,21,1626
2012,8,19,22,1880
2012,8,19,23,2118
2012,8,20,0,2297
2012,8,20,1,2359
2012,8,20,2,2273
2012,8,20,3,2047
2012,8,20,4,1748
2012,8,20,5,1471
2012,8,20,6,1292
2012,8,20,7,1233
2012,8,20,8,1279
2012,8,20,9,1420
2012,8,20,10,1665
2012,8,20,11,1944
2012,8,20,12,2178
2012,8,20,13,2317
2012,8,20,14,2308
2012,8,20,15,2149
2012,8,20,16,1872
2012,8,20,17,1575
2012,8,20,18,1368
2012,8,20,19,1294
2012,8,20,20,1347
2012,8,20,21,1491
2012,8,20,22,1703
2012,8,20,23,1933
2012,8,21,0,2119
2012,8,21,1,2236
2012,8,21,2,2254
2012,8,21,3,2140
2012,8,21,4,1916
2012,8,21,5,1661
2012,8,21,6,1399
2012,8,21,7,1264
2012,8,21,8,1238
2012,8,21,9,1339
2012,8,21,10,1554
2012,8,21,11,1830
2012,8,21,12,2075
2012,8,21,13,2243
2012,8,21,14,2304
2012,8,21,15,2261
2012,8,21,16,2098
2012,8,21,17,1833
2012,8,21,18,1565
2012,8,21,19,1375
2012,8,21,20,1330
2012,8,21,21,1424
2012,8,21,22,1600
2012,8,21,23,1797
2012,8,22,0,1964
2012,8,22,1,2098
2012,8,22,2,2175
2012,8,22,3,2163
2012,8,22,4,2045
2012,8,22,5,1818
2012,8,22,6,1545
2012,8,22,7,1319
2012,8,22,8,1229
2012,8,22,9,1289
2012,8,22,10,1444
2012,8,22,11,1691
2012,8,22,12,1934
2012,8,22,13,2118
2012,8,22,14,2248
2012,8,22,15,2295
2012,8,22,16,2210
2012,8,22,17,2003
2012,8,22,18,1730
2012,8,22,19,1485
2012,8,22,20,1350
2012,8,22,21,1346
2012,8,22,22,1457
2012,8,22,23,1622
2012,8,23,0,1776
2012,8,23,1,1910
2012,8,23,2,2009
2012,8,23,3,2067
2012,8,23,4,2042
2012,8,23,5,1906
2012,8,23,6,1676
2012,8,23,7,1427
2012,8,23,8,1266
2012,8,23,9,1244
2012,8,23,10,1347
2012,8,23,11,1540
2012,8,23,12,1769
2012,8,23,13,1975
2012,8,23,14,2133
2012,8,23,15,2228
2012,8,23,16,2251
2012,8,23,17,2172
2012,8,23,18,1991
2012,8,23,19,1752
2012,8,23,20,1547
2012,8,23,21,1458
2012,8,23,22,1473
2012,8,23,23,1557
2012,8,24,0,1672
2012,8,24,1,1795
2012,8,24,2,1901
2012,8,24,3,1987
2012,8,24,4,2018
2012,8,24,5,1976
2012,8,24,6,1833
2012,8,24,7,1629
2012,8,24,8,1442
2012,8,24,9,1368
2012,8,24,10,1398
2012,8,24,11,1505
2012,8,24,12,1660
2012,8,24,13,1820
2012,8,24,14,1977
2012,8,24,15,2109
2012,8,24,16,2210
2012,8,24,17,2244
2012,8,24,18,2181
2012,8,24,19,2020
2012,8,24,20,1809
2012,8,24,21,1646
2012,8,24,22,1567
2012,8,24,23,1567
2012,8,25,0,1601
2012,8,25,1,1674
2012,8,25,2,1754
2012,8,25,3,1839
2012,8,25,4,1912
2012,8,25,5,1958
2012,8,25,6,1921
2012,8,25,7,1799
2012,8,25,8,1637
2012,8,25,9,1508
2012,8,25,10,1458
2012,8,25,11,1490
2012,8,25,12,1561
2012,8,25,13,1656
2012,8,25,14,1784
2012,8,25,15,1926
2012,8,25,16,2057
2012,8,25,17,2150
2012,8,25,18,2190
2012,8,25,19,2130
2012,8,25,20,1994
2012,8,25,21,1824
2012,8,25,22,1685
2012,8,25,23,1594
2012,8,26,0,1572
2012,8,26,1,1595
2012,8,26,2,1638
2012,8,26,3,1688
2012,8,26,4,1743
2012,8,26,5,1815
2012,8,26,6,1876
2012,8,26,7,1874
2012,8,26,8,1791
2012,8,26,9,1674
2012,8,26,10,1577
2012,8,26,11,1537
2012,8,26,12,1535
2012,8,26,13,1582
2012,8,26,14,1644
2012,8,26,15,1749
2012,8,26,16,1881
2012,8,26,17,2009
2012,8,26,18,2129
2012,8,26,19,2182
2012,8,26,20,2149
2012,8,26,21,2055
2012,8,26,22,1914
2012,8,26,23,1760
2012,8,27,0,1643
2012,8,27,1,1579
2012,8,27,2,1557
2012,8,27,3,1560
2012,8,27,4,1593
2012,8,27,5,1657
2012,8,27,6,1760
2012,8,27,7,1866
2012,8,27,8,1905
2012,8,27,9,1850
2012,8,27,10,1737
2012,8,27,11,1623
2012,8,27,12,1548
2012,8,27,13,1513
2012,8,27,14,1525
2012,8,27,15,1578
2012,8,27,16,1673
2012,8,27,17,1796
2012,8,27,18,1957
2012,8,27,19,2109
2012,8,27,20,2216
2012,8,27,21,2229
2012,8,27,22,2121
2012,8,27,23,1952
2012,8,28,0,1774
2012,8,28,1,1637
2012,8,28,2,1536
2012,8,28,3,1482
2012,8,28,4,1481
2012,8,28,5,1536
2012,8,28,6,1633
2012,8,28,7,1768
2012,8,28,8,1903
2012,8,28,9,1981
2012,8,28,10,1959
2012,8,28,11,1852
2012,8,28,12,1721
2012,8,28,13,1593
2012,8,28,14,1507
2012,8,28,15,1486
2012,8,28,16,1522
2012,8,28,17,1616
2012,8,28,18,1773
2012,8,28,19,1941
2012,8,28,20,2126
2012,8,28,21,2254
2012,8,28,22,2284
2012,8,28,23,2186
2012,8,29,0,1992
2012,8,29,1,1788
2012,8,29,2,1608
2012,8,29,3,1493
2012,8,29,4,1445
2012,8,29,5,1460
2012,8,29,6,1548
2012,8,29,7,1679
2012,8,29,8,1848
2012,8,29,9,1999
2012,8,29,10,2070
2012,8,29,11,2046
2012,8,29,12,1920
2012,8,29,13,1738
2012,8,29,14,1550
2012,8,29,15,1437
2012,8,29,16,1408
2012,8,29,17,1479
2012,8,29,18,1608
2012,8,29,19,1789
2012,8,29,20,1986
2012,8,29,21,2188
2012,8,29,22,2322
2012,8,29,23,2318
2012,8,30,0,2175
2012,8,30,1,1957
2012,8,30,2,1716
2012,8,30,3,1512
2012,8,30,4,1396
2012,8,30,5,1377
2012,8,30,6,1435
2012,8,30,7,1557
2012,8,30,8,1769
2012,8,30,9,1952
2012,8,30,10,2124
2012,8,30,11,2192
2012,8,30,12,2120
2012,8,30,13,1942
2012,8,30,14,1701
2012,8,30,15,1475
2012,8,30,16,1382
2012,8,30,17,1388
2012,8,30,18,1466
2012,8,30,19,1640
2012,8,30,20,1842
2012,8,30,21,2039
2012,8,30,22,2244
2012,8,30,23,2357
2012,8,31,0,2320
2012,8,31,1,2146
2012,8,31,2,1889
2012,8,31,3,1621
2012,8,31,4,1425
2012,8,31,5,1345
2012,8,31,6,1365
2012,8,31,7,1466
2012,8,31,8,1640
2012,8,31,9,1862
2012,8,31,10,2087
2012,8,31,11,2249
2012,8,31,12,2286
2012,8,31,13,2156
2012,8,31,14,1911
2012,8,31,15,1703
2012,8,31,16,1472
2012,8,31,17,1371
2012,8,31,18,1387
2012,8,31,19,1502
2012,8,31,20,1695
2012,8,31,21,1922
2012,8,31,22,2144
2012,8,31,23,2303
2012,9,1,0,2365
2012,9,1,1,2305
2012,9,1,2,2095
2012,9,1,3,1807
2012,9,1,4,1541
2012,9,1,5,1354
2012,9,1,6,1308
2012,9,1,7,1380
2012,9,1,8,1527
2012,9,1,9,1730
2012,9,1,10,1973
2012,9,1,11,2203
2012,9,1,12,2337
2012,9,1,13,2311
2012,9,1,14,2130
2012,9,1,15,1907
2012,9,1,16,1588
2012,9,1,17,1429
2012,9,1,18,1345
2012,9,1,19,1386
2012,9,1,20,1527
2012,9,1,21,1741
2012,9,1,22,1971
2012,9,1,23,2169
2012,9,2,0,2298
2012,9,2,1,2326
2012,9,2,2,2200
2012,9,2,3,1954
2012,9,2,4,1666
2012,9,2,5,1419
2012,9,2,6,1294
2012,9,2,7,1311
2012,9,2,8,1431
2012,9,2,9,1616
2012,9,2,10,1853
2012,9,2,11,2082
2012,9,2,12,2258
2012,9,2,13,2321
2012,9,2,14,2241
2012,9,2,15,2035
2012,9,2,16,1761
2012,9,2,17,1500
2012,9,2,18,1335
2012,9,2,19,1306
2012,9,2,20,1406
2012,9,2,21,1592
2012,9,2,22,1808
2012,9,2,23,2000
2012,9,3,0,2141
2012,9,3,1,2217
2012,9,3,2,2184
2012,9,3,3,2024
2012,9,3,4,1773
2012,9,3,5,1507
2012,9,3,6,1316
2012,9,3,7,1280
2012,9,3,8,1378
2012,9,3,9,1559
2012,9,3,10,1774
2012,9,3,11,1994
2012,9,3,12,2186
2012,9,3,13,2306
2012,9,3,14,2319
2012,9,3,15,2184
2012,9,3,16,1944
2012,9,3,17,1677
2012,9,3,18,1462
2012,9,3,19,1359
2012,9,3,20,1394
2012,9,3,21,1535
2012,9,3,22,1727
2012,9,3,23,1904
2012,9,4,0,2054
2012,9,4,1,2160
2012,9,4,2,2178
2012,9,4,3,2096
2012,9,4,4,1918
2012,9,4,5,1674
2012,9,4,6,1449
2012,9,4,7,1332
2012,9,4,8,1344
2012,9,4,9,1447
2012,9,4,10,1658
2012,9,4,11,1879
2012,9,4,12,2078
2012,9,4,13,2219
2012,9,4,14,2265
2012,9,4,15,2196
2012,9,4,16,2029
2012,9,4,17,1804
2012,9,4,18,1578
2012,9,4,19,1401
2012,9,4,20,1346
2012,9,4,21,1411
2012,9,4,22,1553
2012,9,4,23,1724
2012,9,5,0,1869
2012,9,5,1,1982
2012,9,5,2,2048
2012,9,5,3,2031
2012,9,5,4,1912
2012,9,5,5,1698
2012,9,5,6,1472
2012,9,5,7,1325
2012,9,5,8,1300
2012,9,5,9,1389
2012,9,5,10,1553
2012,9,5,11,1742
2012,9,5,12,1924
2012,9,5,13,2062
2012,9,5,14,2167
2012,9,5,15,2181
2012,9,5,16,2076
2012,9,5,17,1878
2012,9,5,18,1647
2012,9,5,19,1465
2012,9,5,20,1398
2012,9,5,21,1433
2012,9,5,22,1537
2012,9,5,23,1668
2012,9,6,0,1785
2012,9,6,1,1892
2012,9,6,2,1965
2012,9,6,3,1969
2012,9,6,4,1899
2012,9,6,5,1738
2012,9,6,6,1520
2012,9,6,7,1347
2012,9,6,8,1286
2012,9,6,9,1329
2012,9,6,10,1471
2012,9,6,11,1672
2012,9,6,12,1869
2012,9,6,13,2000
2012,9,6,14,2078
2012,9,6,15,2116
2012,9,6,16,2083
2012,9,6,17,1977
2012,9,6,18,1807
2012,9,6,19,1611
2012,9,6,20,1466
2012,9,6,21,1424
2012,9,6,22,1475
2012,9,6,23,1577
2012,9,7,0,1692
2012,9,7,1,1811
2012,9,7,2,1888
2012,9,7,3,1914
2012,9,7,4,1895
2012,9,7,5,1794
2012,9,7,6,1659
2012,9,7,7,1479
2012,9,7,8,1386
2012,9,7,9,1381
2012,9,7,10,1450
2012,9,7,11,1586
2012,9,7,12,1752
2012,9,7,13,1904
2012,9,7,14,1998
2012,9,7,15,2032
2012,9,7,16,2008
2012,9,7,17,1949
2012,9,7,18,1862
2012,9,7,19,1741
2012,9,7,20,1611
2012,9,7,21,1520
2012,9,7,22,1508
2012,9,7,23,1557
2012,9,8,0,1639
2012,9,8,1,1728
2012,9,8,2,1783
2012,9,8,3,1799
2012,9,8,4,1793
2012,9,8,5,1746
2012,9,8,6,1672
2012,9,8,7,1568
2012,9,8,8,1477
2012,9,8,9,1428
2012,9,8,10,1438
2012,9,8,11,1523
2012,9,8,12,1639
2012,9,8,13,1772
2012,9,8,14,1877
2012,9,8,15,1942
2012,9,8,16,1962
2012,9,8,17,1938
2012,9,8,18,1877
2012,9,8,19,1784
2012,9,8,20,1684
2012,9,8,21,1600
2012,9,8,22,1557
2012,9,8,23,1540
2012,9,9,0,1557
2012,9,9,1,1606
2012,9,9,2,1666
2012,9,9,3,1716
2012,9,9,4,1751
2012,9,9,5,1750
2012,9,9,6,1699
2012,9,9,7,1604
2012,9,9,8,1514
2012,9,9,9,1466
2012,9,9,10,1471
2012,9,9,11,1516
2012,9,9,12,1587
2012,9,9,13,1664
2012,9,9,14,1756
2012,9,9,15,1848
2012,9,9,16,1898
2012,9,9,17,1919
2012,9,9,18,1907
2012,9,9,19,1860
2012,9,9,20,1782
2012,9,9,21,1699
2012,9,9,22,1621
2012,9,9,23,1556
2012,9,10,0,1529
2012,9,10,1,1549
2012,9,10,2,1578
2012,9,10,3,1610
2012,9,10,4,1645
2012,9,10,5,1671
2012,9,10,6,1687
2012,9,10,7,1681
2012,9,10,8,1646
2012,9,10,9,1581
2012,9,10,10,1526
2012,9,10,11,1495
2012,9,10,12,1514
2012,9,10,13,1574
2012,9,10,14,1653
2012,9,10,15,1743
2012,9,10,16,1786
2012,9,10,17,1857
2012,9,10,18,1902
2012,9,10,19,1924
2012,9,10,20,1912
2012,9,10,21,1863
2012,9,10,22,1781
2012,9,10,23,1684
2012,9,11,0,1591
2012,9,11,1,1535
2012,9,11,2,1519
2012,9,11,3,1537
2012,9,11,4,1575
2012,9,11,5,1628
2012,9,11,6,1681
2012,9,11,7,1727
2012,9,11,8,1738
2012,9,11,9,1698
2012,9,11,10,1638
2012,9,11,11,1581
2012,9,11,12,1556
2012,9,11,13,1553
2012,9,11,14,1563
2012,9,11,15,1613
2012,9,11,16,1671
2012,9,11,17,1761
2012,9,11,18,1874
2012,9,11,19,1980
2012,9,11,20,2034
2012,9,11,21,2018
2012,9,11,22,1949
2012,9,11,23,1832
2012,9,12,0,1702
2012,9,12,1,1596
2012,9,12,2,1524
2012,9,12,3,1484
2012,9,12,4,1493
2012,9,12,5,1549
2012,9,12,6,1643
2012,9,12,7,1750
2012,9,12,8,1835
2012,9,12,9,1861
2012,9,12,10,1822
2012,9,12,11,1745
2012,9,12,12,1650
2012,9,12,13,1571
2012,9,12,14,1510
2012,9,12,15,1510
2012,9,12,16,1551
2012,9,12,17,1646
2012,9,12,18,1787
2012,9,12,19,1943
2012,9,12,20,2066
2012,9,12,21,2122
2012,9,12,22,2098
2012,9,12,23,1995
2012,9,13,0,1837
2012,9,13,1,1671
2012,9,13,2,1525
2012,9,13,3,1417
2012,9,13,4,1392
2012,9,13,5,1432
2012,9,13,6,1538
2012,9,13,7,1681
2012,9,13,8,1832
2012,9,13,9,1946
2012,9,13,10,1976
2012,9,13,11,1924
2012,9,13,12,1804
2012,9,13,13,1652
2012,9,13,14,1518
2012,9,13,15,1444
2012,9,13,16,1434
2012,9,13,17,1504
2012,9,13,18,1646
2012,9,13,19,1832
2012,9,13,20,2014
2012,9,13,21,2157
2012,9,13,22,2208
2012,9,13,23,2154
2012,9,14,0,2013
2012,9,14,1,1828
2012,9,14,2,1628
2012,9,14,3,1457
2012,9,14,4,1371
2012,9,14,5,1389
2012,9,14,6,1493
2012,9,14,7,1662
2012,9,14,8,1849
2012,9,14,9,2012
2012,9,14,10,2116
2012,9,14,11,2125
2012,9,14,12,2026
2012,9,14,13,1828
2012,9,14,14,1613
2012,9,14,15,1458
2012,9,14,16,1385
2012,9,14,17,1414
2012,9,14,18,1532
2012,9,14,19,1722
2012,9,14,20,1928
2012,9,14,21,2126
2012,9,14,22,2257
2012,9,14,23,2270
2012,9,15,0,2165
2012,9,15,1,1977
2012,9,15,2,1738
2012,9,15,3,1499
2012,9,15,4,1338
2012,9,15,5,1292
2012,9,15,6,1363
2012,9,15,7,1521
2012,9,15,8,1729
2012,9,15,9,1948
2012,9,15,10,2127
2012,9,15,11,2203
2012,9,15,12,2158
2012,9,15,13,1992
2012,9,15,14,1743
2012,9,15,15,1500
2012,9,15,16,1320
2012,9,15,17,1280
2012,9,15,18,1363
2012,9,15,19,1525
2012,9,15,20,1744
2012,9,15,21,1983
2012,9,15,22,2185
2012,9,15,23,2294
2012,9,16,0,2271
2012,9,16,1,2116
2012,9,16,2,1860
2012,9,16,3,1578
2012,9,16,4,1356
2012,9,16,5,1240
2012,9,16,6,1254
2012,9,16,7,1392
2012,9,16,8,1616
2012,9,16,9,1883
2012,9,16,10,2132
2012,9,16,11,2308
2012,9,16,12,2349
2012,9,16,13,2237
2012,9,16,14,2002
2012,9,16,15,1702
2012,9,16,16,1428
2012,9,16,17,1260
2012,9,16,18,1250
2012,9,16,19,1369
2012,9,16,20,1581
2012,9,16,21,1847
2012,9,16,22,2097
2012,9,16,23,2267
2012,9,17,0,2318
2012,9,17,1,2233
2012,9,17,2,2024
2012,9,17,3,1732
2012,9,17,4,1437
2012,9,17,5,1231
2012,9,17,6,1170
2012,9,17,7,1259
2012,9,17,8,1458
2012,9,17,9,1737
2012,9,17,10,2032
2012,9,17,11,2275
2012,9,17,12,2397
2012,9,17,13,2388
2012,9,17,14,2177
2012,9,17,15,1882
2012,9,17,16,1571
2012,9,17,17,1308
2012,9,17,18,1201
2012,9,17,19,1236
2012,9,17,20,1381
2012,9,17,21,1617
2012,9,17,22,1890
2012,9,17,23,2131
2012,9,18,0,2276
2012,9,18,1,2287
2012,9,18,2,2147
2012,9,18,3,1895
2012,9,18,4,1586
2012,9,18,5,1315
2012,9,18,6,1168
2012,9,18,7,1183
2012,9,18,8,1331
2012,9,18,9,1572
2012,9,18,10,1867
2012,9,18,11,2151
2012,9,18,12,2371
2012,9,18,13,2464
2012,9,18,14,2386
2012,9,18,15,2137
2012,9,18,16,1796
2012,9,18,17,1455
2012,9,18,18,1224
2012,9,18,19,1152
2012,9,18,20,1220
2012,9,18,21,1398
2012,9,18,22,1646
2012,9,18,23,1899
2012,9,19,0,2107
2012,9,19,1,2210
2012,9,19,2,2175
2012,9,19,3,1999
2012,9,19,4,1719
2012,9,19,5,1430
2012,9,19,6,1203
2012,9,19,7,1114
2012,9,19,8,1194
2012,9,19,9,1392
2012,9,19,10,1674
2012,9,19,11,1983
2012,9,19,12,2242
2012,9,19,13,2414
2012,9,19,14,2440
2012,9,19,15,2321
2012,9,19,16,2049
2012,9,19,17,1702
2012,9,19,18,1389
2012,9,19,19,1207
2012,9,19,20,1193
2012,9,19,21,1304
2012,9,19,22,1488
2012,9,19,23,1709
2012,9,20,0,1922
2012,9,20,1,2084
2012,9,20,2,2146
2012,9,20,3,2077
2012,9,20,4,1886
2012,9,20,5,1615
2012,9,20,6,1356
2012,9,20,7,1186
2012,9,20,8,1162
2012,9,20,9,1283
2012,9,20,10,1518
2012,9,20,11,1798
2012,9,20,12,2076
2012,9,20,13,2287
2012,9,20,14,2392
2012,9,20,15,2361
2012,9,20,16,2212
2012,9,20,17,1938
2012,9,20,18,1638
2012,9,20,19,1392
2012,9,20,20,1271
2012,9,20,21,1276
2012,9,20,22,1379
2012,9,20,23,1544
2012,9,21,0,1730
2012,9,21,1,1894
2012,9,21,2,2010
2012,9,21,3,2039
2012,9,21,4,1957
2012,9,21,5,1765
2012,9,21,6,1525
2012,9,21,7,1327
2012,9,21,8,1238
2012,9,21,9,1279
2012,9,21,10,1421
2012,9,21,11,1630
2012,9,21,12,1863
2012,9,21,13,2069
2012,9,21,14,2232
2012,9,21,15,2316
2012,9,21,16,2264
2012,9,21,17,2097
2012,9,21,18,1858
2012,9,21,19,1610
2012,9,21,20,1426
2012,9,21,21,1345
2012,9,21,22,1366
2012,9,21,23,1441
2012,9,22,0,1581
2012,9,22,1,1721
2012,9,22,2,1834
2012,9,22,3,1916
2012,9,22,4,1925
2012,9,22,5,1846
2012,9,22,6,1691
2012,9,22,7,1499
2012,9,22,8,1357
2012,9,22,9,1323
2012,9,22,10,1388
2012,9,22,11,1527
2012,9,22,12,1701
2012,9,22,13,1880
2012,9,22,14,2035
2012,9,22,15,2148
2012,9,22,16,2206
2012,9,22,17,2177
2012,9,22,18,2050
2012,9,22,19,1845
2012,9,22,20,1677
2012,9,22,21,1532
2012,9,22,22,1459
2012,9,22,23,1460
2012,9,23,0,1523
2012,9,23,1,1619
2012,9,23,2,1721
2012,9,23,3,1804
2012,9,23,4,1863
2012,9,23,5,1875
2012,9,23,6,1825
2012,9,23,7,1712
2012,9,23,8,1578
2012,9,23,9,1472
2012,9,23,10,1441
2012,9,23,11,1486
2012,9,23,12,1601
2012,9,23,13,1720
2012,9,23,14,1839
2012,9,23,15,1977
2012,9,23,16,2066
2012,9,23,17,2117
2012,9,23,18,2116
2012,9,23,19,2037
2012,9,23,20,1895
2012,9,23,21,1734
2012,9,23,22,1599
2012,9,23,23,1524
2012,9,24,0,1512
2012,9,24,1,1548
2012,9,24,2,1589
2012,9,24,3,1642
2012,9,24,4,1713
2012,9,24,5,1788
2012,9,24,6,1840
2012,9,24,7,1828
2012,9,24,8,1750
2012,9,24,9,1642
2012,9,24,10,1568
2012,9,24,11,1534
2012,9,24,12,1546
2012,9,24,13,1602
2012,9,24,14,1675
2012,9,24,15,1795
2012,9,24,16,1885
2012,9,24,17,1988
2012,9,24,18,2061
2012,9,24,19,2087
2012,9,24,20,2055
2012,9,24,21,1950
2012,9,24,22,1801
2012,9,24,23,1657
2012,9,25,0,1549
2012,9,25,1,1493
2012,9,25,2,1494
2012,9,25,3,1534
2012,9,25,4,1603
2012,9,25,5,1696
2012,9,25,6,1802
2012,9,25,7,1877
2012,9,25,8,1891
2012,9,25,9,1838
2012,9,25,10,1747
2012,9,25,11,1642
2012,9,25,12,1563
2012,9,25,13,1504
2012,9,25,14,1511
2012,9,25,15,1571
2012,9,25,16,1669
2012,9,25,17,1784
2012,9,25,18,1906
2012,9,25,19,2020
2012,9,25,20,2090
2012,9,25,21,2076
2012,9,25,22,1969
2012,9,25,23,1804
2012,9,26,0,1620
2012,9,26,1,1481
2012,9,26,2,1405
2012,9,26,3,1401
2012,9,26,4,1448
2012,9,26,5,1542
2012,9,26,6,1675
2012,9,26,7,1807
2012,9,26,8,1920
2012,9,26,9,1968
2012,9,26,10,1929
2012,9,26,11,1813
2012,9,26,12,1676
2012,9,26,13,1534
2012,9,26,14,1433
2012,9,26,15,1421
2012,9,26,16,1476
2012,9,26,17,1594
2012,9,26,18,1740
2012,9,26,19,1900
2012,9,26,20,2041
2012,9,26,21,2129
2012,9,26,22,2123
2012,9,26,23,2007
2012,9,27,0,1812
2012,9,27,1,1597
2012,9,27,2,1436
2012,9,27,3,1361
2012,9,27,4,1366
2012,9,27,5,1444
2012,9,27,6,1572
2012,9,27,7,1732
2012,9,27,8,1895
2012,9,27,9,2026
2012,9,27,10,2081
2012,9,27,11,2022
2012,9,27,12,1900
2012,9,27,13,1685
2012,9,27,14,1483
2012,9,27,15,1383
2012,9,27,16,1358
2012,9,27,17,1424
2012,9,27,18,1545
2012,9,27,19,1725
2012,9,27,20,1918
2012,9,27,21,2080
2012,9,27,22,2162
2012,9,27,23,2120
2012,9,28,0,1964
2012,9,28,1,1740
2012,9,28,2,1509
2012,9,28,3,1345
2012,9,28,4,1281
2012,9,28,5,1321
2012,9,28,6,1438
2012,9,28,7,1614
2012,9,28,8,1824
2012,9,28,9,2026
2012,9,28,10,2164
2012,9,28,11,2172
2012,9,28,12,2077
2012,9,28,13,1867
2012,9,28,14,1623
2012,9,28,15,1416
2012,9,28,16,1296
2012,9,28,17,1296
2012,9,28,18,1391
2012,9,28,19,1555
2012,9,28,20,1765
2012,9,28,21,1966
2012,9,28,22,2107
2012,9,28,23,2146
2012,9,29,0,2068
2012,9,29,1,1880
2012,9,29,2,1631
2012,9,29,3,1400
2012,9,29,4,1266
2012,9,29,5,1256
2012,9,29,6,1350
2012,9,29,7,1517
2012,9,29,8,1738
2012,9,29,9,1971
2012,9,29,10,2173
2012,9,29,11,2283
2012,9,29,12,2261
2012,9,29,13,2079
2012,9,29,14,1807
2012,9,29,15,1520
2012,9,29,16,1342
2012,9,29,17,1259
2012,9,29,18,1310
2012,9,29,19,1433
2012,9,29,20,1626
2012,9,29,21,1842
2012,9,29,22,2028
2012,9,29,23,2149
2012,9,30,0,2153
2012,9,30,1,2017
2012,9,30,2,1774
2012,9,30,3,1510
2012,9,30,4,1304
2012,9,30,5,1221
2012,9,30,6,1272
2012,9,30,7,1417
2012,9,30,8,1630
2012,9,30,9,1883
2012,9,30,10,2126
2012,9,30,11,2296
2012,9,30,12,2332
2012,9,30,13,2214
2012,9,30,14,1969
2012,9,30,15,1714
2012,9,30,16,1456
2012,9,30,17,1283
2012,9,30,18,1243
2012,9,30,19,1321
2012,9,30,20,1500
2012,9,30,21,1728
2012,9,30,22,1934
2012,9,30,23,2084
2012,10,1,0,2139
2012,10,1,1,2082
2012,10,1,2,1917
2012,10,1,3,1666
2012,10,1,4,1415
2012,10,1,5,1260
2012,10,1,6,1251
2012,10,1,7,1366
2012,10,1,8,1558
2012,10,1,9,1802
2012,10,1,10,2038
2012,10,1,11,2225
2012,10,1,12,2330
2012,10,1,13,2312
2012,10,1,14,2163
2012,10,1,15,1905
2012,10,1,16,1616
2012,10,1,17,1381
2012,10,1,18,1274
2012,10,1,19,1304
2012,10,1,20,1434
2012,10,1,21,1619
2012,10,1,22,1820
2012,10,1,23,1994
2012,10,2,0,2098
2012,10,2,1,2104
2012,10,2,2,2002
2012,10,2,3,1793
2012,10,2,4,1543
2012,10,2,5,1342
2012,10,2,6,1259
2012,10,2,7,1316
2012,10,2,8,1479
2012,10,2,9,1718
2012,10,2,10,1975
2012,10,2,11,2186
2012,10,2,12,2325
2012,10,2,13,2350
2012,10,2,14,2263
2012,10,2,15,2100
2012,10,2,16,1774
2012,10,2,17,1550
2012,10,2,18,1352
2012,10,2,19,1305
2012,10,2,20,1387
2012,10,2,21,1549
2012,10,2,22,1745
2012,10,2,23,1917
2012,10,3,0,2033
2012,10,3,1,2083
2012,10,3,2,2039
2012,10,3,3,1906
2012,10,3,4,1691
2012,10,3,5,1439
2012,10,3,6,1310
2012,10,3,7,1288
2012,10,3,8,1394
2012,10,3,9,1598
2012,10,3,10,1856
2012,10,3,11,2083
2012,10,3,12,2243
2012,10,3,13,2323
2012,10,3,14,2289
2012,10,3,15,2149
2012,10,3,16,1952
2012,10,3,17,1619
2012,10,3,18,1431
2012,10,3,19,1319
2012,10,3,20,1348
2012,10,3,21,1459
2012,10,3,22,1626
2012,10,3,23,1815
2012,10,4,0,1963
2012,10,4,1,2031
2012,10,4,2,2019
2012,10,4,3,1933
2012,10,4,4,1765
2012,10,4,5,1562
2012,10,4,6,1395
2012,10,4,7,1329
2012,10,4,8,1383
2012,10,4,9,1540
2012,10,4,10,1769
2012,10,4,11,1994
2012,10,4,12,2171
2012,10,4,13,2279
2012,10,4,14,2298
2012,10,4,15,2199
2012,10,4,16,2052
2012,10,4,17,1818
2012,10,4,18,1579
2012,10,4,19,1438
2012,10,4,20,1415
2012,10,4,21,1492
2012,10,4,22,1624
2012,10,4,23,1777
2012,10,5,0,1898
2012,10,5,1,1975
2012,10,5,2,2006
2012,10,5,3,1979
2012,10,5,4,1874
2012,10,5,5,1705
2012,10,5,6,1513
2012,10,5,7,1404
2012,10,5,8,1412
2012,10,5,9,1524
2012,10,5,10,1712
2012,10,5,11,1923
2012,10,5,12,2096
2012,10,5,13,2221
2012,10,5,14,2271
2012,10,5,15,2235
2012,10,5,16,2126
2012,10,5,17,1948
2012,10,5,18,1734
2012,10,5,19,1557
2012,10,5,20,1468
2012,10,5,21,1488
2012,10,5,22,1560
2012,10,5,23,1671
2012,10,6,0,1785
2012,10,6,1,1878
2012,10,6,2,1943
2012,10,6,3,1962
2012,10,6,4,1913
2012,10,6,5,1796
2012,10,6,6,1635
2012,10,6,7,1499
2012,10,6,8,1448
2012,10,6,9,1499
2012,10,6,10,1628
2012,10,6,11,1797
2012,10,6,12,1964
2012,10,6,13,2082
2012,10,6,14,2145
2012,10,6,15,2161
2012,10,6,16,2121
2012,10,6,17,2025
2012,10,6,18,1867
2012,10,6,19,1701
2012,10,6,20,1577
2012,10,6,21,1526
2012,10,6,22,1555
2012,10,6,23,1637
2012,10,7,0,1737
2012,10,7,1,1816
2012,10,7,2,1860
2012,10,7,3,1882
2012,10,7,4,1881
2012,10,7,5,1831
2012,10,7,6,1721
2012,10,7,7,1595
2012,10,7,8,1516
2012,10,7,9,1520
2012,10,7,10,1612
2012,10,7,11,1736
2012,10,7,12,1855
2012,10,7,13,1963
2012,10,7,14,2046
2012,10,7,15,2093
2012,10,7,16,2103
2012,10,7,17,2046
2012,10,7,18,1927
2012,10,7,19,1784
2012,10,7,20,1664
2012,10,7,21,1590
2012,10,7,22,1574
2012,10,7,23,1618
2012,10,8,0,1665
2012,10,8,1,1717
2012,10,8,2,1780
2012,10,8,3,1840
2012,10,8,4,1879
2012,10,8,5,1874
2012,10,8,6,1820
2012,10,8,7,1720
2012,10,8,8,1631
2012,10,8,9,1595
2012,10,8,10,1632
2012,10,8,11,1697
2012,10,8,12,1784
2012,10,8,13,1878
2012,10,8,14,1958
2012,10,8,15,2020
2012,10,8,16,2058
2012,10,8,17,2066
2012,10,8,18,2019
2012,10,8,19,1931
2012,10,8,20,1816
2012,10,8,21,1714
2012,10,8,22,1645
2012,10,8,23,1628
2012,10,9,0,1644
2012,10,9,1,1682
2012,10,9,2,1702
2012,10,9,3,1745
2012,10,9,4,1796
2012,10,9,5,1848
2012,10,9,6,1865
2012,10,9,7,1822
2012,10,9,8,1744
2012,10,9,9,1679
2012,10,9,10,1659
2012,10,9,11,1679
2012,10,9,12,1718
2012,10,9,13,1767
2012,10,9,14,1820
2012,10,9,15,1887
2012,10,9,16,1967
2012,10,9,17,2038
2012,10,9,18,2045
2012,10,9,19,2001
2012,10,9,20,1927
2012,10,9,21,1828
2012,10,9,22,1744
2012,10,9,23,1671
2012,10,10,0,1621
2012,10,10,1,1601
2012,10,10,2,1603
2012,10,10,3,1647
2012,10,10,4,1717
2012,10,10,5,1801
2012,10,10,6,1879
2012,10,10,7,1902
2012,10,10,8,1880
2012,10,10,9,1823
2012,10,10,10,1755
2012,10,10,11,1704
2012,10,10,12,1678
2012,10,10,13,1696
2012,10,10,14,1734
2012,10,10,15,1780
2012,10,10,16,1842
2012,10,10,17,1923
2012,10,10,18,2002
2012,10,10,19,2044
2012,10,10,20,2032
2012,10,10,21,1970
2012,10,10,22,1874
2012,10,10,23,1757
2012,10,11,0,1654
2012,10,11,1,1555
2012,10,11,2,1528
2012,10,11,3,1566
2012,10,11,4,1631
2012,10,11,5,1716
2012,10,11,6,1826
2012,10,11,7,1922
2012,10,11,8,1980
2012,10,11,9,1984
2012,10,11,10,1926
2012,10,11,11,1825
2012,10,11,12,1720
2012,10,11,13,1652
2012,10,11,14,1629
2012,10,11,15,1638
2012,10,11,16,1695
2012,10,11,17,1790
2012,10,11,18,1930
2012,10,11,19,2052
2012,10,11,20,2121
2012,10,11,21,2120
2012,10,11,22,2044
2012,10,11,23,1918
2012,10,12,0,1765
2012,10,12,1,1619
2012,10,12,2,1506
2012,10,12,3,1482
2012,10,12,4,1527
2012,10,12,5,1636
2012,10,12,6,1791
2012,10,12,7,1958
2012,10,12,8,2100
2012,10,12,9,2176
2012,10,12,10,2150
2012,10,12,11,2037
2012,10,12,12,1866
2012,10,12,13,1695
2012,10,12,14,1571
2012,10,12,15,1523
2012,10,12,16,1556
2012,10,12,17,1643
2012,10,12,18,1774
2012,10,12,19,1932
2012,10,12,20,2084
2012,10,12,21,2168
2012,10,12,22,2160
2012,10,12,23,2059
2012,10,13,0,1888
2012,10,13,1,1683
2012,10,13,2,1497
2012,10,13,3,1376
2012,10,13,4,1379
2012,10,13,5,1479
2012,10,13,6,1667
2012,10,13,7,1883
2012,10,13,8,2089
2012,10,13,9,2233
2012,10,13,10,2284
2012,10,13,11,2214
2012,10,13,12,2049
2012,10,13,13,1830
2012,10,13,14,1609
2012,10,13,15,1465
2012,10,13,16,1430
2012,10,13,17,1496
2012,10,13,18,1625
2012,10,13,19,1807
2012,10,13,20,2005
2012,10,13,21,2176
2012,10,13,22,2267
2012,10,13,23,2242
2012,10,14,0,2091
2012,10,14,1,1851
2012,10,14,2,1600
2012,10,14,3,1410
2012,10,14,4,1337
2012,10,14,5,1401
2012,10,14,6,1562
2012,10,14,7,1773
2012,10,14,8,2018
2012,10,14,9,2249
2012,10,14,10,2395
2012,10,14,11,2408
2012,10,14,12,2280
2012,10,14,13,2040
2012,10,14,14,1746
2012,10,14,15,1487
2012,10,14,16,1348
2012,10,14,17,1336
2012,10,14,18,1427
2012,10,14,19,1596
2012,10,14,20,1815
2012,10,14,21,2035
2012,10,14,22,2196
2012,10,14,23,2266
2012,10,15,0,2204
2012,10,15,1,1997
2012,10,15,2,1712
2012,10,15,3,1443
2012,10,15,4,1268
2012,10,15,5,1253
2012,10,15,6,1373
2012,10,15,7,1585
2012,10,15,8,1856
2012,10,15,9,2141
2012,10,15,10,2388
2012,10,15,11,2515
2012,10,15,12,2474
2012,10,15,13,2311
2012,10,15,14,1945
2012,10,15,15,1667
2012,10,15,16,1406
2012,10,15,17,1282
2012,10,15,18,1291
2012,10,15,19,1411
2012,10,15,20,1613
2012,10,15,21,1850
2012,10,15,22,2075
2012,10,15,23,2229
2012,10,16,0,2252
2012,10,16,1,2127
2012,10,16,2,1890
2012,10,16,3,1599
2012,10,16,4,1338
2012,10,16,5,1224
2012,10,16,6,1246
2012,10,16,7,1418
2012,10,16,8,1688
2012,10,16,9,1994
2012,10,16,10,2275
2012,10,16,11,2476
2012,10,16,12,2552
2012,10,16,13,2474
2012,10,16,14,2239
2012,10,16,15,1891
2012,10,16,16,1541
2012,10,16,17,1290
2012,10,16,18,1203
2012,10,16,19,1263
2012,10,16,20,1441
2012,10,16,21,1678
2012,10,16,22,1923
2012,10,16,23,2135
2012,10,17,0,2255
2012,10,17,1,2238
2012,10,17,2,2067
2012,10,17,3,1809
2012,10,17,4,1487
2012,10,17,5,1286
2012,10,17,6,1211
2012,10,17,7,1303
2012,10,17,8,1520
2012,10,17,9,1820
2012,10,17,10,2139
2012,10,17,11,2399
2012,10,17,12,2564
2012,10,17,13,2588
2012,10,17,14,2463
2012,10,17,15,2176
2012,10,17,16,1808
2012,10,17,17,1471
2012,10,17,18,1258
2012,10,17,19,1219
2012,10,17,20,1321
2012,10,17,21,1519
2012,10,17,22,1761
2012,10,17,23,1994
2012,10,18,0,2177
2012,10,18,1,2258
2012,10,18,2,2196
2012,10,18,3,2005
2012,10,18,4,1732
2012,10,18,5,1433
2012,10,18,6,1277
2012,10,18,7,1262
2012,10,18,8,1415
2012,10,18,9,1650
2012,10,18,10,1939
2012,10,18,11,2234
2012,10,18,12,2471
2012,10,18,13,2600
2012,10,18,14,2584
2012,10,18,15,2424
2012,10,18,16,2106
2012,10,18,17,1741
2012,10,18,18,1444
2012,10,18,19,1306
2012,10,18,20,1298
2012,10,18,21,1399
2012,10,18,22,1576
2012,10,18,23,1790
2012,10,19,0,1994
2012,10,19,1,2139
2012,10,19,2,2199
2012,10,19,3,2131
2012,10,19,4,1934
2012,10,19,5,1677
2012,10,19,6,1456
2012,10,19,7,1345
2012,10,19,8,1376
2012,10,19,9,1516
2012,10,19,10,1739
2012,10,19,11,1995
2012,10,19,12,2231
2012,10,19,13,2421
2012,10,19,14,2514
2012,10,19,15,2490
2012,10,19,16,2331
2012,10,19,17,2045
2012,10,19,18,1714
2012,10,19,19,1468
2012,10,19,20,1372
2012,10,19,21,1404
2012,10,19,22,1516
2012,10,19,23,1672
2012,10,20,0,1834
2012,10,20,1,1981
2012,10,20,2,2107
2012,10,20,3,2163
2012,10,20,4,2099
2012,10,20,5,1914
2012,10,20,6,1677
2012,10,20,7,1484
2012,10,20,8,1422
2012,10,20,9,1491
2012,10,20,10,1637
2012,10,20,11,1850
2012,10,20,12,2019
2012,10,20,13,2203
2012,10,20,14,2361
2012,10,20,15,2466
2012,10,20,16,2454
2012,10,20,17,2263
2012,10,20,18,1961
2012,10,20,19,1695
2012,10,20,20,1499
2012,10,20,21,1452
2012,10,20,22,1486
2012,10,20,23,1590
2012,10,21,0,1715
2012,10,21,1,1836
2012,10,21,2,1953
2012,10,21,3,2045
2012,10,21,4,2070
2012,10,21,5,1997
2012,10,21,6,1849
2012,10,21,7,1681
2012,10,21,8,1561
2012,10,21,9,1520
2012,10,21,10,1566
2012,10,21,11,1687
2012,10,21,12,1843
2012,10,21,13,2004
2012,10,21,14,2156
2012,10,21,15,2289
2012,10,21,16,2365
2012,10,21,17,2330
2012,10,21,18,2160
2012,10,21,19,1927
2012,10,21,20,1719
2012,10,21,21,1584
2012,10,21,22,1556
2012,10,21,23,1609
2012,10,22,0,1672
2012,10,22,1,1739
2012,10,22,2,1813
2012,10,22,3,1915
2012,10,22,4,2028
2012,10,22,5,2095
2012,10,22,6,2064
2012,10,22,7,1922
2012,10,22,8,1765
2012,10,22,9,1655
2012,10,22,10,1637
2012,10,22,11,1692
2012,10,22,12,1773
2012,10,22,13,1874
2012,10,22,14,1988
2012,10,22,15,2109
2012,10,22,16,2224
2012,10,22,17,2316
2012,10,22,18,2297
2012,10,22,19,2163
2012,10,22,20,1978
2012,10,22,21,1812
2012,10,22,22,1711
2012,10,22,23,1682
2012,10,23,0,1686
2012,10,23,1,1711
2012,10,23,2,1758
2012,10,23,3,1842
2012,10,23,4,1954
2012,10,23,5,2069
2012,10,23,6,2129
2012,10,23,7,2098
2012,10,23,8,1999
2012,10,23,9,1870
2012,10,23,10,1770
2012,10,23,11,1731
2012,10,23,12,1744
2012,10,23,13,1790
2012,10,23,14,1854
2012,10,23,15,1933
2012,10,23,16,2047
2012,10,23,17,2141
2012,10,23,18,2209
2012,10,23,19,2203
2012,10,23,20,2108
2012,10,23,21,1965
2012,10,23,22,1818
2012,10,23,23,1719
2012,10,24,0,1659
2012,10,24,1,1637
2012,10,24,2,1653
2012,10,24,3,1704
2012,10,24,4,1796
2012,10,24,5,1928
2012,10,24,6,2066
2012,10,24,7,2153
2012,10,24,8,2150
2012,10,24,9,2075
2012,10,24,10,1968
2012,10,24,11,1865
2012,10,24,12,1789
2012,10,24,13,1750
2012,10,24,14,1742
2012,10,24,15,1761
2012,10,24,16,1834
2012,10,24,17,1946
2012,10,24,18,2069
2012,10,24,19,2174
2012,10,24,20,2200
2012,10,24,21,2142
2012,10,24,22,2020
2012,10,24,23,1879
2012,10,25,0,1750
2012,10,25,1,1659
2012,10,25,2,1612
2012,10,25,3,1622
2012,10,25,4,1697
2012,10,25,5,1823
2012,10,25,6,1988
2012,10,25,7,2143
2012,10,25,8,2240
2012,10,25,9,2248
2012,10,25,10,2164
2012,10,25,11,2029
2012,10,25,12,1875
2012,10,25,13,1756
2012,10,25,14,1684
2012,10,25,15,1628
2012,10,25,16,1653
2012,10,25,17,1748
2012,10,25,18,1867
2012,10,25,19,2010
2012,10,25,20,2119
2012,10,25,21,2156
2012,10,25,22,2104
2012,10,25,23,1985
2012,10,26,0,1826
2012,10,26,1,1672
2012,10,26,2,1560
2012,10,26,3,1509
2012,10,26,4,1539
2012,10,26,5,1640
2012,10,26,6,1804
2012,10,26,7,1990
2012,10,26,8,2154
2012,10,26,9,2262
2012,10,26,10,2272
2012,10,26,11,2176
2012,10,26,12,2001
2012,10,26,13,1818
2012,10,26,14,1650
2012,10,26,15,1554
2012,10,26,16,1527
2012,10,26,17,1567
2012,10,26,18,1650
2012,10,26,19,1810
2012,10,26,20,1952
2012,10,26,21,2080
2012,10,26,22,2131
2012,10,26,23,2071
2012,10,27,0,1913
2012,10,27,1,1716
2012,10,27,2,1543
2012,10,27,3,1457
2012,10,27,4,1458
2012,10,27,5,1564
2012,10,27,6,1720
2012,10,27,7,1914
2012,10,27,8,2107
2012,10,27,9,2275
2012,10,27,10,2361
2012,10,27,11,2330
2012,10,27,12,2190
2012,10,27,13,1983
2012,10,27,14,1764
2012,10,27,15,1582
2012,10,27,16,1483
2012,10,27,17,1475
2012,10,27,18,1532
2012,10,27,19,1686
2012,10,27,20,1839
2012,10,27,21,2007
2012,10,27,22,2129
2012,10,27,23,2148
2012,10,28,0,2046
2012,10,28,1,1852
2012,10,28,2,1636
2012,10,28,3,1471
2012,10,28,4,1408
2012,10,28,5,1470
2012,10,28,6,1614
2012,10,28,7,1803
2012,10,28,8,2008
2012,10,28,9,2214
2012,10,28,10,2375
2012,10,28,11,2430
2012,10,28,12,2346
2012,10,28,13,2141
2012,10,28,14,1887
2012,10,28,15,1662
2012,10,28,16,1512
2012,10,28,17,1451
2012,10,28,18,1472
2012,10,28,19,1565
2012,10,28,20,1719
2012,10,28,21,1902
2012,10,28,22,2065
2012,10,28,23,2157
2012,10,29,0,2133
2012,10,29,1,1981
2012,10,29,2,1754
2012,10,29,3,1548
2012,10,29,4,1428
2012,10,29,5,1434
2012,10,29,6,1536
2012,10,29,7,1709
2012,10,29,8,1913
2012,10,29,9,2126
2012,10,29,10,2325
2012,10,29,11,2446
2012,10,29,12,2442
2012,10,29,13,2283
2012,10,29,14,2021
2012,10,29,15,1759
2012,10,29,16,1551
2012,10,29,17,1438
2012,10,29,18,1425
2012,10,29,19,1487
2012,10,29,20,1628
2012,10,29,21,1818
2012,10,29,22,2008
2012,10,29,23,2131
2012,10,30,0,2154
2012,10,30,1,2066
2012,10,30,2,1878
2012,10,30,3,1648
2012,10,30,4,1462
2012,10,30,5,1392
2012,10,30,6,1463
2012,10,30,7,1627
2012,10,30,8,1842
2012,10,30,9,2074
2012,10,30,10,2291
2012,10,30,11,2443
2012,10,30,12,2496
2012,10,30,13,2423
2012,10,30,14,2237
2012,10,30,15,1932
2012,10,30,16,1679
2012,10,30,17,1448
2012,10,30,18,1398
2012,10,30,19,1445
2012,10,30,20,1568
2012,10,30,21,1735
2012,10,30,22,1919
2012,10,30,23,2076
2012,10,31,0,2156
2012,10,31,1,2134
2012,10,31,2,1995
2012,10,31,3,1779
2012,10,31,4,1566
2012,10,31,5,1431
2012,10,31,6,1419
2012,10,31,7,1523
2012,10,31,8,1711
2012,10,31,9,1958
2012,10,31,10,2201
2012,10,31,11,2395
2012,10,31,12,2498
2012,10,31,13,2480
2012,10,31,14,2343
2012,10,31,15,2094
2012,10,31,16,1846
2012,10,31,17,1556
2012,10,31,18,1440
2012,10,31,19,1421
2012,10,31,20,1507
2012,10,31,21,1657
2012,10,31,22,1838
2012,10,31,23,1999
2012,11,1,0,2113
2012,11,1,1,2144
2012,11,1,2,2069
2012,11,1,3,1895
2012,11,1,4,1671
2012,11,1,5,1485
2012,11,1,6,1406
2012,11,1,7,1458
2012,11,1,8,1607
2012,11,1,9,1823
2012,11,1,10,2055
2012,11,1,11,2264
2012,11,1,12,2408
2012,11,1,13,2453
2012,11,1,14,2393
2012,11,1,15,2221
2012,11,1,16,1967
2012,11,1,17,1712
2012,11,1,18,1513
2012,11,1,19,1437
2012,11,1,20,1473
2012,11,1,21,1581
2012,11,1,22,1744
2012,11,1,23,1914
2012,11,2,0,2046
2012,11,2,1,2105
2012,11,2,2,2081
2012,11,2,3,1967
2012,11,2,4,1780
2012,11,2,5,1591
2012,11,2,6,1475
2012,11,2,7,1466
2012,11,2,8,1557
2012,11,2,9,1732
2012,11,2,10,1949
2012,11,2,11,2160
2012,11,2,12,2326
2012,11,2,13,2411
2012,11,2,14,2391
2012,11,2,15,2263
2012,11,2,16,2063
2012,11,2,17,1814
2012,11,2,18,1580
2012,11,2,19,1437
2012,11,2,20,1430
2012,11,2,21,1523
2012,11,2,22,1663
2012,11,2,23,1820
2012,11,3,0,1951
2012,11,3,1,2026
2012,11,3,2,2042
2012,11,3,3,1986
2012,11,3,4,1850
2012,11,3,5,1677
2012,11,3,6,1532
2012,11,3,7,1469
2012,11,3,8,1498
2012,11,3,9,1614
2012,11,3,10,1794
2012,11,3,11,2011
2012,11,3,12,2194
2012,11,3,13,2312
2012,11,3,14,2329
2012,11,3,15,2256
2012,11,3,16,2099
2012,11,3,17,1896
2012,11,3,18,1687
2012,11,3,19,1524
2012,11,3,20,1458
2012,11,3,21,1482
2012,11,3,22,1586
2012,11,3,23,1735
2012,11,4,0,1870
2012,11,4,1,1961
2012,11,4,2,2006
2012,11,4,3,1987
2012,11,4,4,1906
2012,11,4,5,1771
2012,11,4,6,1636
2012,11,4,7,1543
2012,11,4,8,1512
2012,11,4,9,1575
2012,11,4,10,1715
2012,11,4,11,1903
2012,11,4,12,2091
2012,11,4,13,2229
2012,11,4,14,2293
2012,11,4,15,2275
2012,11,4,16,2190
2012,11,4,17,2041
2012,11,4,18,1857
2012,11,4,19,1677
2012,11,4,20,1560
2012,11,4,21,1532
2012,11,4,22,1590
2012,11,4,23,1710
2012,11,5,0,1838
2012,11,5,1,1929
2012,11,5,2,1983
2012,11,5,3,2011
2012,11,5,4,1993
2012,11,5,5,1922
2012,11,5,6,1801
2012,11,5,7,1678
2012,11,5,8,1607
2012,11,5,9,1622
2012,11,5,10,1695
2012,11,5,11,1810
2012,11,5,12,1947
2012,11,5,13,2093
2012,11,5,14,2206
2012,11,5,15,2261
2012,11,5,16,2229
2012,11,5,17,2108
2012,11,5,18,1946
2012,11,5,19,1804
2012,11,5,20,1718
2012,11,5,21,1661
2012,11,5,22,1645
2012,11,5,23,1676
2012,11,6,0,1755
2012,11,6,1,1877
2012,11,6,2,1975
2012,11,6,3,2035
2012,11,6,4,2046
2012,11,6,5,1992
2012,11,6,6,1921
2012,11,6,7,1802
2012,11,6,8,1700
2012,11,6,9,1677
2012,11,6,10,1696
2012,11,6,11,1775
2012,11,6,12,1885
2012,11,6,13,2003
2012,11,6,14,2114
2012,11,6,15,2187
2012,11,6,16,2210
2012,11,6,17,2176
2012,11,6,18,2082
2012,11,6,19,1951
2012,11,6,20,1829
2012,11,6,21,1740
2012,11,6,22,1688
2012,11,6,23,1680
2012,11,7,0,1713
2012,11,7,1,1785
2012,11,7,2,1865
2012,11,7,3,1943
2012,11,7,4,2003
2012,11,7,5,2029
2012,11,7,6,2025
2012,11,7,7,1963
2012,11,7,8,1870
2012,11,7,9,1793
2012,11,7,10,1747
2012,11,7,11,1758
2012,11,7,12,1819
2012,11,7,13,1920
2012,11,7,14,2029
2012,11,7,15,2108
2012,11,7,16,2170
2012,11,7,17,2188
2012,11,7,18,2161
2012,11,7,19,2093
2012,11,7,20,1988
2012,11,7,21,1860
2012,11,7,22,1755
2012,11,7,23,1693
2012,11,8,0,1683
2012,11,8,1,1725
2012,11,8,2,1790
2012,11,8,3,1870
2012,11,8,4,1956
2012,11,8,5,2036
2012,11,8,6,2093
2012,11,8,7,2096
2012,11,8,8,2041
2012,11,8,9,1956
2012,11,8,10,1866
2012,11,8,11,1804
2012,11,8,12,1789
2012,11,8,13,1819
2012,11,8,14,1881
2012,11,8,15,1949
2012,11,8,16,2019
2012,11,8,17,2093
2012,11,8,18,2136
2012,11,8,19,2143
2012,11,8,20,2095
2012,11,8,21,1990
2012,11,8,22,1859
2012,11,8,23,1743
2012,11,9,0,1671
2012,11,9,1,1655
2012,11,9,2,1681
2012,11,9,3,1761
2012,11,9,4,1865
2012,11,9,5,1983
2012,11,9,6,2103
2012,11,9,7,2190
2012,11,9,8,2213
2012,11,9,9,2154
2012,11,9,10,2040
2012,11,9,11,1915
2012,11,9,12,1800
2012,11,9,13,1760
2012,11,9,14,1777
2012,11,9,15,1821
2012,11,9,16,1888
2012,11,9,17,1972
2012,11,9,18,2072
2012,11,9,19,2158
2012,11,9,20,2191
2012,11,9,21,2134
2012,11,9,22,2005
2012,11,9,23,1858
2012,11,10,0,1726
2012,11,10,1,1644
2012,11,10,2,1620
2012,11,10,3,1660
2012,11,10,4,1749
2012,11,10,5,1887
2012,11,10,6,2069
2012,11,10,7,2255
2012,11,10,8,2367
2012,11,10,9,2361
2012,11,10,10,2250
2012,11,10,11,2075
2012,11,10,12,1889
2012,11,10,13,1763
2012,11,10,14,1706
2012,11,10,15,1687
2012,11,10,16,1719
2012,11,10,17,1804
2012,11,10,18,1937
2012,11,10,19,2084
2012,11,10,20,2196
2012,11,10,21,2224
2012,11,10,22,2151
2012,11,10,23,2003
2012,11,11,0,1824
2012,11,11,1,1658
2012,11,11,2,1546
2012,11,11,3,1520
2012,11,11,4,1578
2012,11,11,5,1717
2012,11,11,6,1923
2012,11,11,7,2171
2012,11,11,8,2376
2012,11,11,9,2471
2012,11,11,10,2430
2012,11,11,11,2292
2012,11,11,12,2093
2012,11,11,13,1888
2012,11,11,14,1708
2012,11,11,15,1591
2012,11,11,16,1573
2012,11,11,17,1649
2012,11,11,18,1794
2012,11,11,19,1975
2012,11,11,20,2147
2012,11,11,21,2271
2012,11,11,22,2307
2012,11,11,23,2221
2012,11,12,0,2037
2012,11,12,1,1817
2012,11,12,2,1618
2012,11,12,3,1505
2012,11,12,4,1502
2012,11,12,5,1614
2012,11,12,6,1818
2012,11,12,7,2084
2012,11,12,8,2361
2012,11,12,9,2572
2012,11,12,10,2668
2012,11,12,11,2622
2012,11,12,12,2431
2012,11,12,13,2146
2012,11,12,14,1854
2012,11,12,15,1624
2012,11,12,16,1516
2012,11,12,17,1535
2012,11,12,18,1635
2012,11,12,19,1804
2012,11,12,20,2015
2012,11,12,21,2220
2012,11,12,22,2361
2012,11,12,23,2386
2012,11,13,0,2257
2012,11,13,1,2013
2012,11,13,2,1738
2012,11,13,3,1527
2012,11,13,4,1443
2012,11,13,5,1501
2012,11,13,6,1674
2012,11,13,7,1924
2012,11,13,8,2235
2012,11,13,9,2540
2012,11,13,10,2762
2012,11,13,11,2841
2012,11,13,12,2732
2012,11,13,13,2465
2012,11,13,14,2130
2012,11,13,15,1809
2012,11,13,16,1578
2012,11,13,17,1478
2012,11,13,18,1492
2012,11,13,19,1615
2012,11,13,20,1815
2012,11,13,21,2043
2012,11,13,22,2264
2012,11,13,23,2407
2012,11,14,0,2403
2012,11,14,1,2225
2012,11,14,2,1931
2012,11,14,3,1635
2012,11,14,4,1433
2012,11,14,5,1393
2012,11,14,6,1503
2012,11,14,7,1721
2012,11,14,8,2020
2012,11,14,9,2348
2012,11,14,10,2650
2012,11,14,11,2852
2012,11,14,12,2892
2012,11,14,13,2747
2012,11,14,14,2441
2012,11,14,15,2055
2012,11,14,16,1707
2012,11,14,17,1489
2012,11,14,18,1417
2012,11,14,19,1471
2012,11,14,20,1627
2012,11,14,21,1859
2012,11,14,22,2108
2012,11,14,23,2318
2012,11,15,0,2426
2012,11,15,1,2384
2012,11,15,2,2170
2012,11,15,3,1856
2012,11,15,4,1571
2012,11,15,5,1411
2012,11,15,6,1420
2012,11,15,7,1556
2012,11,15,8,1787
2012,11,15,9,2098
2012,11,15,10,2435
2012,11,15,11,2735
2012,11,15,12,2903
2012,11,15,13,2893
2012,11,15,14,2691
2012,11,15,15,2346
2012,11,15,16,1969
2012,11,15,17,1645
2012,11,15,18,1444
2012,11,15,19,1392
2012,11,15,20,1467
2012,11,15,21,1639
2012,11,15,22,1870
2012,11,15,23,2118
2012,11,16,0,2320
2012,11,16,1,2407
2012,11,16,2,2329
2012,11,16,3,2085
2012,11,16,4,1777
2012,11,16,5,1524
2012,11,16,6,1411
2012,11,16,7,1449
2012,11,16,8,1597
2012,11,16,9,1845
2012,11,16,10,2153
2012,11,16,11,2473
2012,11,16,12,2737
2012,11,16,13,2873
2012,11,16,14,2837
2012,11,16,15,2626
2012,11,16,16,2300
2012,11,16,17,1946
2012,11,16,18,1652
2012,11,16,19,1478
2012,11,16,20,1439
2012,11,16,21,1522
2012,11,16,22,1704
2012,11,16,23,1921
2012,11,17,0,2129
2012,11,17,1,2274
2012,11,17,2,2322
2012,11,17,3,2245
2012,11,17,4,2020
2012,11,17,5,1742
2012,11,17,6,1516
2012,11,17,7,1434
2012,11,17,8,1512
2012,11,17,9,1687
2012,11,17,10,1927
2012,11,17,11,2195
2012,11,17,12,2457
2012,11,17,13,2674
2012,11,17,14,2780
2012,11,17,15,2738
2012,11,17,16,2514
2012,11,17,17,2215
2012,11,17,18,1841
2012,11,17,19,1642
2012,11,17,20,1513
2012,11,17,21,1496
2012,11,17,22,1589
2012,11,17,23,1756
2012,11,18,0,1961
2012,11,18,1,2158
2012,11,18,2,2303
2012,11,18,3,2338
2012,11,18,4,2218
2012,11,18,5,1983
2012,11,18,6,1737
2012,11,18,7,1579
2012,11,18,8,1553
2012,11,18,9,1642
2012,11,18,10,1806
2012,11,18,11,2009
2012,11,18,12,2224
2012,11,18,13,2425
2012,11,18,14,2593
2012,11,18,15,2677
2012,11,18,16,2625
2012,11,18,17,2436
2012,11,18,18,2149
2012,11,18,19,1868
2012,11,18,20,1669
2012,11,18,21,1578
2012,11,18,22,1588
2012,11,18,23,1665
2012,11,19,0,1795
2012,11,19,1,1957
2012,11,19,2,2112
2012,11,19,3,2223
2012,11,19,4,2228
2012,11,19,5,2136
2012,11,19,6,1964
2012,11,19,7,1778
2012,11,19,8,1665
2012,11,19,9,1659
2012,11,19,10,1734
2012,11,19,11,1839
2012,11,19,12,1986
2012,11,19,13,2149
2012,11,19,14,2320
2012,11,19,15,2465
2012,11,19,16,2530
2012,11,19,17,2490
2012,11,19,18,2314
2012,11,19,19,2059
2012,11,19,20,1824
2012,11,19,21,1683
2012,11,19,22,1643
2012,11,19,23,1662
2012,11,20,0,1724
2012,11,20,1,1822
2012,11,20,2,1935
2012,11,20,3,2062
2012,11,20,4,2180
2012,11,20,5,2238
2012,11,20,6,2181
2012,11,20,7,2037
2012,11,20,8,1877
2012,11,20,9,1779
2012,11,20,10,1768
2012,11,20,11,1829
2012,11,20,12,1918
2012,11,20,13,2015
2012,11,20,14,2130
2012,11,20,15,2245
2012,11,20,16,2356
2012,11,20,17,2423
2012,11,20,18,2381
2012,11,20,19,2225
2012,11,20,20,2010
2012,11,20,21,1830
2012,11,20,22,1730
2012,11,20,23,1703
2012,11,21,0,1730
2012,11,21,1,1788
2012,11,21,2,1875
2012,11,21,3,1987
2012,11,21,4,2114
2012,11,21,5,2235
2012,11,21,6,2285
2012,11,21,7,2240
2012,11,21,8,2112
2012,11,21,9,1983
2012,11,21,10,1895
2012,11,21,11,1869
2012,11,21,12,1889
2012,11,21,13,1936
2012,11,21,14,1996
2012,11,21,15,2075
2012,11,21,16,2175
2012,11,21,17,2281
2012,11,21,18,2342
2012,11,21,19,2308
2012,11,21,20,2178
2012,11,21,21,2004
2012,11,21,22,1847
2012,11,21,23,1740
2012,11,22,0,1704
2012,11,22,1,1728
2012,11,22,2,1787
2012,11,22,3,1877
2012,11,22,4,1994
2012,11,22,5,2128
2012,11,22,6,2263
2012,11,22,7,2338
2012,11,22,8,2308
2012,11,22,9,2205
2012,11,22,10,2068
2012,11,22,11,1961
2012,11,22,12,1900
2012,11,22,13,1888
2012,11,22,14,1909
2012,11,22,15,1946
2012,11,22,16,2008
2012,11,22,17,2099
2012,11,22,18,2196
2012,11,22,19,2256
2012,11,22,20,2241
2012,11,22,21,2129
2012,11,22,22,1970
2012,11,22,23,1819
2012,11,23,0,1717
2012,11,23,1,1684
2012,11,23,2,1689
2012,11,23,3,1732
2012,11,23,4,1833
2012,11,23,5,1987
2012,11,23,6,2164
2012,11,23,7,2317
2012,11,23,8,2380
2012,11,23,9,2341
2012,11,23,10,2221
2012,11,23,11,2084
2012,11,23,12,1968
2012,11,23,13,1883
2012,11,23,14,1832
2012,11,23,15,1802
2012,11,23,16,1823
2012,11,23,17,1885
2012,11,23,18,1980
2012,11,23,19,2082
2012,11,23,20,2149
2012,11,23,21,2144
2012,11,23,22,2055
2012,11,23,23,1907
2012,11,24,0,1765
2012,11,24,1,1676
2012,11,24,2,1634
2012,11,24,3,1639
2012,11,24,4,1708
2012,11,24,5,1839
2012,11,24,6,2020
2012,11,24,7,2211
2012,11,24,8,2359
2012,11,24,9,2423
2012,11,24,10,2374
2012,11,24,11,2247
2012,11,24,12,2090
2012,11,24,13,1935
2012,11,24,14,1817
2012,11,24,15,1745
2012,11,24,16,1734
2012,11,24,17,1787
2012,11,24,18,1869
2012,11,24,19,1957
2012,11,24,20,2046
2012,11,24,21,2108
2012,11,24,22,2108
2012,11,24,23,2023
2012,11,25,0,1879
2012,11,25,1,1725
2012,11,25,2,1611
2012,11,25,3,1591
2012,11,25,4,1657
2012,11,25,5,1792
2012,11,25,6,1961
2012,11,25,7,2147
2012,11,25,8,2324
2012,11,25,9,2449
2012,11,25,10,2480
2012,11,25,11,2414
2012,11,25,12,2266
2012,11,25,13,2077
2012,11,25,14,1893
2012,11,25,15,1757
2012,11,25,16,1695
2012,11,25,17,1689
2012,11,25,18,1745
2012,11,25,19,1846
2012,11,25,20,1964
2012,11,25,21,2062
2012,11,25,22,2123
2012,11,25,23,2087
2012,11,26,0,1962
2012,11,26,1,1804
2012,11,26,2,1628
2012,11,26,3,1544
2012,11,26,4,1548
2012,11,26,5,1644
2012,11,26,6,1801
2012,11,26,7,2000
2012,11,26,8,2209
2012,11,26,9,2379
2012,11,26,10,2473
2012,11,26,11,2471
2012,11,26,12,2359
2012,11,26,13,2152
2012,11,26,14,1924
2012,11,26,15,1739
2012,11,26,16,1612
2012,11,26,17,1562
2012,11,26,18,1594
2012,11,26,19,1696
2012,11,26,20,1831
2012,11,26,21,1962
2012,11,26,22,2053
2012,11,26,23,2080
2012,11,27,0,2026
2012,11,27,1,1891
2012,11,27,2,1698
2012,11,27,3,1533
2012,11,27,4,1468
2012,11,27,5,1519
2012,11,27,6,1668
2012,11,27,7,1877
2012,11,27,8,2098
2012,11,27,9,2286
2012,11,27,10,2416
2012,11,27,11,2472
2012,11,27,12,2436
2012,11,27,13,2291
2012,11,27,14,2066
2012,11,27,15,1824
2012,11,27,16,1617
2012,11,27,17,1515
2012,11,27,18,1528
2012,11,27,19,1613
2012,11,27,20,1741
2012,11,27,21,1887
2012,11,27,22,2011
2012,11,27,23,2088
2012,11,28,0,2081
2012,11,28,1,1988
2012,11,28,2,1817
2012,11,28,3,1625
2012,11,28,4,1496
2012,11,28,5,1469
2012,11,28,6,1546
2012,11,28,7,1716
2012,11,28,8,1949
2012,11,28,9,2181
2012,11,28,10,2364
2012,11,28,11,2457
2012,11,28,12,2453
2012,11,28,13,2349
2012,11,28,14,2163
2012,11,28,15,1920
2012,11,28,16,1683
2012,11,28,17,1534
2012,11,28,18,1502
2012,11,28,19,1559
2012,11,28,20,1679
2012,11,28,21,1824
2012,11,28,22,1964
2012,11,28,23,2067
2012,11,29,0,2110
2012,11,29,1,2066
2012,11,29,2,1923
2012,11,29,3,1732
2012,11,29,4,1559
2012,11,29,5,1473
2012,11,29,6,1506
2012,11,29,7,1647
2012,11,29,8,1854
2012,11,29,9,2087
2012,11,29,10,2299
2012,11,29,11,2447
2012,11,29,12,2496
2012,11,29,13,2442
2012,11,29,14,2287
2012,11,29,15,2045
2012,11,29,16,1786
2012,11,29,17,1585
2012,11,29,18,1488
2012,11,29,19,1496
2012,11,29,20,1590
2012,11,29,21,1737
2012,11,29,22,1894
2012,11,29,23,2020
2012,11,30,0,2094
2012,11,30,1,2101
2012,11,30,2,2007
2012,11,30,3,1832
2012,11,30,4,1633
2012,11,30,5,1492
2012,11,30,6,1462
2012,11,30,7,1548
2012,11,30,8,1721
2012,11,30,9,1950
2012,11,30,10,2180
2012,11,30,11,2390
2012,11,30,12,2486
2012,11,30,13,2490
2012,11,30,14,2391
2012,11,30,15,2184
2012,11,30,16,1918
2012,11,30,17,1678
2012,11,30,18,1536
2012,11,30,19,1512
2012,11,30,20,1557
2012,11,30,21,1658
2012,11,30,22,1803
2012,11,30,23,1952
2012,12,1,0,2087
2012,12,1,1,2161
2012,12,1,2,2127
2012,12,1,3,1976
2012,12,1,4,1761
2012,12,1,5,1571
2012,12,1,6,1476
2012,12,1,7,1509
2012,12,1,8,1646
2012,12,1,9,1851
2012,12,1,10,2084
2012,12,1,11,2299
2012,12,1,12,2432
2012,12,1,13,2479
2012,12,1,14,2451
2012,12,1,15,2308
2012,12,1,16,2075
2012,12,1,17,1816
2012,12,1,18,1615
2012,12,1,19,1523
2012,12,1,20,1530
2012,12,1,21,1615
2012,12,1,22,1749
2012,12,1,23,1911
2012,12,2,0,2069
2012,12,2,1,2178
2012,12,2,2,2183
2012,12,2,3,2082
2012,12,2,4,1913
2012,12,2,5,1723
2012,12,2,6,1577
2012,12,2,7,1524
2012,12,2,8,1588
2012,12,2,9,1750
2012,12,2,10,1967
2012,12,2,11,2196
2012,12,2,12,2373
2012,12,2,13,2482
2012,12,2,14,2512
2012,12,2,15,2437
2012,12,2,16,2253
2012,12,2,17,2007
2012,12,2,18,1790
2012,12,2,19,1646
2012,12,2,20,1592
2012,12,2,21,1630
2012,12,2,22,1732
2012,12,2,23,1880
2012,12,3,0,2047
2012,12,3,1,2187
2012,12,3,2,2251
2012,12,3,3,2202
2012,12,3,4,2062
2012,12,3,5,1886
2012,12,3,6,1720
2012,12,3,7,1619
2012,12,3,8,1625
2012,12,3,9,1737
2012,12,3,10,1916
2012,12,3,11,2120
2012,12,3,12,2310
2012,12,3,13,2450
2012,12,3,14,2518
2012,12,3,15,2499
2012,12,3,16,2393
2012,12,3,17,2199
2012,12,3,18,1971
2012,12,3,19,1775
2012,12,3,20,1664
2012,12,3,21,1648
2012,12,3,22,1710
2012,12,3,23,1836
2012,12,4,0,1986
2012,12,4,1,2125
2012,12,4,2,2218
2012,12,4,3,2232
2012,12,4,4,2172
2012,12,4,5,2046
2012,12,4,6,1890
2012,12,4,7,1744
2012,12,4,8,1673
2012,12,4,9,1711
2012,12,4,10,1834
2012,12,4,11,2004
2012,12,4,12,2183
2012,12,4,13,2339
2012,12,4,14,2439
2012,12,4,15,2470
2012,12,4,16,2425
2012,12,4,17,2283
2012,12,4,18,2082
2012,12,4,19,1882
2012,12,4,20,1729
2012,12,4,21,1655
2012,12,4,22,1660
2012,12,4,23,1744
2012,12,5,0,1878
2012,12,5,1,2028
2012,12,5,2,2148
2012,12,5,3,2211
2012,12,5,4,2222
2012,12,5,5,2168
2012,12,5,6,2039
2012,12,5,7,1881
2012,12,5,8,1769
2012,12,5,9,1743
2012,12,5,10,1796
2012,12,5,11,1912
2012,12,5,12,2063
2012,12,5,13,2217
2012,12,5,14,2338
2012,12,5,15,2409
2012,12,5,16,2423
2012,12,5,17,2357
2012,12,5,18,2217
2012,12,5,19,2030
2012,12,5,20,1846
2012,12,5,21,1714
2012,12,5,22,1661
2012,12,5,23,1701
2012,12,6,0,1813
2012,12,6,1,1950
2012,12,6,2,2070
2012,12,6,3,2162
2012,12,6,4,2222
2012,12,6,5,2241
2012,12,6,6,2185
2012,12,6,7,2056
2012,12,6,8,1912
2012,12,6,9,1794
2012,12,6,10,1769
2012,12,6,11,1832
2012,12,6,12,1945
2012,12,6,13,2074
2012,12,6,14,2189
2012,12,6,15,2273
2012,12,6,16,2317
2012,12,6,17,2307
2012,12,6,18,2236
2012,12,6,19,2093
2012,12,6,20,1908
2012,12,6,21,1751
2012,12,6,22,1656
2012,12,6,23,1636
2012,12,7,0,1685
2012,12,7,1,1775
2012,12,7,2,1888
2012,12,7,3,2007
2012,12,7,4,2122
2012,12,7,5,2213
2012,12,7,6,2236
2012,12,7,7,2178
2012,12,7,8,2068
2012,12,7,9,1940
2012,12,7,10,1834
2012,12,7,11,1784
2012,12,7,12,1802
2012,12,7,13,1887
2012,12,7,14,2007
2012,12,7,15,2119
2012,12,7,16,2200
2012,12,7,17,2214
2012,12,7,18,2191
2012,12,7,19,2120
2012,12,7,20,2005
2012,12,7,21,1872
2012,12,7,22,1730
2012,12,7,23,1627
2012,12,8,0,1597
2012,12,8,1,1644
2012,12,8,2,1752
2012,12,8,3,1886
2012,12,8,4,2036
2012,12,8,5,2174
2012,12,8,6,2273
2012,12,8,7,2315
2012,12,8,8,2252
2012,12,8,9,2121
2012,12,8,10,1983
2012,12,8,11,1852
2012,12,8,12,1777
2012,12,8,13,1768
2012,12,8,14,1815
2012,12,8,15,1901
2012,12,8,16,1989
2012,12,8,17,2070
2012,12,8,18,2122
2012,12,8,19,2128
2012,12,8,20,2075
2012,12,8,21,1967
2012,12,8,22,1829
2012,12,8,23,1687
2012,12,9,0,1583
2012,12,9,1,1548
2012,12,9,2,1574
2012,12,9,3,1671
2012,12,9,4,1828
2012,12,9,5,2026
2012,12,9,6,2218
2012,12,9,7,2337
2012,12,9,8,2368
2012,12,9,9,2300
2012,12,9,10,2169
2012,12,9,11,2001
2012,12,9,12,1841
2012,12,9,13,1741
2012,12,9,14,1701
2012,12,9,15,1715
2012,12,9,16,1765
2012,12,9,17,1859
2012,12,9,18,1976
2012,12,9,19,2065
2012,12,9,20,2101
2012,12,9,21,2057
2012,12,9,22,1941
2012,12,9,23,1782
2012,12,10,0,1630
2012,12,10,1,1525
2012,12,10,2,1481
2012,12,10,3,1512
2012,12,10,4,1628
2012,12,10,5,1828
2012,12,10,6,2073
2012,12,10,7,2301
2012,12,10,8,2448
2012,12,10,9,2480
2012,12,10,10,2381
2012,12,10,11,2208
2012,12,10,12,2004
2012,12,10,13,1814
2012,12,10,14,1676
2012,12,10,15,1599
2012,12,10,16,1602
2012,12,10,17,1670
2012,12,10,18,1796
2012,12,10,19,1944
2012,12,10,20,2068
2012,12,10,21,2123
2012,12,10,22,2088
2012,12,10,23,1957
2012,12,11,0,1772
2012,12,11,1,1602
2012,12,11,2,1458
2012,12,11,3,1402
2012,12,11,4,1468
2012,12,11,5,1618
2012,12,11,6,1898
2012,12,11,7,2158
2012,12,11,8,2397
2012,12,11,9,2549
2012,12,11,10,2568
2012,12,11,11,2462
2012,12,11,12,2252
2012,12,11,13,2000
2012,12,11,14,1764
2012,12,11,15,1592
2012,12,11,16,1509
2012,12,11,17,1525
2012,12,11,18,1624
2012,12,11,19,1788
2012,12,11,20,1963
2012,12,11,21,2116
2012,12,11,22,2194
2012,12,11,23,2142
2012,12,12,0,1975
2012,12,12,1,1756
2012,12,12,2,1542
2012,12,12,3,1393
2012,12,12,4,1363
2012,12,12,5,1461
2012,12,12,6,1670
2012,12,12,7,1950
2012,12,12,8,2254
2012,12,12,9,2512
2012,12,12,10,2667
2012,12,12,11,2681
2012,12,12,12,2536
2012,12,12,13,2288
2012,12,12,14,1992
2012,12,12,15,1719
2012,12,12,16,1517
2012,12,12,17,1430
2012,12,12,18,1463
2012,12,12,19,1588
2012,12,12,20,1793
2012,12,12,21,2009
2012,12,12,22,2184
2012,12,12,23,2250
2012,12,13,0,2185
2012,12,13,1,2002
2012,12,13,2,1742
2012,12,13,3,1494
2012,12,13,4,1341
2012,12,13,5,1339
2012,12,13,6,1486
2012,12,13,7,1735
2012,12,13,8,2044
2012,12,13,9,2359
2012,12,13,10,2608
2012,12,13,11,2738
2012,12,13,12,2718
2012,12,13,13,2548
2012,12,13,14,2265
2012,12,13,15,1929
2012,12,13,16,1619
2012,12,13,17,1417
2012,12,13,18,1356
2012,12,13,19,1417
2012,12,13,20,1575
2012,12,13,21,1794
2012,12,13,22,2016
2012,12,13,23,2187
2012,12,14,0,2261
2012,12,14,1,2191
2012,12,14,2,1973
2012,12,14,3,1675
2012,12,14,4,1415
2012,12,14,5,1274
2012,12,14,6,1306
2012,12,14,7,1488
2012,12,14,8,1766
2012,12,14,9,2085
2012,12,14,10,2386
2012,12,14,11,2617
2012,12,14,12,2735
2012,12,14,13,2708
2012,12,14,14,2515
2012,12,14,15,2187
2012,12,14,16,1824
2012,12,14,17,1521
2012,12,14,18,1353
2012,12,14,19,1321
2012,12,14,20,1397
2012,12,14,21,1578
2012,12,14,22,1816
2012,12,14,23,2053
2012,12,15,0,2230
2012,12,15,1,2279
2012,12,15,2,2162
2012,12,15,3,1905
2012,12,15,4,1607
2012,12,15,5,1365
2012,12,15,6,1273
2012,12,15,7,1348
2012,12,15,8,1542
2012,12,15,9,1820
2012,12,15,10,2124
2012,12,15,11,2413
2012,12,15,12,2644
2012,12,15,13,2757
2012,12,15,14,2703
2012,12,15,15,2471
2012,12,15,16,2117
2012,12,15,17,1751
2012,12,15,18,1471
2012,12,15,19,1349
2012,12,15,20,1358
2012,12,15,21,1469
2012,12,15,22,1660
2012,12,15,23,1897
2012,12,16,0,2121
2012,12,16,1,2278
2012,12,16,2,2303
2012,12,16,3,2160
2012,12,16,4,1897
2012,12,16,5,1601
2012,12,16,6,1383
2012,12,16,7,1316
2012,12,16,8,1407
2012,12,16,9,1611
2012,12,16,10,1882
2012,12,16,11,2167
2012,12,16,12,2431
2012,12,16,13,2630
2012,12,16,14,2713
2012,12,16,15,2618
2012,12,16,16,2361
2012,12,16,17,2034
2012,12,16,18,1718
2012,12,16,19,1497
2012,12,16,20,1405
2012,12,16,21,1432
2012,12,16,22,1570
2012,12,16,23,1777
2012,12,17,0,2007
2012,12,17,1,2213
2012,12,17,2,2338
2012,12,17,3,2316
2012,12,17,4,2146
2012,12,17,5,1883
2012,12,17,6,1624
2012,12,17,7,1455
2012,12,17,8,1424
2012,12,17,9,1522
2012,12,17,10,1714
2012,12,17,11,1962
2012,12,17,12,2212
2012,12,17,13,2430
2012,12,17,14,2577
2012,12,17,15,2600
2012,12,17,16,2472
2012,12,17,17,2234
2012,12,17,18,1940
2012,12,17,19,1665
2012,12,17,20,1486
2012,12,17,21,1446
2012,12,17,22,1521
2012,12,17,23,1675
2012,12,18,0,1875
2012,12,18,1,2067
2012,12,18,2,2220
2012,12,18,3,2306
2012,12,18,4,2289
2012,12,18,5,2137
2012,12,18,6,1901
2012,12,18,7,1682
2012,12,18,8,1551
2012,12,18,9,1538
2012,12,18,10,1626
2012,12,18,11,1794
2012,12,18,12,1984
2012,12,18,13,2171
2012,12,18,14,2344
2012,12,18,15,2457
2012,12,18,16,2464
2012,12,18,17,2349
2012,12,18,18,2124
2012,12,18,19,1850
2012,12,18,20,1613
2012,12,18,21,1497
2012,12,18,22,1497
2012,12,18,23,1589
2012,12,19,0,1742
2012,12,19,1,1914
2012,12,19,2,2067
2012,12,19,3,2186
2012,12,19,4,2254
2012,12,19,5,2236
2012,12,19,6,2122
2012,12,19,7,1934
2012,12,19,8,1756
2012,12,19,9,1643
2012,12,19,10,1631
2012,12,19,11,1713
2012,12,19,12,1840
2012,12,19,13,1986
2012,12,19,14,2127
2012,12,19,15,2245
2012,12,19,16,2312
2012,12,19,17,2274
2012,12,19,18,2153
2012,12,19,19,1971
2012,12,19,20,1771
2012,12,19,21,1622
2012,12,19,22,1546
2012,12,19,23,1549
2012,12,20,0,1636
2012,12,20,1,1783
2012,12,20,2,1936
2012,12,20,3,2063
2012,12,20,4,2162
2012,12,20,5,2211
2012,12,20,6,2204
2012,12,20,7,2108
2012,12,20,8,1965
2012,12,20,9,1835
2012,12,20,10,1748
2012,12,20,11,1734
2012,12,20,12,1786
2012,12,20,13,1883
2012,12,20,14,1986
2012,12,20,15,2068
2012,12,20,16,2128
2012,12,20,17,2159
2012,12,20,18,2136
2012,12,20,19,2062
2012,12,20,20,1927
2012,12,20,21,1766
2012,12,20,22,1636
2012,12,20,23,1579
2012,12,21,0,1613
2012,12,21,1,1709
2012,12,21,2,1859
2012,12,21,3,1957
2012,12,21,4,2039
2012,12,21,5,2123
2012,12,21,6,2200
2012,12,21,7,2214
2012,12,21,8,2127
2012,12,21,9,1975
2012,12,21,10,1839
2012,12,21,11,1764
2012,12,21,12,1754
2012,12,21,13,1800
2012,12,21,14,1857
2012,12,21,15,1902
2012,12,21,16,1939
2012,12,21,17,1990
2012,12,21,18,2032
2012,12,21,19,2027
2012,12,21,20,1960
2012,12,21,21,1842
2012,12,21,22,1712
2012,12,21,23,1617
2012,12,22,0,1597
2012,12,22,1,1650
2012,12,22,2,1730
2012,12,22,3,1826
2012,12,22,4,1930
2012,12,22,5,2039
2012,12,22,6,2148
2012,12,22,7,2225
2012,12,22,8,2227
2012,12,22,9,2149
2012,12,22,10,2024
2012,12,22,11,1905
2012,12,22,12,1826
2012,12,22,13,1800
2012,12,22,14,1806
2012,12,22,15,1820
2012,12,22,16,1849
2012,12,22,17,1895
2012,12,22,18,1953
2012,12,22,19,1995
2012,12,22,20,1994
2012,12,22,21,1937
2012,12,22,22,1843
2012,12,22,23,1740
2012,12,23,0,1657
2012,12,23,1,1628
2012,12,23,2,1647
2012,12,23,3,1709
2012,12,23,4,1803
2012,12,23,5,1928
2012,12,23,6,2064
2012,12,23,7,2184
2012,12,23,8,2258
2012,12,23,9,2254
2012,12,23,10,2165
2012,12,23,11,2030
2012,12,23,12,1908
2012,12,23,13,1822
2012,12,23,14,1783
2012,12,23,15,1758
2012,12,23,16,1754
2012,12,23,17,1780
2012,12,23,18,1833
2012,12,23,19,1909
2012,12,23,20,1967
2012,12,23,21,1983
2012,12,23,22,1934
2012,12,23,23,1836
2012,12,24,0,1730
2012,12,24,1,1657
2012,12,24,2,1620
2012,12,24,3,1627
2012,12,24,4,1691
2012,12,24,5,1808
2012,12,24,6,1956
2012,12,24,7,2112
2012,12,24,8,2234
2012,12,24,9,2291
2012,12,24,10,2272
2012,12,24,11,2184
2012,12,24,12,2056
2012,12,24,13,1912
2012,12,24,14,1795
2012,12,24,15,1708
2012,12,24,16,1661
2012,12,24,17,1669
2012,12,24,18,1726
2012,12,24,19,1815
2012,12,24,20,1915
2012,12,24,21,1982
2012,12,24,22,1998
2012,12,24,23,1950
2012,12,25,0,1840
2012,12,25,1,1705
2012,12,25,2,1595
2012,12,25,3,1551
2012,12,25,4,1583
2012,12,25,5,1707
2012,12,25,6,1852
2012,12,25,7,2022
2012,12,25,8,2171
2012,12,25,9,2285
2012,12,25,10,2332
2012,12,25,11,2284
2012,12,25,12,2159
2012,12,25,13,1999
2012,12,25,14,1843
2012,12,25,15,1712
2012,12,25,16,1618
2012,12,25,17,1598
2012,12,25,18,1629
2012,12,25,19,1711
2012,12,25,20,1827
2012,12,25,21,1947
2012,12,25,22,2027
2012,12,25,23,2028
2012,12,26,0,1945
2012,12,26,1,1816
2012,12,26,2,1678
2012,12,26,3,1581
2012,12,26,4,1567
2012,12,26,5,1635
2012,12,26,6,1757
2012,12,26,7,1937
2012,12,26,8,2108
2012,12,26,9,2276
2012,12,26,10,2383
2012,12,26,11,2404
2012,12,26,12,2320
2012,12,26,13,2155
2012,12,26,14,1967
2012,12,26,15,1785
2012,12,26,16,1653
2012,12,26,17,1580
2012,12,26,18,1576
2012,12,26,19,1643
2012,12,26,20,1760
2012,12,26,21,1897
2012,12,26,22,2000
2012,12,26,23,2053
2012,12,27,0,2035
2012,12,27,1,1946
2012,12,27,2,1806
2012,12,27,3,1645
2012,12,27,4,1544
2012,12,27,5,1552
2012,12,27,6,1658
2012,12,27,7,1834
2012,12,27,8,2040
2012,12,27,9,2232
2012,12,27,10,2367
2012,12,27,11,2433
2012,12,27,12,2404
2012,12,27,13,2285
2012,12,27,14,2097
2012,12,27,15,1883
2012,12,27,16,1695
2012,12,27,17,1578
2012,12,27,18,1529
2012,12,27,19,1564
2012,12,27,20,1666
2012,12,27,21,1815
2012,12,27,22,1969
2012,12,27,23,2069
2012,12,28,0,2094
2012,12,28,1,2026
2012,12,28,2,1882
2012,12,28,3,1701
2012,12,28,4,1556
2012,12,28,5,1501
2012,12,28,6,1562
2012,12,28,7,1707
2012,12,28,8,1905
2012,12,28,9,2108
2012,12,28,10,2277
2012,12,28,11,2397
2012,12,28,12,2452
2012,12,28,13,2417
2012,12,28,14,2260
2012,12,28,15,2009
2012,12,28,16,1752
2012,12,28,17,1572
2012,12,28,18,1505
2012,12,28,19,1526
2012,12,28,20,1608
2012,12,28,21,1743
2012,12,28,22,1894
2012,12,28,23,2026
2012,12,29,0,2104
2012,12,29,1,2085
2012,12,29,2,1959
2012,12,29,3,1755
2012,12,29,4,1586
2012,12,29,5,1474
2012,12,29,6,1479
2012,12,29,7,1584
2012,12,29,8,1771
2012,12,29,9,1994
2012,12,29,10,2204
2012,12,29,11,2367
2012,12,29,12,2461
2012,12,29,13,2464
2012,12,29,14,2354
2012,12,29,15,2139
2012,12,29,16,1903
2012,12,29,17,1664
2012,12,29,18,1514
2012,12,29,19,1496
2012,12,29,20,1555
2012,12,29,21,1692
2012,12,29,22,1866
2012,12,29,23,2041
2012,12,30,0,2173
2012,12,30,1,2207
2012,12,30,2,2115
2012,12,30,3,1917
2012,12,30,4,1711
2012,12,30,5,1537
2012,12,30,6,1468
2012,12,30,7,1513
2012,12,30,8,1656
2012,12,30,9,1869
2012,12,30,10,2097
2012,12,30,11,2308
2012,12,30,12,2447
2012,12,30,13,2487
2012,12,30,14,2420
2012,12,30,15,2250
2012,12,30,16,2001
2012,12,30,17,1757
2012,12,30,18,1585
2012,12,30,19,1513
2012,12,30,20,1532
2012,12,30,21,1628
2012,12,30,22,1800
2012,12,30,23,1973
2012,12,31,0,2126
2012,12,31,1,2217
2012,12,31,2,2195
2012,12,31,3,2055
2012,12,31,4,1844
2012,12,31,5,1639
2012,12,31,6,1497
2012,12,31,7,1471
2012,12,31,8,1564
2012,12,31,9,1745
2012,12,31,10,1973
2012,12,31,11,2207
2012,12,31,12,2401
2012,12,31,13,2520
2012,12,31,14,2531
2012,12,31,15,2419
2012,12,31,16,2202
2012,12,31,17,1929
2012,12,31,18,1689
2012,12,31,19,1528
2012,12,31,20,1491
2012,12,31,21,1551
2012,12,31,22,1688
2012,12,31,23,1880
2013,1,1,0,2083
2013,1,1,1,2227
2013,1,1,2,2263
2013,1,1,3,2172
2013,1,1,4,1984
2013,1,1,5,1774
2013,1,1,6,1556
2013,1,1,7,1469
2013,1,1,8,1505
2013,1,1,9,1639
2013,1,1,10,1828
2013,1,1,11,2055
2013,1,1,12,2275
2013,1,1,13,2443
2013,1,1,14,2517
2013,1,1,15,2473
2013,1,1,16,2314
2013,1,1,17,2065
2013,1,1,18,1811
2013,1,1,19,1610
2013,1,1,20,1504
2013,1,1,21,1512
2013,1,1,22,1624
2013,1,1,23,1813
2013,1,2,0,2022
2013,1,2,1,2191
2013,1,2,2,2272
2013,1,2,3,2248
2013,1,2,4,2135
2013,1,2,5,1950
2013,1,2,6,1749
2013,1,2,7,1591
2013,1,2,8,1543
2013,1,2,9,1615
2013,1,2,10,1775
2013,1,2,11,1981
2013,1,2,12,2193
2013,1,2,13,2377
2013,1,2,14,2484
2013,1,2,15,2501
2013,1,2,16,2419
2013,1,2,17,2221
2013,1,2,18,1959
2013,1,2,19,1715
2013,1,2,20,1555
2013,1,2,21,1514
2013,1,2,22,1599
2013,1,2,23,1746
2013,1,3,0,1938
2013,1,3,1,2115
2013,1,3,2,2246
2013,1,3,3,2290
2013,1,3,4,2242
2013,1,3,5,2111
2013,1,3,6,1927
2013,1,3,7,1748
2013,1,3,8,1624
2013,1,3,9,1603
2013,1,3,10,1679
2013,1,3,11,1844
2013,1,3,12,2051
2013,1,3,13,2243
2013,1,3,14,2379
2013,1,3,15,2429
2013,1,3,16,2405
2013,1,3,17,2289
2013,1,3,18,2077
2013,1,3,19,1830
2013,1,3,20,1618
2013,1,3,21,1522
2013,1,3,22,1553
2013,1,3,23,1651
2013,1,4,0,1805
2013,1,4,1,1971
2013,1,4,2,2127
2013,1,4,3,2237
2013,1,4,4,2282
2013,1,4,5,2241
2013,1,4,6,2112
2013,1,4,7,1947
2013,1,4,8,1786
2013,1,4,9,1695
2013,1,4,10,1691
2013,1,4,11,1774
2013,1,4,12,1924
2013,1,4,13,2085
2013,1,4,14,2219
2013,1,4,15,2297
2013,1,4,16,2318
2013,1,4,17,2282
2013,1,4,18,2159
2013,1,4,19,1974
2013,1,4,20,1763
2013,1,4,21,1592
2013,1,4,22,1524
2013,1,4,23,1554
2013,1,5,0,1671
2013,1,5,1,1835
2013,1,5,2,1999
2013,1,5,3,2137
2013,1,5,4,2239
2013,1,5,5,2294
2013,1,5,6,2258
2013,1,5,7,2127
2013,1,5,8,1957
2013,1,5,9,1800
2013,1,5,10,1713
2013,1,5,11,1727
2013,1,5,12,1817
2013,1,5,13,1942
2013,1,5,14,2058
2013,1,5,15,2152
2013,1,5,16,2206
2013,1,5,17,2224
2013,1,5,18,2170
2013,1,5,19,2049
2013,1,5,20,1867
2013,1,5,21,1680
2013,1,5,22,1560
2013,1,5,23,1533
2013,1,6,0,1597
2013,1,6,1,1714
2013,1,6,2,1856
2013,1,6,3,1995
2013,1,6,4,2131
2013,1,6,5,2254
2013,1,6,6,2318
2013,1,6,7,2280
2013,1,6,8,2172
2013,1,6,9,2024
2013,1,6,10,1886
2013,1,6,11,1803
2013,1,6,12,1789
2013,1,6,13,1828
2013,1,6,14,1900
2013,1,6,15,1980
2013,1,6,16,2053
2013,1,6,17,2106
2013,1,6,18,2120
2013,1,6,19,2088
2013,1,6,20,1969
2013,1,6,21,1823
2013,1,6,22,1691
2013,1,6,23,1603
2013,1,7,0,1574
2013,1,7,1,1613
2013,1,7,2,1711
2013,1,7,3,1842
2013,1,7,4,1997
2013,1,7,5,2166
2013,1,7,6,2309
2013,1,7,7,2392
2013,1,7,8,2382
2013,1,7,9,2279
2013,1,7,10,2121
2013,1,7,11,1966
2013,1,7,12,1861
2013,1,7,13,1804
2013,1,7,14,1797
2013,1,7,15,1831
2013,1,7,16,1883
2013,1,7,17,1953
2013,1,7,18,2031
2013,1,7,19,2083
2013,1,7,20,2062
2013,1,7,21,1964
2013,1,7,22,1827
2013,1,7,23,1688
2013,1,8,0,1585
2013,1,8,1,1546
2013,1,8,2,1575
2013,1,8,3,1628
2013,1,8,4,1779
2013,1,8,5,1963
2013,1,8,6,2161
2013,1,8,7,2334
2013,1,8,8,2442
2013,1,8,9,2443
2013,1,8,10,2335
2013,1,8,11,2159
2013,1,8,12,1992
2013,1,8,13,1852
2013,1,8,14,1755
2013,1,8,15,1713
2013,1,8,16,1709
2013,1,8,17,1759
2013,1,8,18,1857
2013,1,8,19,1968
2013,1,8,20,2046
2013,1,8,21,2050
2013,1,8,22,1986
2013,1,8,23,1852
2013,1,9,0,1695
2013,1,9,1,1559
2013,1,9,2,1476
2013,1,9,3,1474
2013,1,9,4,1571
2013,1,9,5,1763
2013,1,9,6,2006
2013,1,9,7,2250
2013,1,9,8,2454
2013,1,9,9,2565
2013,1,9,10,2558
2013,1,9,11,2442
2013,1,9,12,2247
2013,1,9,13,2024
2013,1,9,14,1815
2013,1,9,15,1657
2013,1,9,16,1581
2013,1,9,17,1590
2013,1,9,18,1678
2013,1,9,19,1821
2013,1,9,20,1966
2013,1,9,21,2076
2013,1,9,22,2120
2013,1,9,23,2055
2013,1,10,0,1910
2013,1,10,1,1719
2013,1,10,2,1550
2013,1,10,3,1431
2013,1,10,4,1435
2013,1,10,5,1557
2013,1,10,6,1752
2013,1,10,7,2049
2013,1,10,8,2302
2013,1,10,9,2547
2013,1,10,10,2675
2013,1,10,11,2662
2013,1,10,12,2516
2013,1,10,13,2270
2013,1,10,14,1989
2013,1,10,15,1736
2013,1,10,16,1560
2013,1,10,17,1476
2013,1,10,18,1503
2013,1,10,19,1624
2013,1,10,20,1806
2013,1,10,21,2007
2013,1,10,22,2159
2013,1,10,23,2203
2013,1,11,0,2127
2013,1,11,1,1937
2013,1,11,2,1678
2013,1,11,3,1462
2013,1,11,4,1368
2013,1,11,5,1412
2013,1,11,6,1567
2013,1,11,7,1804
2013,1,11,8,2097
2013,1,11,9,2391
2013,1,11,10,2622
2013,1,11,11,2757
2013,1,11,12,2737
2013,1,11,13,2564
2013,1,11,14,2271
2013,1,11,15,1935
2013,1,11,16,1648
2013,1,11,17,1463
2013,1,11,18,1409
2013,1,11,19,1471
2013,1,11,20,1632
2013,1,11,21,1860
2013,1,11,22,2089
2013,1,11,23,2250
2013,1,12,0,2271
2013,1,12,1,2143
2013,1,12,2,1908
2013,1,12,3,1640
2013,1,12,4,1435
2013,1,12,5,1367
2013,1,12,6,1430
2013,1,12,7,1599
2013,1,12,8,1858
2013,1,12,9,2158
2013,1,12,10,2456
2013,1,12,11,2690
2013,1,12,12,2818
2013,1,12,13,2783
2013,1,12,14,2518
2013,1,12,15,2171
2013,1,12,16,1791
2013,1,12,17,1509
2013,1,12,18,1382
2013,1,12,19,1380
2013,1,12,20,1483
2013,1,12,21,1684
2013,1,12,22,1932
2013,1,12,23,2171
2013,1,13,0,2330
2013,1,13,1,2338
2013,1,13,2,2173
2013,1,13,3,1890
2013,1,13,4,1606
2013,1,13,5,1414
2013,1,13,6,1376
2013,1,13,7,1479
2013,1,13,8,1669
2013,1,13,9,1939
2013,1,13,10,2261
2013,1,13,11,2550
2013,1,13,12,2790
2013,1,13,13,2844
2013,1,13,14,2724
2013,1,13,15,2430
2013,1,13,16,2043
2013,1,13,17,1689
2013,1,13,18,1451
2013,1,13,19,1358
2013,1,13,20,1394
2013,1,13,21,1533
2013,1,13,22,1765
2013,1,13,23,2038
2013,1,14,0,2277
2013,1,14,1,2418
2013,1,14,2,2386
2013,1,14,3,2191
2013,1,14,4,1910
2013,1,14,5,1647
2013,1,14,6,1474
2013,1,14,7,1443
2013,1,14,8,1523
2013,1,14,9,1733
2013,1,14,10,2002
2013,1,14,11,2302
2013,1,14,12,2574
2013,1,14,13,2756
2013,1,14,14,2770
2013,1,14,15,2618
2013,1,14,16,2249
2013,1,14,17,1907
2013,1,14,18,1576
2013,1,14,19,1374
2013,1,14,20,1331
2013,1,14,21,1418
2013,1,14,22,1610
2013,1,14,23,1863
2013,1,15,0,2122
2013,1,15,1,2322
2013,1,15,2,2398
2013,1,15,3,2320
2013,1,15,4,2107
2013,1,15,5,1850
2013,1,15,6,1619
2013,1,15,7,1489
2013,1,15,8,1485
2013,1,15,9,1599
2013,1,15,10,1772
2013,1,15,11,2074
2013,1,15,12,2311
2013,1,15,13,2507
2013,1,15,14,2588
2013,1,15,15,2536
2013,1,15,16,2344
2013,1,15,17,2051
2013,1,15,18,1730
2013,1,15,19,1471
2013,1,15,20,1346
2013,1,15,21,1370
2013,1,15,22,1514
2013,1,15,23,1738
2013,1,16,0,1975
2013,1,16,1,2178
2013,1,16,2,2318
2013,1,16,3,2361
2013,1,16,4,2288
2013,1,16,5,2106
2013,1,16,6,1878
2013,1,16,7,1667
2013,1,16,8,1546
2013,1,16,9,1558
2013,1,16,10,1681
2013,1,16,11,1883
2013,1,16,12,2103
2013,1,16,13,2295
2013,1,16,14,2414
2013,1,16,15,2441
2013,1,16,16,2362
2013,1,16,17,2169
2013,1,16,18,1891
2013,1,16,19,1610
2013,1,16,20,1412
2013,1,16,21,1366
2013,1,16,22,1440
2013,1,16,23,1613
2013,1,17,0,1837
2013,1,17,1,2046
2013,1,17,2,2206
2013,1,17,3,2293
2013,1,17,4,2312
2013,1,17,5,2236
2013,1,17,6,2069
2013,1,17,7,1872
2013,1,17,8,1704
2013,1,17,9,1628
2013,1,17,10,1657
2013,1,17,11,1748
2013,1,17,12,1931
2013,1,17,13,2083
2013,1,17,14,2233
2013,1,17,15,2307
2013,1,17,16,2296
2013,1,17,17,2185
2013,1,17,18,1985
2013,1,17,19,1744
2013,1,17,20,1551
2013,1,17,21,1455
2013,1,17,22,1461
2013,1,17,23,1553
2013,1,18,0,1700
2013,1,18,1,1875
2013,1,18,2,2043
2013,1,18,3,2175
2013,1,18,4,2258
2013,1,18,5,2266
2013,1,18,6,2188
2013,1,18,7,2034
2013,1,18,8,1853
2013,1,18,9,1711
2013,1,18,10,1671
2013,1,18,11,1712
2013,1,18,12,1800
2013,1,18,13,1914
2013,1,18,14,2022
2013,1,18,15,2089
2013,1,18,16,2121
2013,1,18,17,2097
2013,1,18,18,1999
2013,1,18,19,1823
2013,1,18,20,1630
2013,1,18,21,1489
2013,1,18,22,1442
2013,1,18,23,1489
2013,1,19,0,1614
2013,1,19,1,1771
2013,1,19,2,1921
2013,1,19,3,2042
2013,1,19,4,2130
2013,1,19,5,2183
2013,1,19,6,2191
2013,1,19,7,2130
2013,1,19,8,2017
2013,1,19,9,1901
2013,1,19,10,1806
2013,1,19,11,1767
2013,1,19,12,1785
2013,1,19,13,1858
2013,1,19,14,1939
2013,1,19,15,1982
2013,1,19,16,1991
2013,1,19,17,1994
2013,1,19,18,1980
2013,1,19,19,1921
2013,1,19,20,1803
2013,1,19,21,1653
2013,1,19,22,1544
2013,1,19,23,1511
2013,1,20,0,1570
2013,1,20,1,1690
2013,1,20,2,1819
2013,1,20,3,1924
2013,1,20,4,2018
2013,1,20,5,2098
2013,1,20,6,2152
2013,1,20,7,2160
2013,1,20,8,2098
2013,1,20,9,2005
2013,1,20,10,1914
2013,1,20,11,1846
2013,1,20,12,1810
2013,1,20,13,1809
2013,1,20,14,1836
2013,1,20,15,1865
2013,1,20,16,1887
2013,1,20,17,1900
2013,1,20,18,1894
2013,1,20,19,1872
2013,1,20,20,1822
2013,1,20,21,1741
2013,1,20,22,1657
2013,1,20,23,1588
2013,1,21,0,1579
2013,1,21,1,1629
2013,1,21,2,1718
2013,1,21,3,1820
2013,1,21,4,1918
2013,1,21,5,2014
2013,1,21,6,2096
2013,1,21,7,2149
2013,1,21,8,2158
2013,1,21,9,2115
2013,1,21,10,2040
2013,1,21,11,1966
2013,1,21,12,1896
2013,1,21,13,1853
2013,1,21,14,1828
2013,1,21,15,1816
2013,1,21,16,1809
2013,1,21,17,1817
2013,1,21,18,1840
2013,1,21,19,1868
2013,1,21,20,1872
2013,1,21,21,1823
2013,1,21,22,1735
2013,1,21,23,1656
2013,1,22,0,1627
2013,1,22,1,1635
2013,1,22,2,1668
2013,1,22,3,1709
2013,1,22,4,1772
2013,1,22,5,1883
2013,1,22,6,2014
2013,1,22,7,2133
2013,1,22,8,2214
2013,1,22,9,2222
2013,1,22,10,2186
2013,1,22,11,2107
2013,1,22,12,2007
2013,1,22,13,1903
2013,1,22,14,1829
2013,1,22,15,1775
2013,1,22,16,1744
2013,1,22,17,1750
2013,1,22,18,1792
2013,1,22,19,1843
2013,1,22,20,1884
2013,1,22,21,1883
2013,1,22,22,1842
2013,1,22,23,1788
2013,1,23,0,1720
2013,1,23,1,1667
2013,1,23,2,1638
2013,1,23,3,1638
2013,1,23,4,1686
2013,1,23,5,1791
2013,1,23,6,1933
2013,1,23,7,2072
2013,1,23,8,2193
2013,1,23,9,2265
2013,1,23,10,2257
2013,1,23,11,2194
2013,1,23,12,2097
2013,1,23,13,1976
2013,1,23,14,1840
2013,1,23,15,1727
2013,1,23,16,1664
2013,1,23,17,1653
2013,1,23,18,1695
2013,1,23,19,1767
2013,1,23,20,1838
2013,1,23,21,1898
2013,1,23,22,1922
2013,1,23,23,1890
2013,1,24,0,1797
2013,1,24,1,1695
2013,1,24,2,1608
2013,1,24,3,1558
2013,1,24,4,1568
2013,1,24,5,1655
2013,1,24,6,1801
2013,1,24,7,1976
2013,1,24,8,2142
2013,1,24,9,2276
2013,1,24,10,2336
2013,1,24,11,2313
2013,1,24,12,2219
2013,1,24,13,2061
2013,1,24,14,1874
2013,1,24,15,1695
2013,1,24,16,1576
2013,1,24,17,1530
2013,1,24,18,1561
2013,1,24,19,1650
2013,1,24,20,1753
2013,1,24,21,1860
2013,1,24,22,1951
2013,1,24,23,1975
2013,1,25,0,1924
2013,1,25,1,1807
2013,1,25,2,1653
2013,1,25,3,1523
2013,1,25,4,1471
2013,1,25,5,1518
2013,1,25,6,1647
2013,1,25,7,1832
2013,1,25,8,2037
2013,1,25,9,2215
2013,1,25,10,2333
2013,1,25,11,2389
2013,1,25,12,2347
2013,1,25,13,2206
2013,1,25,14,2001
2013,1,25,15,1784
2013,1,25,16,1603
2013,1,25,17,1505
2013,1,25,18,1506
2013,1,25,19,1584
2013,1,25,20,1709
2013,1,25,21,1844
2013,1,25,22,1957
2013,1,25,23,2019
2013,1,26,0,2000
2013,1,26,1,1898
2013,1,26,2,1720
2013,1,26,3,1531
2013,1,26,4,1413
2013,1,26,5,1410
2013,1,26,6,1510
2013,1,26,7,1679
2013,1,26,8,1883
2013,1,26,9,2099
2013,1,26,10,2276
2013,1,26,11,2380
2013,1,26,12,2398
2013,1,26,13,2299
2013,1,26,14,2089
2013,1,26,15,1842
2013,1,26,16,1621
2013,1,26,17,1481
2013,1,26,18,1436
2013,1,26,19,1483
2013,1,26,20,1601
2013,1,26,21,1768
2013,1,26,22,1948
2013,1,26,23,2076
2013,1,27,0,2116
2013,1,27,1,2060
2013,1,27,2,1903
2013,1,27,3,1685
2013,1,27,4,1479
2013,1,27,5,1363
2013,1,27,6,1373
2013,1,27,7,1507
2013,1,27,8,1725
2013,1,27,9,1982
2013,1,27,10,2200
2013,1,27,11,2337
2013,1,27,12,2384
2013,1,27,13,2341
2013,1,27,14,2187
2013,1,27,15,1936
2013,1,27,16,1664
2013,1,27,17,1457
2013,1,27,18,1365
2013,1,27,19,1380
2013,1,27,20,1488
2013,1,27,21,1656
2013,1,27,22,1850
2013,1,27,23,2019
2013,1,28,0,2118
2013,1,28,1,2122
2013,1,28,2,1998
2013,1,28,3,1784
2013,1,28,4,1553
2013,1,28,5,1386
2013,1,28,6,1334
2013,1,28,7,1407
2013,1,28,8,1582
2013,1,28,9,1822
2013,1,28,10,2072
2013,1,28,11,2284
2013,1,28,12,2408
2013,1,28,13,2425
2013,1,28,14,2324
2013,1,28,15,2101
2013,1,28,16,1802
2013,1,28,17,1529
2013,1,28,18,1371
2013,1,28,19,1349
2013,1,28,20,1432
2013,1,28,21,1577
2013,1,28,22,1764
2013,1,28,23,1957
2013,1,29,0,2116
2013,1,29,1,2195
2013,1,29,2,2132
2013,1,29,3,1951
2013,1,29,4,1708
2013,1,29,5,1482
2013,1,29,6,1337
2013,1,29,7,1319
2013,1,29,8,1438
2013,1,29,9,1653
2013,1,29,10,1915
2013,1,29,11,2157
2013,1,29,12,2331
2013,1,29,13,2408
2013,1,29,14,2373
2013,1,29,15,2216
2013,1,29,16,1947
2013,1,29,17,1655
2013,1,29,18,1428
2013,1,29,19,1329
2013,1,29,20,1363
2013,1,29,21,1496
2013,1,29,22,1697
2013,1,29,23,1917
2013,1,30,0,2105
2013,1,30,1,2237
2013,1,30,2,2260
2013,1,30,3,2145
2013,1,30,4,1919
2013,1,30,5,1655
2013,1,30,6,1430
2013,1,30,7,1315
2013,1,30,8,1345
2013,1,30,9,1512
2013,1,30,10,1773
2013,1,30,11,2027
2013,1,30,12,2218
2013,1,30,13,2319
2013,1,30,14,2329
2013,1,30,15,2233
2013,1,30,16,2016
2013,1,30,17,1734
2013,1,30,18,1467
2013,1,30,19,1308
2013,1,30,20,1285
2013,1,30,21,1370
2013,1,30,22,1530
2013,1,30,23,1746
2013,1,31,0,1973
2013,1,31,1,2167
2013,1,31,2,2277
2013,1,31,3,2253
2013,1,31,4,2093
2013,1,31,5,1839
2013,1,31,6,1584
2013,1,31,7,1402
2013,1,31,8,1343
2013,1,31,9,1429
2013,1,31,10,1619
2013,1,31,11,1857
2013,1,31,12,2072
2013,1,31,13,2224
2013,1,31,14,2293
2013,1,31,15,2257
2013,1,31,16,2112
2013,1,31,17,1865
2013,1,31,18,1591
2013,1,31,19,1375
2013,1,31,20,1292
2013,1,31,21,1324
2013,1,31,22,1449
2013,1,31,23,1638
2013,2,1,0,1858
2013,2,1,1,2078
2013,2,1,2,2243
2013,2,1,3,2304
2013,2,1,4,2227
2013,2,1,5,2044
2013,2,1,6,1814
2013,2,1,7,1596
2013,2,1,8,1451
2013,2,1,9,1425
2013,2,1,10,1524
2013,2,1,11,1718
2013,2,1,12,1928
2013,2,1,13,2094
2013,2,1,14,2187
2013,2,1,15,2201
2013,2,1,16,2139
2013,2,1,17,1988
2013,2,1,18,1751
2013,2,1,19,1506
2013,2,1,20,1340
2013,2,1,21,1303
2013,2,1,22,1391
2013,2,1,23,1556
2013,2,2,0,1761
2013,2,2,1,1966
2013,2,2,2,2144
2013,2,2,3,2273
2013,2,2,4,2297
2013,2,2,5,2202
2013,2,2,6,2016
2013,2,2,7,1790
2013,2,2,8,1585
2013,2,2,9,1471
2013,2,2,10,1465
2013,2,2,11,1565
2013,2,2,12,1737
2013,2,2,13,1914
2013,2,2,14,2041
2013,2,2,15,2090
2013,2,2,16,2075
2013,2,2,17,1994
2013,2,2,18,1840
2013,2,2,19,1620
2013,2,2,20,1428
2013,2,2,21,1333
2013,2,2,22,1352
2013,2,2,23,1470
2013,2,3,0,1653
2013,2,3,1,1837
2013,2,3,2,2000
2013,2,3,3,2142
2013,2,3,4,2249
2013,2,3,5,2275
2013,2,3,6,2181
2013,2,3,7,1996
2013,2,3,8,1794
2013,2,3,9,1640
2013,2,3,10,1567
2013,2,3,11,1573
2013,2,3,12,1646
2013,2,3,13,1769
2013,2,3,14,1881
2013,2,3,15,1976
2013,2,3,16,1999
2013,2,3,17,1966
2013,2,3,18,1868
2013,2,3,19,1714
2013,2,3,20,1540
2013,2,3,21,1403
2013,2,3,22,1341
2013,2,3,23,1375
2013,2,4,0,1493
2013,2,4,1,1658
2013,2,4,2,1829
2013,2,4,3,1968
2013,2,4,4,2071
2013,2,4,5,2154
2013,2,4,6,2181
2013,2,4,7,2113
2013,2,4,8,1965
2013,2,4,9,1797
2013,2,4,10,1673
2013,2,4,11,1623
2013,2,4,12,1608
2013,2,4,13,1633
2013,2,4,14,1688
2013,2,4,15,1751
2013,2,4,16,1806
2013,2,4,17,1841
2013,2,4,18,1833
2013,2,4,19,1768
2013,2,4,20,1656
2013,2,4,21,1546
2013,2,4,22,1453
2013,2,4,23,1400
2013,2,5,0,1410
2013,2,5,1,1500
2013,2,5,2,1642
2013,2,5,3,1800
2013,2,5,4,1942
2013,2,5,5,2068
2013,2,5,6,2162
2013,2,5,7,2201
2013,2,5,8,2162
2013,2,5,9,2036
2013,2,5,10,1872
2013,2,5,11,1720
2013,2,5,12,1627
2013,2,5,13,1597
2013,2,5,14,1602
2013,2,5,15,1613
2013,2,5,16,1642
2013,2,5,17,1693
2013,2,5,18,1751
2013,2,5,19,1780
2013,2,5,20,1758
2013,2,5,21,1689
2013,2,5,22,1598
2013,2,5,23,1506
2013,2,6,0,1446
2013,2,6,1,1429
2013,2,6,2,1481
2013,2,6,3,1586
2013,2,6,4,1738
2013,2,6,5,1930
2013,2,6,6,2107
2013,2,6,7,2230
2013,2,6,8,2256
2013,2,6,9,2217
2013,2,6,10,2119
2013,2,6,11,1973
2013,2,6,12,1815
2013,2,6,13,1679
2013,2,6,14,1579
2013,2,6,15,1529
2013,2,6,16,1532
2013,2,6,17,1582
2013,2,6,18,1674
2013,2,6,19,1794
2013,2,6,20,1877
2013,2,6,21,1888
2013,2,6,22,1822
2013,2,6,23,1699
2013,2,7,0,1575
2013,2,7,1,1489
2013,2,7,2,1448
2013,2,7,3,1471
2013,2,7,4,1562
2013,2,7,5,1723
2013,2,7,6,1927
2013,2,7,7,2128
2013,2,7,8,2284
2013,2,7,9,2353
2013,2,7,10,2325
2013,2,7,11,2200
2013,2,7,12,2023
2013,2,7,13,1822
2013,2,7,14,1650
2013,2,7,15,1535
2013,2,7,16,1480
2013,2,7,17,1494
2013,2,7,18,1571
2013,2,7,19,1696
2013,2,7,20,1843
2013,2,7,21,1960
2013,2,7,22,1998
2013,2,7,23,1939
2013,2,8,0,1793
2013,2,8,1,1635
2013,2,8,2,1501
2013,2,8,3,1418
2013,2,8,4,1419
2013,2,8,5,1516
2013,2,8,6,1712
2013,2,8,7,1955
2013,2,8,8,2206
2013,2,8,9,2408
2013,2,8,10,2521
2013,2,8,11,2497
2013,2,8,12,2341
2013,2,8,13,2094
2013,2,8,14,1817
2013,2,8,15,1583
2013,2,8,16,1436
2013,2,8,17,1405
2013,2,8,18,1462
2013,2,8,19,1600
2013,2,8,20,1788
2013,2,8,21,1982
2013,2,8,22,2128
2013,2,8,23,2157
2013,2,9,0,2057
2013,2,9,1,1872
2013,2,9,2,1654
2013,2,9,3,1467
2013,2,9,4,1375
2013,2,9,5,1389
2013,2,9,6,1509
2013,2,9,7,1716
2013,2,9,8,1973
2013,2,9,9,2235
2013,2,9,10,2447
2013,2,9,11,2548
2013,2,9,12,2502
2013,2,9,13,2318
2013,2,9,14,2028
2013,2,9,15,1720
2013,2,9,16,1474
2013,2,9,17,1348
2013,2,9,18,1342
2013,2,9,19,1434
2013,2,9,20,1611
2013,2,9,21,1824
2013,2,9,22,2048
2013,2,9,23,2222
2013,2,10,0,2274
2013,2,10,1,2164
2013,2,10,2,1925
2013,2,10,3,1649
2013,2,10,4,1428
2013,2,10,5,1326
2013,2,10,6,1353
2013,2,10,7,1504
2013,2,10,8,1741
2013,2,10,9,2025
2013,2,10,10,2290
2013,2,10,11,2473
2013,2,10,12,2529
2013,2,10,13,2440
2013,2,10,14,2215
2013,2,10,15,1898
2013,2,10,16,1585
2013,2,10,17,1362
2013,2,10,18,1287
2013,2,10,19,1334
2013,2,10,20,1486
2013,2,10,21,1697
2013,2,10,22,1934
2013,2,10,23,2157
2013,2,11,0,2301
2013,2,11,1,2310
2013,2,11,2,2157
2013,2,11,3,1900
2013,2,11,4,1624
2013,2,11,5,1431
2013,2,11,6,1368
2013,2,11,7,1429
2013,2,11,8,1587
2013,2,11,9,1832
2013,2,11,10,2105
2013,2,11,11,2343
2013,2,11,12,2502
2013,2,11,13,2529
2013,2,11,14,2386
2013,2,11,15,2099
2013,2,11,16,1754
2013,2,11,17,1474
2013,2,11,18,1294
2013,2,11,19,1271
2013,2,11,20,1377
2013,2,11,21,1579
2013,2,11,22,1825
2013,2,11,23,2079
2013,2,12,0,2288
2013,2,12,1,2396
2013,2,12,2,2341
2013,2,12,3,2125
2013,2,12,4,1826
2013,2,12,5,1554
2013,2,12,6,1393
2013,2,12,7,1365
2013,2,12,8,1456
2013,2,12,9,1647
2013,2,12,10,1892
2013,2,12,11,2141
2013,2,12,12,2357
2013,2,12,13,2466
2013,2,12,14,2400
2013,2,12,15,2259
2013,2,12,16,1908
2013,2,12,17,1537
2013,2,12,18,1344
2013,2,12,19,1230
2013,2,12,20,1288
2013,2,12,21,1456
2013,2,12,22,1694
2013,2,12,23,1956
2013,2,13,0,2191
2013,2,13,1,2367
2013,2,13,2,2427
2013,2,13,3,2326
2013,2,13,4,2080
2013,2,13,5,1786
2013,2,13,6,1543
2013,2,13,7,1412
2013,2,13,8,1408
2013,2,13,9,1512
2013,2,13,10,1701
2013,2,13,11,1937
2013,2,13,12,2164
2013,2,13,13,2324
2013,2,13,14,2372
2013,2,13,15,2283
2013,2,13,16,2047
2013,2,13,17,1733
2013,2,13,18,1439
2013,2,13,19,1269
2013,2,13,20,1252
2013,2,13,21,1353
2013,2,13,22,1524
2013,2,13,23,1806
2013,2,14,0,2055
2013,2,14,1,2244
2013,2,14,2,2345
2013,2,14,3,2339
2013,2,14,4,2183
2013,2,14,5,1933
2013,2,14,6,1691
2013,2,14,7,1520
2013,2,14,8,1442
2013,2,14,9,1463
2013,2,14,10,1572
2013,2,14,11,1752
2013,2,14,12,1954
2013,2,14,13,2130
2013,2,14,14,2232
2013,2,14,15,2209
2013,2,14,16,2058
2013,2,14,17,1828
2013,2,14,18,1579
2013,2,14,19,1370
2013,2,14,20,1275
2013,2,14,21,1301
2013,2,14,22,1431
2013,2,14,23,1647
2013,2,15,0,1888
2013,2,15,1,2099
2013,2,15,2,2237
2013,2,15,3,2291
2013,2,15,4,2227
2013,2,15,5,2041
2013,2,15,6,1824
2013,2,15,7,1622
2013,2,15,8,1507
2013,2,15,9,1487
2013,2,15,10,1563
2013,2,15,11,1699
2013,2,15,12,1870
2013,2,15,13,2011
2013,2,15,14,2097
2013,2,15,15,2119
2013,2,15,16,2047
2013,2,15,17,1889
2013,2,15,18,1657
2013,2,15,19,1432
2013,2,15,20,1304
2013,2,15,21,1307
2013,2,15,22,1406
2013,2,15,23,1585
2013,2,16,0,1782
2013,2,16,1,1958
2013,2,16,2,2093
2013,2,16,3,2170
2013,2,16,4,2178
2013,2,16,5,2093
2013,2,16,6,1939
2013,2,16,7,1753
2013,2,16,8,1603
2013,2,16,9,1538
2013,2,16,10,1566
2013,2,16,11,1678
2013,2,16,12,1817
2013,2,16,13,1934
2013,2,16,14,1997
2013,2,16,15,2024
2013,2,16,16,2009
2013,2,16,17,1923
2013,2,16,18,1767
2013,2,16,19,1582
2013,2,16,20,1432
2013,2,16,21,1366
2013,2,16,22,1413
2013,2,16,23,1549
2013,2,17,0,1726
2013,2,17,1,1851
2013,2,17,2,1977
2013,2,17,3,2078
2013,2,17,4,2136
2013,2,17,5,2142
2013,2,17,6,2067
2013,2,17,7,1914
2013,2,17,8,1755
2013,2,17,9,1658
2013,2,17,10,1631
2013,2,17,11,1680
2013,2,17,12,1755
2013,2,17,13,1829
2013,2,17,14,1892
2013,2,17,15,1925
2013,2,17,16,1927
2013,2,17,17,1894
2013,2,17,18,1806
2013,2,17,19,1691
2013,2,17,20,1564
2013,2,17,21,1479
2013,2,17,22,1470
2013,2,17,23,1525
2013,2,18,0,1644
2013,2,18,1,1784
2013,2,18,2,1923
2013,2,18,3,2001
2013,2,18,4,2066
2013,2,18,5,2102
2013,2,18,6,2094
2013,2,18,7,2028
2013,2,18,8,1910
2013,2,18,9,1802
2013,2,18,10,1742
2013,2,18,11,1736
2013,2,18,12,1758
2013,2,18,13,1791
2013,2,18,14,1814
2013,2,18,15,1815
2013,2,18,16,1816
2013,2,18,17,1831
2013,2,18,18,1818
2013,2,18,19,1788
2013,2,18,20,1727
2013,2,18,21,1646
2013,2,18,22,1588
2013,2,18,23,1579
2013,2,19,0,1622
2013,2,19,1,1709
2013,2,19,2,1798
2013,2,19,3,1877
2013,2,19,4,1938
2013,2,19,5,2013
2013,2,19,6,2075
2013,2,19,7,2097
2013,2,19,8,2052
2013,2,19,9,1959
2013,2,19,10,1856
2013,2,19,11,1777
2013,2,19,12,1744
2013,2,19,13,1740
2013,2,19,14,1737
2013,2,19,15,1732
2013,2,19,16,1742
2013,2,19,17,1779
2013,2,19,18,1814
2013,2,19,19,1825
2013,2,19,20,1807
2013,2,19,21,1763
2013,2,19,22,1704
2013,2,19,23,1666
2013,2,20,0,1655
2013,2,20,1,1677
2013,2,20,2,1725
2013,2,20,3,1793
2013,2,20,4,1868
2013,2,20,5,1952
2013,2,20,6,2048
2013,2,20,7,2115
2013,2,20,8,2128
2013,2,20,9,2082
2013,2,20,10,2015
2013,2,20,11,1944
2013,2,20,12,1851
2013,2,20,13,1767
2013,2,20,14,1699
2013,2,20,15,1666
2013,2,20,16,1680
2013,2,20,17,1726
2013,2,20,18,1790
2013,2,20,19,1836
2013,2,20,20,1853
2013,2,20,21,1846
2013,2,20,22,1807
2013,2,20,23,1748
2013,2,21,0,1683
2013,2,21,1,1640
2013,2,21,2,1625
2013,2,21,3,1652
2013,2,21,4,1707
2013,2,21,5,1800
2013,2,21,6,1914
2013,2,21,7,2026
2013,2,21,8,2107
2013,2,21,9,2128
2013,2,21,10,2088
2013,2,21,11,2002
2013,2,21,12,1888
2013,2,21,13,1769
2013,2,21,14,1665
2013,2,21,15,1582
2013,2,21,16,1550
2013,2,21,17,1565
2013,2,21,18,1617
2013,2,21,19,1688
2013,2,21,20,1775
2013,2,21,21,1838
2013,2,21,22,1857
2013,2,21,23,1821
2013,2,22,0,1736
2013,2,22,1,1641
2013,2,22,2,1584
2013,2,22,3,1580
2013,2,22,4,1614
2013,2,22,5,1708
2013,2,22,6,1819
2013,2,22,7,1948
2013,2,22,8,2066
2013,2,22,9,2150
2013,2,22,10,2181
2013,2,22,11,2130
2013,2,22,12,2022
2013,2,22,13,1874
2013,2,22,14,1713
2013,2,22,15,1573
2013,2,22,16,1491
2013,2,22,17,1496
2013,2,22,18,1547
2013,2,22,19,1648
2013,2,22,20,1758
2013,2,22,21,1844
2013,2,22,22,1901
2013,2,22,23,1903
2013,2,23,0,1842
2013,2,23,1,1733
2013,2,23,2,1610
2013,2,23,3,1527
2013,2,23,4,1520
2013,2,23,5,1579
2013,2,23,6,1708
2013,2,23,7,1873
2013,2,23,8,2034
2013,2,23,9,2165
2013,2,23,10,2235
2013,2,23,11,2230
2013,2,23,12,2132
2013,2,23,13,1966
2013,2,23,14,1765
2013,2,23,15,1568
2013,2,23,16,1428
2013,2,23,17,1414
2013,2,23,18,1454
2013,2,23,19,1556
2013,2,23,20,1713
2013,2,23,21,1863
2013,2,23,22,1982
2013,2,23,23,2028
2013,2,24,0,1982
2013,2,24,1,1858
2013,2,24,2,1682
2013,2,24,3,1530
2013,2,24,4,1453
2013,2,24,5,1469
2013,2,24,6,1578
2013,2,24,7,1753
2013,2,24,8,1936
2013,2,24,9,2118
2013,2,24,10,2260
2013,2,24,11,2318
2013,2,24,12,2270
2013,2,24,13,2115
2013,2,24,14,1881
2013,2,24,15,1631
2013,2,24,16,1419
2013,2,24,17,1339
2013,2,24,18,1358
2013,2,24,19,1476
2013,2,24,20,1664
2013,2,24,21,1867
2013,2,24,22,2034
2013,2,24,23,2135
2013,2,25,0,2138
2013,2,25,1,2033
2013,2,25,2,1843
2013,2,25,3,1626
2013,2,25,4,1460
2013,2,25,5,1401
2013,2,25,6,1460
2013,2,25,7,1610
2013,2,25,8,1820
2013,2,25,9,2038
2013,2,25,10,2240
2013,2,25,11,2364
2013,2,25,12,2372
2013,2,25,13,2254
2013,2,25,14,2036
2013,2,25,15,1770
2013,2,25,16,1517
2013,2,25,17,1350
2013,2,25,18,1308
2013,2,25,19,1377
2013,2,25,20,1570
2013,2,25,21,1814
2013,2,25,22,2018
2013,2,25,23,2207
2013,2,26,0,2276
2013,2,26,1,2221
2013,2,26,2,2056
2013,2,26,3,1811
2013,2,26,4,1569
2013,2,26,5,1423
2013,2,26,6,1398
2013,2,26,7,1500
2013,2,26,8,1685
2013,2,26,9,1905
2013,2,26,10,2134
2013,2,26,11,2327
2013,2,26,12,2428
2013,2,26,13,2392
2013,2,26,14,2207
2013,2,26,15,1912
2013,2,26,16,1596
2013,2,26,17,1373
2013,2,26,18,1292
2013,2,26,19,1343
2013,2,26,20,1501
2013,2,26,21,1725
2013,2,26,22,1975
2013,2,26,23,2209
2013,2,27,0,2358
2013,2,27,1,2381
2013,2,27,2,2265
2013,2,27,3,2021
2013,2,27,4,1750
2013,2,27,5,1539
2013,2,27,6,1435
2013,2,27,7,1456
2013,2,27,8,1579
2013,2,27,9,1791
2013,2,27,10,2058
2013,2,27,11,2306
2013,2,27,12,2453
2013,2,27,13,2462
2013,2,27,14,2344
2013,2,27,15,2103
2013,2,27,16,1813
2013,2,27,17,1535
2013,2,27,18,1339
2013,2,27,19,1302
2013,2,27,20,1424
2013,2,27,21,1658
2013,2,27,22,1941
2013,2,27,23,2206
2013,2,28,0,2411
2013,2,28,1,2494
2013,2,28,2,2436
2013,2,28,3,2253
2013,2,28,4,1979
2013,2,28,5,1698
2013,2,28,6,1478
2013,2,28,7,1385
2013,2,28,8,1442
2013,2,28,9,1632
2013,2,28,10,1885
2013,2,28,11,2118
2013,2,28,12,2299
2013,2,28,13,2398
2013,2,28,14,2375
2013,2,28,15,2218
2013,2,28,16,1948
2013,2,28,17,1634
2013,2,28,18,1365
2013,2,28,19,1248
2013,2,28,20,1315
2013,2,28,21,1500
2013,2,28,22,1778
2013,2,28,23,2005
2013,3,1,0,2249
2013,3,1,1,2423
2013,3,1,2,2461
2013,3,1,3,2354
2013,3,1,4,2126
2013,3,1,5,1840
2013,3,1,6,1568
2013,3,1,7,1399
2013,3,1,8,1381
2013,3,1,9,1476
2013,3,1,10,1723
2013,3,1,11,1941
2013,3,1,12,2148
2013,3,1,13,2282
2013,3,1,14,2327
2013,3,1,15,2254
2013,3,1,16,2041
2013,3,1,17,1773
2013,3,1,18,1514
2013,3,1,19,1334
2013,3,1,20,1312
2013,3,1,21,1424
2013,3,1,22,1605
2013,3,1,23,1878
2013,3,2,0,2109
2013,3,2,1,2325
2013,3,2,2,2442
2013,3,2,3,2423
2013,3,2,4,2282
2013,3,2,5,2054
2013,3,2,6,1796
2013,3,2,7,1562
2013,3,2,8,1432
2013,3,2,9,1435
2013,3,2,10,1567
2013,3,2,11,1769
2013,3,2,12,1967
2013,3,2,13,2104
2013,3,2,14,2172
2013,3,2,15,2161
2013,3,2,16,2048
2013,3,2,17,1852
2013,3,2,18,1625
2013,3,2,19,1429
2013,3,2,20,1326
2013,3,2,21,1349
2013,3,2,22,1488
2013,3,2,23,1701
2013,3,3,0,1944
2013,3,3,1,2169
2013,3,3,2,2344
2013,3,3,3,2428
2013,3,3,4,2391
2013,3,3,5,2231
2013,3,3,6,1992
2013,3,3,7,1742
2013,3,3,8,1554
2013,3,3,9,1475
2013,3,3,10,1511
2013,3,3,11,1652
2013,3,3,12,1802
2013,3,3,13,1943
2013,3,3,14,2045
2013,3,3,15,2095
2013,3,3,16,2078
2013,3,3,17,1951
2013,3,3,18,1751
2013,3,3,19,1526
2013,3,3,20,1364
2013,3,3,21,1333
2013,3,3,22,1409
2013,3,3,23,1554
2013,3,4,0,1793
2013,3,4,1,1977
2013,3,4,2,2144
2013,3,4,3,2268
2013,3,4,4,2332
2013,3,4,5,2299
2013,3,4,6,2152
2013,3,4,7,1925
2013,3,4,8,1723
2013,3,4,9,1585
2013,3,4,10,1554
2013,3,4,11,1592
2013,3,4,12,1682
2013,3,4,13,1780
2013,3,4,14,1877
2013,3,4,15,1946
2013,3,4,16,1969
2013,3,4,17,1933
2013,3,4,18,1841
2013,3,4,19,1695
2013,3,4,20,1536
2013,3,4,21,1425
2013,3,4,22,1399
2013,3,4,23,1467
2013,3,5,0,1614
2013,3,5,1,1789
2013,3,5,2,1953
2013,3,5,3,2093
2013,3,5,4,2198
2013,3,5,5,2252
2013,3,5,6,2214
2013,3,5,7,2091
2013,3,5,8,1918
2013,3,5,9,1740
2013,3,5,10,1633
2013,3,5,11,1575
2013,3,5,12,1601
2013,3,5,13,1664
2013,3,5,14,1725
2013,3,5,15,1777
2013,3,5,16,1824
2013,3,5,17,1859
2013,3,5,18,1855
2013,3,5,19,1794
2013,3,5,20,1687
2013,3,5,21,1559
2013,3,5,22,1479
2013,3,5,23,1482
2013,3,6,0,1528
2013,3,6,1,1630
2013,3,6,2,1750
2013,3,6,3,1881
2013,3,6,4,2014
2013,3,6,5,2126
2013,3,6,6,2192
2013,3,6,7,2188
2013,3,6,8,2107
2013,3,6,9,1977
2013,3,6,10,1837
2013,3,6,11,1720
2013,3,6,12,1655
2013,3,6,13,1638
2013,3,6,14,1645
2013,3,6,15,1668
2013,3,6,16,1715
2013,3,6,17,1783
2013,3,6,18,1853
2013,3,6,19,1877
2013,3,6,20,1843
2013,3,6,21,1756
2013,3,6,22,1640
2013,3,6,23,1563
2013,3,7,0,1542
2013,3,7,1,1566
2013,3,7,2,1632
2013,3,7,3,1731
2013,3,7,4,1852
2013,3,7,5,1984
2013,3,7,6,2124
2013,3,7,7,2234
2013,3,7,8,2252
2013,3,7,9,2183
2013,3,7,10,2050
2013,3,7,11,1895
2013,3,7,12,1755
2013,3,7,13,1660
2013,3,7,14,1601
2013,3,7,15,1574
2013,3,7,16,1590
2013,3,7,17,1655
2013,3,7,18,1768
2013,3,7,19,1890
2013,3,7,20,1976
2013,3,7,21,1970
2013,3,7,22,1888
2013,3,7,23,1780
2013,3,8,0,1671
2013,3,8,1,1581
2013,3,8,2,1527
2013,3,8,3,1526
2013,3,8,4,1596
2013,3,8,5,1734
2013,3,8,6,1921
2013,3,8,7,2106
2013,3,8,8,2229
2013,3,8,9,2270
2013,3,8,10,2210
2013,3,8,11,2067
2013,3,8,12,1879
2013,3,8,13,1716
2013,3,8,14,1545
2013,3,8,15,1431
2013,3,8,16,1417
2013,3,8,17,1479
2013,3,8,18,1606
2013,3,8,19,1763
2013,3,8,20,1894
2013,3,8,21,2016
2013,3,8,22,2040
2013,3,8,23,1966
2013,3,9,0,1829
2013,3,9,1,1659
2013,3,9,2,1516
2013,3,9,3,1439
2013,3,9,4,1442
2013,3,9,5,1521
2013,3,9,6,1714
2013,3,9,7,1910
2013,3,9,8,2103
2013,3,9,9,2234
2013,3,9,10,2290
2013,3,9,11,2230
2013,3,9,12,2055
2013,3,9,13,1827
2013,3,9,14,1594
2013,3,9,15,1418
2013,3,9,16,1351
2013,3,9,17,1380
2013,3,9,18,1463
2013,3,9,19,1611
2013,3,9,20,1806
2013,3,9,21,2003
2013,3,9,22,2132
2013,3,9,23,2173
2013,3,10,0,2081
2013,3,10,1,1882
2013,3,10,2,1655
2013,3,10,3,1472
2013,3,10,4,1392
2013,3,10,5,1415
2013,3,10,6,1522
2013,3,10,7,1694
2013,3,10,8,1907
2013,3,10,9,2132
2013,3,10,10,2314
2013,3,10,11,2368
2013,3,10,12,2290
2013,3,10,13,2054
2013,3,10,14,1796
2013,3,10,15,1556
2013,3,10,16,1356
2013,3,10,17,1302
2013,3,10,18,1343
2013,3,10,19,1481
2013,3,10,20,1709
2013,3,10,21,1949
2013,3,10,22,2146
2013,3,10,23,2258
2013,3,11,0,2260
2013,3,11,1,2128
2013,3,11,2,1896
2013,3,11,3,1648
2013,3,11,4,1451
2013,3,11,5,1364
2013,3,11,6,1400
2013,3,11,7,1531
2013,3,11,8,1733
2013,3,11,9,1975
2013,3,11,10,2210
2013,3,11,11,2356
2013,3,11,12,2362
2013,3,11,13,2219
2013,3,11,14,1950
2013,3,11,15,1696
2013,3,11,16,1432
2013,3,11,17,1278
2013,3,11,18,1246
2013,3,11,19,1344
2013,3,11,20,1520
2013,3,11,21,1814
2013,3,11,22,2051
2013,3,11,23,2250
2013,3,12,0,2339
2013,3,12,1,2281
2013,3,12,2,2085
2013,3,12,3,1809
2013,3,12,4,1535
2013,3,12,5,1354
2013,3,12,6,1315
2013,3,12,7,1385
2013,3,12,8,1540
2013,3,12,9,1760
2013,3,12,10,2006
2013,3,12,11,2223
2013,3,12,12,2326
2013,3,12,13,2291
2013,3,12,14,2089
2013,3,12,15,1785
2013,3,12,16,1489
2013,3,12,17,1285
2013,3,12,18,1210
2013,3,12,19,1264
2013,3,12,20,1456
2013,3,12,21,1689
2013,3,12,22,1955
2013,3,12,23,2197
2013,3,13,0,2358
2013,3,13,1,2388
2013,3,13,2,2266
2013,3,13,3,2005
2013,3,13,4,1696
2013,3,13,5,1446
2013,3,13,6,1326
2013,3,13,7,1343
2013,3,13,8,1434
2013,3,13,9,1637
2013,3,13,10,1858
2013,3,13,11,2074
2013,3,13,12,2244
2013,3,13,13,2313
2013,3,13,14,2211
2013,3,13,15,1997
2013,3,13,16,1689
2013,3,13,17,1414
2013,3,13,18,1246
2013,3,13,19,1231
2013,3,13,20,1334
2013,3,13,21,1538
2013,3,13,22,1815
2013,3,13,23,2096
2013,3,14,0,2312
2013,3,14,1,2402
2013,3,14,2,2373
2013,3,14,3,2204
2013,3,14,4,1925
2013,3,14,5,1628
2013,3,14,6,1400
2013,3,14,7,1287
2013,3,14,8,1325
2013,3,14,9,1477
2013,3,14,10,1716
2013,3,14,11,1954
2013,3,14,12,2130
2013,3,14,13,2219
2013,3,14,14,2193
2013,3,14,15,2061
2013,3,14,16,1811
2013,3,14,17,1516
2013,3,14,18,1293
2013,3,14,19,1198
2013,3,14,20,1261
2013,3,14,21,1436
2013,3,14,22,1677
2013,3,14,23,1934
2013,3,15,0,2154
2013,3,15,1,2300
2013,3,15,2,2341
2013,3,15,3,2254
2013,3,15,4,2040
2013,3,15,5,1766
2013,3,15,6,1514
2013,3,15,7,1363
2013,3,15,8,1335
2013,3,15,9,1407
2013,3,15,10,1564
2013,3,15,11,1752
2013,3,15,12,1926
2013,3,15,13,2051
2013,3,15,14,2093
2013,3,15,15,2043
2013,3,15,16,1872
2013,3,15,17,1633
2013,3,15,18,1396
2013,3,15,19,1246
2013,3,15,20,1238
2013,3,15,21,1337
2013,3,15,22,1530
2013,3,15,23,1781
2013,3,16,0,2008
2013,3,16,1,2198
2013,3,16,2,2276
2013,3,16,3,2236
2013,3,16,4,2100
2013,3,16,5,1898
2013,3,16,6,1682
2013,3,16,7,1497
2013,3,16,8,1386
2013,3,16,9,1382
2013,3,16,10,1481
2013,3,16,11,1647
2013,3,16,12,1818
2013,3,16,13,1948
2013,3,16,14,2019
2013,3,16,15,2002
2013,3,16,16,1895
2013,3,16,17,1715
2013,3,16,18,1475
2013,3,16,19,1317
2013,3,16,20,1260
2013,3,16,21,1314
2013,3,16,22,1471
2013,3,16,23,1693
2013,3,17,0,1911
2013,3,17,1,2079
2013,3,17,2,2172
2013,3,17,3,2195
2013,3,17,4,2132
2013,3,17,5,1997
2013,3,17,6,1812
2013,3,17,7,1630
2013,3,17,8,1508
2013,3,17,9,1473
2013,3,17,10,1526
2013,3,17,11,1645
2013,3,17,12,1784
2013,3,17,13,1893
2013,3,17,14,1952
2013,3,17,15,1957
2013,3,17,16,1904
2013,3,17,17,1796
2013,3,17,18,1642
2013,3,17,19,1484
2013,3,17,20,1392
2013,3,17,21,1397
2013,3,17,22,1486
2013,3,17,23,1604
2013,3,18,0,1810
2013,3,18,1,1971
2013,3,18,2,2082
2013,3,18,3,2141
2013,3,18,4,2133
2013,3,18,5,2068
2013,3,18,6,1959
2013,3,18,7,1807
2013,3,18,8,1652
2013,3,18,9,1561
2013,3,18,10,1554
2013,3,18,11,1613
2013,3,18,12,1691
2013,3,18,13,1770
2013,3,18,14,1836
2013,3,18,15,1870
2013,3,18,16,1885
2013,3,18,17,1851
2013,3,18,18,1760
2013,3,18,19,1622
2013,3,18,20,1491
2013,3,18,21,1434
2013,3,18,22,1463
2013,3,18,23,1555
2013,3,19,0,1695
2013,3,19,1,1824
2013,3,19,2,1955
2013,3,19,3,2052
2013,3,19,4,2096
2013,3,19,5,2062
2013,3,19,6,1979
2013,3,19,7,1859
2013,3,19,8,1746
2013,3,19,9,1662
2013,3,19,10,1628
2013,3,19,11,1627
2013,3,19,12,1672
2013,3,19,13,1747
2013,3,19,14,1802
2013,3,19,15,1819
2013,3,19,16,1812
2013,3,19,17,1788
2013,3,19,18,1755
2013,3,19,19,1698
2013,3,19,20,1628
2013,3,19,21,1550
2013,3,19,22,1520
2013,3,19,23,1583
2013,3,20,0,1675
2013,3,20,1,1770
2013,3,20,2,1850
2013,3,20,3,1924
2013,3,20,4,1981
2013,3,20,5,2021
2013,3,20,6,2035
2013,3,20,7,1971
2013,3,20,8,1866
2013,3,20,9,1768
2013,3,20,10,1701
2013,3,20,11,1668
2013,3,20,12,1668
2013,3,20,13,1678
2013,3,20,14,1698
2013,3,20,15,1725
2013,3,20,16,1768
2013,3,20,17,1794
2013,3,20,18,1789
2013,3,20,19,1766
2013,3,20,20,1728
2013,3,20,21,1678
2013,3,20,22,1630
2013,3,20,23,1612
2013,3,21,0,1636
2013,3,21,1,1695
2013,3,21,2,1761
2013,3,21,3,1822
2013,3,21,4,1889
2013,3,21,5,1965
2013,3,21,6,2014
2013,3,21,7,2019
2013,3,21,8,1967
2013,3,21,9,1896
2013,3,21,10,1819
2013,3,21,11,1748
2013,3,21,12,1689
2013,3,21,13,1652
2013,3,21,14,1631
2013,3,21,15,1621
2013,3,21,16,1627
2013,3,21,17,1689
2013,3,21,18,1762
2013,3,21,19,1809
2013,3,21,20,1817
2013,3,21,21,1799
2013,3,21,22,1762
2013,3,21,23,1699
2013,3,22,0,1657
2013,3,22,1,1657
2013,3,22,2,1693
2013,3,22,3,1737
2013,3,22,4,1792
2013,3,22,5,1871
2013,3,22,6,1957
2013,3,22,7,2026
2013,3,22,8,2048
2013,3,22,9,2012
2013,3,22,10,1930
2013,3,22,11,1829
2013,3,22,12,1744
2013,3,22,13,1649
2013,3,22,14,1581
2013,3,22,15,1553
2013,3,22,16,1546
2013,3,22,17,1588
2013,3,22,18,1679
2013,3,22,19,1798
2013,3,22,20,1890
2013,3,22,21,1920
2013,3,22,22,1886
2013,3,22,23,1815
2013,3,23,0,1728
2013,3,23,1,1651
2013,3,23,2,1618
2013,3,23,3,1634
2013,3,23,4,1673
2013,3,23,5,1742
2013,3,23,6,1826
2013,3,23,7,1932
2013,3,23,8,2026
2013,3,23,9,2082
2013,3,23,10,2059
2013,3,23,11,1972
2013,3,23,12,1830
2013,3,23,13,1677
2013,3,23,14,1556
2013,3,23,15,1482
2013,3,23,16,1458
2013,3,23,17,1494
2013,3,23,18,1584
2013,3,23,19,1722
2013,3,23,20,1880
2013,3,23,21,1979
2013,3,23,22,1993
2013,3,23,23,1919
2013,3,24,0,1808
2013,3,24,1,1694
2013,3,24,2,1601
2013,3,24,3,1557
2013,3,24,4,1558
2013,3,24,5,1623
2013,3,24,6,1752
2013,3,24,7,1912
2013,3,24,8,2057
2013,3,24,9,2152
2013,3,24,10,2169
2013,3,24,11,2101
2013,3,24,12,1974
2013,3,24,13,1800
2013,3,24,14,1621
2013,3,24,15,1465
2013,3,24,16,1380
2013,3,24,17,1405
2013,3,24,18,1505
2013,3,24,19,1664
2013,3,24,20,1848
2013,3,24,21,1996
2013,3,24,22,2075
2013,3,24,23,2060
2013,3,25,0,1960
2013,3,25,1,1805
2013,3,25,2,1633
2013,3,25,3,1506
2013,3,25,4,1457
2013,3,25,5,1493
2013,3,25,6,1607
2013,3,25,7,1768
2013,3,25,8,1944
2013,3,25,9,2101
2013,3,25,10,2191
2013,3,25,11,2185
2013,3,25,12,2074
2013,3,25,13,1912
2013,3,25,14,1666
2013,3,25,15,1434
2013,3,25,16,1325
2013,3,25,17,1309
2013,3,25,18,1399
2013,3,25,19,1567
2013,3,25,20,1777
2013,3,25,21,1973
2013,3,25,22,2109
2013,3,25,23,2161
2013,3,26,0,2109
2013,3,26,1,1955
2013,3,26,2,1746
2013,3,26,3,1541
2013,3,26,4,1402
2013,3,26,5,1383
2013,3,26,6,1454
2013,3,26,7,1632
2013,3,26,8,1828
2013,3,26,9,2047
2013,3,26,10,2209
2013,3,26,11,2259
2013,3,26,12,2202
2013,3,26,13,2045
2013,3,26,14,1812
2013,3,26,15,1564
2013,3,26,16,1374
2013,3,26,17,1255
2013,3,26,18,1297
2013,3,26,19,1437
2013,3,26,20,1671
2013,3,26,21,1913
2013,3,26,22,2117
2013,3,26,23,2228
2013,3,27,0,2218
2013,3,27,1,2109
2013,3,27,2,1903
2013,3,27,3,1657
2013,3,27,4,1404
2013,3,27,5,1306
2013,3,27,6,1336
2013,3,27,7,1466
2013,3,27,8,1683
2013,3,27,9,1921
2013,3,27,10,2120
2013,3,27,11,2261
2013,3,27,12,2293
2013,3,27,13,2184
2013,3,27,14,1961
2013,3,27,15,1680
2013,3,27,16,1420
2013,3,27,17,1261
2013,3,27,18,1258
2013,3,27,19,1375
2013,3,27,20,1589
2013,3,27,21,1860
2013,3,27,22,2122
2013,3,27,23,2321
2013,3,28,0,2384
2013,3,28,1,2314
2013,3,28,2,2120
2013,3,28,3,1842
2013,3,28,4,1559
2013,3,28,5,1351
2013,3,28,6,1281
2013,3,28,7,1344
2013,3,28,8,1520
2013,3,28,9,1761
2013,3,28,10,2000
2013,3,28,11,2202
2013,3,28,12,2297
2013,3,28,13,2265
2013,3,28,14,2052
2013,3,28,15,1825
2013,3,28,16,1533
2013,3,28,17,1299
2013,3,28,18,1204
2013,3,28,19,1270
2013,3,28,20,1460
2013,3,28,21,1727
2013,3,28,22,2016
2013,3,28,23,2265
2013,3,29,0,2414
2013,3,29,1,2427
2013,3,29,2,2296
2013,3,29,3,2041
2013,3,29,4,1731
2013,3,29,5,1458
2013,3,29,6,1305
2013,3,29,7,1284
2013,3,29,8,1384
2013,3,29,9,1574
2013,3,29,10,1814
2013,3,29,11,2052
2013,3,29,12,2216
2013,3,29,13,2270
2013,3,29,14,2182
2013,3,29,15,1983
2013,3,29,16,1706
2013,3,29,17,1436
2013,3,29,18,1259
2013,3,29,19,1234
2013,3,29,20,1359
2013,3,29,21,1593
2013,3,29,22,1880
2013,3,29,23,2153
2013,3,30,0,2368
2013,3,30,1,2473
2013,3,30,2,2446
2013,3,30,3,2284
2013,3,30,4,2002
2013,3,30,5,1695
2013,3,30,6,1450
2013,3,30,7,1318
2013,3,30,8,1327
2013,3,30,9,1447
2013,3,30,10,1650
2013,3,30,11,1878
2013,3,30,12,2077
2013,3,30,13,2194
2013,3,30,14,2201
2013,3,30,15,2100
2013,3,30,16,1894
2013,3,30,17,1630
2013,3,30,18,1388
2013,3,30,19,1260
2013,3,30,20,1279
2013,3,30,21,1442
2013,3,30,22,1710
2013,3,30,23,2015
2013,3,31,0,2263
2013,3,31,1,2429
2013,3,31,2,2487
2013,3,31,3,2425
2013,3,31,4,2236
2013,3,31,5,1960
2013,3,31,6,1664
2013,3,31,7,1438
2013,3,31,8,1345
2013,3,31,9,1378
2013,3,31,10,1518
2013,3,31,11,1719
2013,3,31,12,1919
2013,3,31,13,2073
2013,3,31,14,2147
2013,3,31,15,2132
2013,3,31,16,2004
2013,3,31,17,1781
2013,3,31,18,1541
2013,3,31,19,1365
2013,3,31,20,1311
2013,3,31,21,1382
2013,3,31,22,1565
2013,3,31,23,1816
2013,4,1,0,2052
2013,4,1,1,2245
2013,4,1,2,2382
2013,4,1,3,2441
2013,4,1,4,2377
2013,4,1,5,2183
2013,4,1,6,1898
2013,4,1,7,1630
2013,4,1,8,1429
2013,4,1,9,1402
2013,4,1,10,1467
2013,4,1,11,1600
2013,4,1,12,1753
2013,4,1,13,1881
2013,4,1,14,1989
2013,4,1,15,2063
2013,4,1,16,2041
2013,4,1,17,1906
2013,4,1,18,1701
2013,4,1,19,1519
2013,4,1,20,1413
2013,4,1,21,1411
2013,4,1,22,1507
2013,4,1,23,1679
2013,4,2,0,1881
2013,4,2,1,2074
2013,4,2,2,2236
2013,4,2,3,2350
2013,4,2,4,2384
2013,4,2,5,2318
2013,4,2,6,2138
2013,4,2,7,1898
2013,4,2,8,1685
2013,4,2,9,1560
2013,4,2,10,1526
2013,4,2,11,1582
2013,4,2,12,1689
2013,4,2,13,1787
2013,4,2,14,1867
2013,4,2,15,1956
2013,4,2,16,2029
2013,4,2,17,2009
2013,4,2,18,1902
2013,4,2,19,1756
2013,4,2,20,1595
2013,4,2,21,1519
2013,4,2,22,1522
2013,4,2,23,1616
2013,4,3,0,1757
2013,4,3,1,1910
2013,4,3,2,2054
2013,4,3,3,2169
2013,4,3,4,2269
2013,4,3,5,2325
2013,4,3,6,2288
2013,4,3,7,2142
2013,4,3,8,1941
2013,4,3,9,1758
2013,4,3,10,1641
2013,4,3,11,1619
2013,4,3,12,1653
2013,4,3,13,1707
2013,4,3,14,1766
2013,4,3,15,1835
2013,4,3,16,1921
2013,4,3,17,1991
2013,4,3,18,2024
2013,4,3,19,1978
2013,4,3,20,1867
2013,4,3,21,1745
2013,4,3,22,1665
2013,4,3,23,1652
2013,4,4,0,1691
2013,4,4,1,1779
2013,4,4,2,1880
2013,4,4,3,1996
2013,4,4,4,2123
2013,4,4,5,2245
2013,4,4,6,2323
2013,4,4,7,2305
2013,4,4,8,2195
2013,4,4,9,2028
2013,4,4,10,1851
2013,4,4,11,1735
2013,4,4,12,1684
2013,4,4,13,1682
2013,4,4,14,1707
2013,4,4,15,1763
2013,4,4,16,1838
2013,4,4,17,1919
2013,4,4,18,2031
2013,4,4,19,2082
2013,4,4,20,2068
2013,4,4,21,1974
2013,4,4,22,1860
2013,4,4,23,1770
2013,4,5,0,1720
2013,4,5,1,1725
2013,4,5,2,1772
2013,4,5,3,1856
2013,4,5,4,1975
2013,4,5,5,2126
2013,4,5,6,2280
2013,4,5,7,2381
2013,4,5,8,2396
2013,4,5,9,2297
2013,4,5,10,2124
2013,4,5,11,1957
2013,4,5,12,1817
2013,4,5,13,1717
2013,4,5,14,1672
2013,4,5,15,1685
2013,4,5,16,1757
2013,4,5,17,1874
2013,4,5,18,2006
2013,4,5,19,2140
2013,4,5,20,2226
2013,4,5,21,2221
2013,4,5,22,2135
2013,4,5,23,1998
2013,4,6,0,1843
2013,4,6,1,1736
2013,4,6,2,1705
2013,4,6,3,1729
2013,4,6,4,1795
2013,4,6,5,1926
2013,4,6,6,2103
2013,4,6,7,2280
2013,4,6,8,2412
2013,4,6,9,2440
2013,4,6,10,2325
2013,4,6,11,2130
2013,4,6,12,1942
2013,4,6,13,1771
2013,4,6,14,1669
2013,4,6,15,1639
2013,4,6,16,1674
2013,4,6,17,1761
2013,4,6,18,1909
2013,4,6,19,2092
2013,4,6,20,2248
2013,4,6,21,2333
2013,4,6,22,2322
2013,4,6,23,2229
2013,4,7,0,2069
2013,4,7,1,1896
2013,4,7,2,1761
2013,4,7,3,1673
2013,4,7,4,1678
2013,4,7,5,1779
2013,4,7,6,1930
2013,4,7,7,2109
2013,4,7,8,2290
2013,4,7,9,2423
2013,4,7,10,2460
2013,4,7,11,2381
2013,4,7,12,2205
2013,4,7,13,1963
2013,4,7,14,1782
2013,4,7,15,1625
2013,4,7,16,1594
2013,4,7,17,1638
2013,4,7,18,1763
2013,4,7,19,1961
2013,4,7,20,2180
2013,4,7,21,2372
2013,4,7,22,2470
2013,4,7,23,2432
2013,4,8,0,2280
2013,4,8,1,2065
2013,4,8,2,1853
2013,4,8,3,1692
2013,4,8,4,1616
2013,4,8,5,1621
2013,4,8,6,1705
2013,4,8,7,1862
2013,4,8,8,2077
2013,4,8,9,2301
2013,4,8,10,2449
2013,4,8,11,2469
2013,4,8,12,2335
2013,4,8,13,2123
2013,4,8,14,1849
2013,4,8,15,1642
2013,4,8,16,1536
2013,4,8,17,1525
2013,4,8,18,1618
2013,4,8,19,1797
2013,4,8,20,2026
2013,4,8,21,2265
2013,4,8,22,2445
2013,4,8,23,2519
2013,4,9,0,2461
2013,4,9,1,2283
2013,4,9,2,2033
2013,4,9,3,1779
2013,4,9,4,1589
2013,4,9,5,1521
2013,4,9,6,1567
2013,4,9,7,1695
2013,4,9,8,1888
2013,4,9,9,2103
2013,4,9,10,2294
2013,4,9,11,2396
2013,4,9,12,2371
2013,4,9,13,2214
2013,4,9,14,1956
2013,4,9,15,1700
2013,4,9,16,1505
2013,4,9,17,1446
2013,4,9,18,1503
2013,4,9,19,1648
2013,4,9,20,1859
2013,4,9,21,2101
2013,4,9,22,2327
2013,4,9,23,2471
2013,4,10,0,2480
2013,4,10,1,2367
2013,4,10,2,2150
2013,4,10,3,1892
2013,4,10,4,1664
2013,4,10,5,1523
2013,4,10,6,1492
2013,4,10,7,1563
2013,4,10,8,1727
2013,4,10,9,1943
2013,4,10,10,2150
2013,4,10,11,2303
2013,4,10,12,2354
2013,4,10,13,2281
2013,4,10,14,2080
2013,4,10,15,1845
2013,4,10,16,1614
2013,4,10,17,1460
2013,4,10,18,1454
2013,4,10,19,1568
2013,4,10,20,1750
2013,4,10,21,1983
2013,4,10,22,2232
2013,4,10,23,2433
2013,4,11,0,2524
2013,4,11,1,2473
2013,4,11,2,2298
2013,4,11,3,2027
2013,4,11,4,1752
2013,4,11,5,1556
2013,4,11,6,1468
2013,4,11,7,1487
2013,4,11,8,1616
2013,4,11,9,1812
2013,4,11,10,2019
2013,4,11,11,2190
2013,4,11,12,2289
2013,4,11,13,2269
2013,4,11,14,2179
2013,4,11,15,1933
2013,4,11,16,1676
2013,4,11,17,1466
2013,4,11,18,1390
2013,4,11,19,1450
2013,4,11,20,1624
2013,4,11,21,1874
2013,4,11,22,2138
2013,4,11,23,2353
2013,4,12,0,2473
2013,4,12,1,2492
2013,4,12,2,2413
2013,4,12,3,2213
2013,4,12,4,1947
2013,4,12,5,1688
2013,4,12,6,1498
2013,4,12,7,1457
2013,4,12,8,1545
2013,4,12,9,1728
2013,4,12,10,1932
2013,4,12,11,2104
2013,4,12,12,2230
2013,4,12,13,2277
2013,4,12,14,2204
2013,4,12,15,2046
2013,4,12,16,1782
2013,4,12,17,1556
2013,4,12,18,1396
2013,4,12,19,1400
2013,4,12,20,1541
2013,4,12,21,1779
2013,4,12,22,2045
2013,4,12,23,2268
2013,4,13,0,2425
2013,4,13,1,2499
2013,4,13,2,2483
2013,4,13,3,2337
2013,4,13,4,2084
2013,4,13,5,1803
2013,4,13,6,1586
2013,4,13,7,1491
2013,4,13,8,1526
2013,4,13,9,1646
2013,4,13,10,1822
2013,4,13,11,1999
2013,4,13,12,2138
2013,4,13,13,2222
2013,4,13,14,2217
2013,4,13,15,2105
2013,4,13,16,1896
2013,4,13,17,1644
2013,4,13,18,1457
2013,4,13,19,1408
2013,4,13,20,1508
2013,4,13,21,1700
2013,4,13,22,1943
2013,4,13,23,2165
2013,4,14,0,2330
2013,4,14,1,2428
2013,4,14,2,2460
2013,4,14,3,2391
2013,4,14,4,2211
2013,4,14,5,1969
2013,4,14,6,1723
2013,4,14,7,1575
2013,4,14,8,1553
2013,4,14,9,1631
2013,4,14,10,1769
2013,4,14,11,1924
2013,4,14,12,2060
2013,4,14,13,2158
2013,4,14,14,2195
2013,4,14,15,2144
2013,4,14,16,1991
2013,4,14,17,1769
2013,4,14,18,1574
2013,4,14,19,1491
2013,4,14,20,1514
2013,4,14,21,1631
2013,4,14,22,1813
2013,4,14,23,2027
2013,4,15,0,2225
2013,4,15,1,2382
2013,4,15,2,2459
2013,4,15,3,2438
2013,4,15,4,2311
2013,4,15,5,2109
2013,4,15,6,1889
2013,4,15,7,1719
2013,4,15,8,1630
2013,4,15,9,1617
2013,4,15,10,1692
2013,4,15,11,1825
2013,4,15,12,1966
2013,4,15,13,2081
2013,4,15,14,2148
2013,4,15,15,2139
2013,4,15,16,2049
2013,4,15,17,1872
2013,4,15,18,1677
2013,4,15,19,1521
2013,4,15,20,1478
2013,4,15,21,1551
2013,4,15,22,1719
2013,4,15,23,1931
2013,4,16,0,2120
2013,4,16,1,2272
2013,4,16,2,2360
2013,4,16,3,2378
2013,4,16,4,2331
2013,4,16,5,2210
2013,4,16,6,2023
2013,4,16,7,1823
2013,4,16,8,1689
2013,4,16,9,1638
2013,4,16,10,1661
2013,4,16,11,1745
2013,4,16,12,1866
2013,4,16,13,1964
2013,4,16,14,2027
2013,4,16,15,2042
2013,4,16,16,2009
2013,4,16,17,1904
2013,4,16,18,1788
2013,4,16,19,1655
2013,4,16,20,1577
2013,4,16,21,1577
2013,4,16,22,1672
2013,4,16,23,1816
2013,4,17,0,1980
2013,4,17,1,2141
2013,4,17,2,2245
2013,4,17,3,2285
2013,4,17,4,2277
2013,4,17,5,2211
2013,4,17,6,2087
2013,4,17,7,1925
2013,4,17,8,1768
2013,4,17,9,1668
2013,4,17,10,1637
2013,4,17,11,1674
2013,4,17,12,1756
2013,4,17,13,1844
2013,4,17,14,1903
2013,4,17,15,1949
2013,4,17,16,1971
2013,4,17,17,1934
2013,4,17,18,1849
2013,4,17,19,1742
2013,4,17,20,1662
2013,4,17,21,1630
2013,4,17,22,1664
2013,4,17,23,1751
2013,4,18,0,1877
2013,4,18,1,2017
2013,4,18,2,2141
2013,4,18,3,2222
2013,4,18,4,2257
2013,4,18,5,2247
2013,4,18,6,2178
2013,4,18,7,2054
2013,4,18,8,1911
2013,4,18,9,1793
2013,4,18,10,1723
2013,4,18,11,1702
2013,4,18,12,1725
2013,4,18,13,1755
2013,4,18,14,1808
2013,4,18,15,1867
2013,4,18,16,1919
2013,4,18,17,1941
2013,4,18,18,1917
2013,4,18,19,1859
2013,4,18,20,1778
2013,4,18,21,1710
2013,4,18,22,1696
2013,4,18,23,1724
2013,4,19,0,1787
2013,4,19,1,1882
2013,4,19,2,1993
2013,4,19,3,2091
2013,4,19,4,2163
2013,4,19,5,2205
2013,4,19,6,2190
2013,4,19,7,2129
2013,4,19,8,2038
2013,4,19,9,1928
2013,4,19,10,1828
2013,4,19,11,1760
2013,4,19,12,1723
2013,4,19,13,1714
2013,4,19,14,1738
2013,4,19,15,1774
2013,4,19,16,1823
2013,4,19,17,1883
2013,4,19,18,1919
2013,4,19,19,1924
2013,4,19,20,1901
2013,4,19,21,1864
2013,4,19,22,1814
2013,4,19,23,1761
2013,4,20,0,1731
2013,4,20,1,1757
2013,4,20,2,1835
2013,4,20,3,1919
2013,4,20,4,2010
2013,4,20,5,2091
2013,4,20,6,2141
2013,4,20,7,2150
2013,4,20,8,2114
2013,4,20,9,2036
2013,4,20,10,1933
2013,4,20,11,1833
2013,4,20,12,1755
2013,4,20,13,1702
2013,4,20,14,1679
2013,4,20,15,1699
2013,4,20,16,1758
2013,4,20,17,1831
2013,4,20,18,1915
2013,4,20,19,1979
2013,4,20,20,2002
2013,4,20,21,1982
2013,4,20,22,1918
2013,4,20,23,1835
2013,4,21,0,1756
2013,4,21,1,1712
2013,4,21,2,1730
2013,4,21,3,1784
2013,4,21,4,1871
2013,4,21,5,1968
2013,4,21,6,2058
2013,4,21,7,2126
2013,4,21,8,2146
2013,4,21,9,2119
2013,4,21,10,2036
2013,4,21,11,1923
2013,4,21,12,1800
2013,4,21,13,1696
2013,4,21,14,1601
2013,4,21,15,1588
2013,4,21,16,1641
2013,4,21,17,1755
2013,4,21,18,1896
2013,4,21,19,2021
2013,4,21,20,2100
2013,4,21,21,2127
2013,4,21,22,2090
2013,4,21,23,1978
2013,4,22,0,1842
2013,4,22,1,1735
2013,4,22,2,1683
2013,4,22,3,1686
2013,4,22,4,1733
2013,4,22,5,1826
2013,4,22,6,1957
2013,4,22,7,2093
2013,4,22,8,2202
2013,4,22,9,2253
2013,4,22,10,2213
2013,4,22,11,2088
2013,4,22,12,1919
2013,4,22,13,1761
2013,4,22,14,1613
2013,4,22,15,1543
2013,4,22,16,1561
2013,4,22,17,1649
2013,4,22,18,1815
2013,4,22,19,2004
2013,4,22,20,2161
2013,4,22,21,2243
2013,4,22,22,2245
2013,4,22,23,2157
2013,4,23,0,2002
2013,4,23,1,1834
2013,4,23,2,1686
2013,4,23,3,1592
2013,4,23,4,1592
2013,4,23,5,1687
2013,4,23,6,1840
2013,4,23,7,2008
2013,4,23,8,2158
2013,4,23,9,2264
2013,4,23,10,2291
2013,4,23,11,2230
2013,4,23,12,2085
2013,4,23,13,1886
2013,4,23,14,1666
2013,4,23,15,1512
2013,4,23,16,1455
2013,4,23,17,1511
2013,4,23,18,1679
2013,4,23,19,1894
2013,4,23,20,2110
2013,4,23,21,2276
2013,4,23,22,2369
2013,4,23,23,2354
2013,4,24,0,2219
2013,4,24,1,2001
2013,4,24,2,1775
2013,4,24,3,1598
2013,4,24,4,1520
2013,4,24,5,1542
2013,4,24,6,1637
2013,4,24,7,1804
2013,4,24,8,2016
2013,4,24,9,2215
2013,4,24,10,2335
2013,4,24,11,2334
2013,4,24,12,2196
2013,4,24,13,1975
2013,4,24,14,1726
2013,4,24,15,1527
2013,4,24,16,1414
2013,4,24,17,1421
2013,4,24,18,1542
2013,4,24,19,1751
2013,4,24,20,2006
2013,4,24,21,2269
2013,4,24,22,2469
2013,4,24,23,2532
2013,4,25,0,2453
2013,4,25,1,2245
2013,4,25,2,1966
2013,4,25,3,1698
2013,4,25,4,1504
2013,4,25,5,1432
2013,4,25,6,1485
2013,4,25,7,1644
2013,4,25,8,1860
2013,4,25,9,2085
2013,4,25,10,2270
2013,4,25,11,2359
2013,4,25,12,2327
2013,4,25,13,2162
2013,4,25,14,1908
2013,4,25,15,1640
2013,4,25,16,1430
2013,4,25,17,1352
2013,4,25,18,1422
2013,4,25,19,1598
2013,4,25,20,1854
2013,4,25,21,2153
2013,4,25,22,2420
2013,4,25,23,2573
2013,4,26,0,2582
2013,4,26,1,2453
2013,4,26,2,2204
2013,4,26,3,1890
2013,4,26,4,1594
2013,4,26,5,1407
2013,4,26,6,1352
2013,4,26,7,1429
2013,4,26,8,1616
2013,4,26,9,1854
2013,4,26,10,2086
2013,4,26,11,2260
2013,4,26,12,2324
2013,4,26,13,2250
2013,4,26,14,2040
2013,4,26,15,1754
2013,4,26,16,1487
2013,4,26,17,1306
2013,4,26,18,1293
2013,4,26,19,1413
2013,4,26,20,1641
2013,4,26,21,1938
2013,4,26,22,2240
2013,4,26,23,2483
2013,4,27,0,2602
2013,4,27,1,2580
2013,4,27,2,2400
2013,4,27,3,2095
2013,4,27,4,1748
2013,4,27,5,1462
2013,4,27,6,1310
2013,4,27,7,1314
2013,4,27,8,1447
2013,4,27,9,1659
2013,4,27,10,1905
2013,4,27,11,2124
2013,4,27,12,2270
2013,4,27,13,2304
2013,4,27,14,2175
2013,4,27,15,1912
2013,4,27,16,1652
2013,4,27,17,1384
2013,4,27,18,1290
2013,4,27,19,1331
2013,4,27,20,1487
2013,4,27,21,1734
2013,4,27,22,2035
2013,4,27,23,2323
2013,4,28,0,2528
2013,4,28,1,2605
2013,4,28,2,2540
2013,4,28,3,2323
2013,4,28,4,2002
2013,4,28,5,1667
2013,4,28,6,1410
2013,4,28,7,1296
2013,4,28,8,1327
2013,4,28,9,1462
2013,4,28,10,1707
2013,4,28,11,1925
2013,4,28,12,2112
2013,4,28,13,2213
2013,4,28,14,2213
2013,4,28,15,2062
2013,4,28,16,1861
2013,4,28,17,1580
2013,4,28,18,1369
2013,4,28,19,1304
2013,4,28,20,1373
2013,4,28,21,1553
2013,4,28,22,1813
2013,4,28,23,2095
2013,4,29,0,2350
2013,4,29,1,2533
2013,4,29,2,2593
2013,4,29,3,2490
2013,4,29,4,2254
2013,4,29,5,1938
2013,4,29,6,1629
2013,4,29,7,1416
2013,4,29,8,1336
2013,4,29,9,1399
2013,4,29,10,1568
2013,4,29,11,1775
2013,4,29,12,1973
2013,4,29,13,2100
2013,4,29,14,2179
2013,4,29,15,2160
2013,4,29,16,2025
2013,4,29,17,1776
2013,4,29,18,1539
2013,4,29,19,1375
2013,4,29,20,1362
2013,4,29,21,1468
2013,4,29,22,1649
2013,4,29,23,1886
2013,4,30,0,2139
2013,4,30,1,2372
2013,4,30,2,2511
2013,4,30,3,2511
2013,4,30,4,2387
2013,4,30,5,2145
2013,4,30,6,1863
2013,4,30,7,1611
2013,4,30,8,1449
2013,4,30,9,1401
2013,4,30,10,1450
2013,4,30,11,1595
2013,4,30,12,1775
2013,4,30,13,1940
2013,4,30,14,2062
2013,4,30,15,2116
2013,4,30,16,2067
2013,4,30,17,1947
2013,4,30,18,1746
2013,4,30,19,1547
2013,4,30,20,1431
2013,4,30,21,1444
2013,4,30,22,1548
2013,4,30,23,1703
2013,5,1,0,1894
2013,5,1,1,2100
2013,5,1,2,2281
2013,5,1,3,2383
2013,5,1,4,2386
2013,5,1,5,2267
2013,5,1,6,2044
2013,5,1,7,1795
2013,5,1,8,1592
2013,5,1,9,1483
2013,5,1,10,1464
2013,5,1,11,1520
2013,5,1,12,1638
2013,5,1,13,1781
2013,5,1,14,1923
2013,5,1,15,2040
2013,5,1,16,2087
2013,5,1,17,2044
2013,5,1,18,1938
2013,5,1,19,1787
2013,5,1,20,1638
2013,5,1,21,1562
2013,5,1,22,1573
2013,5,1,23,1659
2013,5,2,0,1765
2013,5,2,1,1926
2013,5,2,2,2095
2013,5,2,3,2240
2013,5,2,4,2336
2013,5,2,5,2335
2013,5,2,6,2212
2013,5,2,7,2035
2013,5,2,8,1817
2013,5,2,9,1672
2013,5,2,10,1591
2013,5,2,11,1577
2013,5,2,12,1620
2013,5,2,13,1694
2013,5,2,14,1779
2013,5,2,15,1922
2013,5,2,16,2021
2013,5,2,17,2077
2013,5,2,18,2070
2013,5,2,19,1997
2013,5,2,20,1897
2013,5,2,21,1802
2013,5,2,22,1733
2013,5,2,23,1723
2013,5,3,0,1756
2013,5,3,1,1838
2013,5,3,2,1945
2013,5,3,3,2053
2013,5,3,4,2158
2013,5,3,5,2253
2013,5,3,6,2279
2013,5,3,7,2204
2013,5,3,8,2049
2013,5,3,9,1865
2013,5,3,10,1719
2013,5,3,11,1628
2013,5,3,12,1614
2013,5,3,13,1628
2013,5,3,14,1674
2013,5,3,15,1766
2013,5,3,16,1886
2013,5,3,17,1994
2013,5,3,18,2094
2013,5,3,19,2108
2013,5,3,20,2052
2013,5,3,21,1951
2013,5,3,22,1842
2013,5,3,23,1772
2013,5,4,0,1738
2013,5,4,1,1746
2013,5,4,2,1796
2013,5,4,3,1861
2013,5,4,4,1956
2013,5,4,5,2072
2013,5,4,6,2177
2013,5,4,7,2215
2013,5,4,8,2157
2013,5,4,9,2029
2013,5,4,10,1889
2013,5,4,11,1772
2013,5,4,12,1698
2013,5,4,13,1649
2013,5,4,14,1640
2013,5,4,15,1697
2013,5,4,16,1798
2013,5,4,17,1941
2013,5,4,18,2089
2013,5,4,19,2208
2013,5,4,20,2248
2013,5,4,21,2197
2013,5,4,22,2082
2013,5,4,23,1948
2013,5,5,0,1839
2013,5,5,1,1764
2013,5,5,2,1739
2013,5,5,3,1747
2013,5,5,4,1804
2013,5,5,5,1912
2013,5,5,6,2038
2013,5,5,7,2141
2013,5,5,8,2196
2013,5,5,9,2180
2013,5,5,10,2093
2013,5,5,11,1943
2013,5,5,12,1784
2013,5,5,13,1655
2013,5,5,14,1565
2013,5,5,15,1584
2013,5,5,16,1667
2013,5,5,17,1802
2013,5,5,18,1959
2013,5,5,19,2113
2013,5,5,20,2243
2013,5,5,21,2303
2013,5,5,22,2262
2013,5,5,23,2151
2013,5,6,0,1996
2013,5,6,1,1852
2013,5,6,2,1748
2013,5,6,3,1685
2013,5,6,4,1690
2013,5,6,5,1758
2013,5,6,6,1880
2013,5,6,7,2010
2013,5,6,8,2116
2013,5,6,9,2181
2013,5,6,10,2200
2013,5,6,11,2124
2013,5,6,12,1965
2013,5,6,13,1759
2013,5,6,14,1594
2013,5,6,15,1518
2013,5,6,16,1567
2013,5,6,17,1684
2013,5,6,18,1844
2013,5,6,19,2027
2013,5,6,20,2203
2013,5,6,21,2345
2013,5,6,22,2394
2013,5,6,23,2331
2013,5,7,0,2174
2013,5,7,1,1980
2013,5,7,2,1808
2013,5,7,3,1688
2013,5,7,4,1637
2013,5,7,5,1656
2013,5,7,6,1738
2013,5,7,7,1867
2013,5,7,8,2022
2013,5,7,9,2151
2013,5,7,10,2207
2013,5,7,11,2186
2013,5,7,12,2074
2013,5,7,13,1929
2013,5,7,14,1706
2013,5,7,15,1595
2013,5,7,16,1536
2013,5,7,17,1584
2013,5,7,18,1735
2013,5,7,19,1948
2013,5,7,20,2161
2013,5,7,21,2340
2013,5,7,22,2444
2013,5,7,23,2455
2013,5,8,0,2376
2013,5,8,1,2205
2013,5,8,2,1992
2013,5,8,3,1782
2013,5,8,4,1631
2013,5,8,5,1594
2013,5,8,6,1657
2013,5,8,7,1783
2013,5,8,8,1942
2013,5,8,9,2101
2013,5,8,10,2232
2013,5,8,11,2295
2013,5,8,12,2237
2013,5,8,13,2074
2013,5,8,14,1854
2013,5,8,15,1664
2013,5,8,16,1552
2013,5,8,17,1544
2013,5,8,18,1642
2013,5,8,19,1806
2013,5,8,20,2027
2013,5,8,21,2265
2013,5,8,22,2454
2013,5,8,23,2548
2013,5,9,0,2534
2013,5,9,1,2401
2013,5,9,2,2174
2013,5,9,3,1916
2013,5,9,4,1711
2013,5,9,5,1616
2013,5,9,6,1605
2013,5,9,7,1677
2013,5,9,8,1827
2013,5,9,9,2011
2013,5,9,10,2192
2013,5,9,11,2323
2013,5,9,12,2345
2013,5,9,13,2223
2013,5,9,14,2006
2013,5,9,15,1779
2013,5,9,16,1614
2013,5,9,17,1550
2013,5,9,18,1595
2013,5,9,19,1741
2013,5,9,20,1966
2013,5,9,21,2224
2013,5,9,22,2451
2013,5,9,23,2588
2013,5,10,0,2629
2013,5,10,1,2563
2013,5,10,2,2385
2013,5,10,3,2130
2013,5,10,4,1870
2013,5,10,5,1670
2013,5,10,6,1581
2013,5,10,7,1614
2013,5,10,8,1749
2013,5,10,9,1930
2013,5,10,10,2121
2013,5,10,11,2281
2013,5,10,12,2364
2013,5,10,13,2316
2013,5,10,14,2145
2013,5,10,15,1913
2013,5,10,16,1688
2013,5,10,17,1562
2013,5,10,18,1551
2013,5,10,19,1666
2013,5,10,20,1871
2013,5,10,21,2143
2013,5,10,22,2394
2013,5,10,23,2623
2013,5,11,0,2727
2013,5,11,1,2713
2013,5,11,2,2582
2013,5,11,3,2354
2013,5,11,4,2076
2013,5,11,5,1820
2013,5,11,6,1668
2013,5,11,7,1648
2013,5,11,8,1727
2013,5,11,9,1875
2013,5,11,10,2061
2013,5,11,11,2259
2013,5,11,12,2392
2013,5,11,13,2407
2013,5,11,14,2302
2013,5,11,15,2101
2013,5,11,16,1853
2013,5,11,17,1668
2013,5,11,18,1609
2013,5,11,19,1692
2013,5,11,20,1838
2013,5,11,21,2070
2013,5,11,22,2333
2013,5,11,23,2564
2013,5,12,0,2718
2013,5,12,1,2774
2013,5,12,2,2703
2013,5,12,3,2509
2013,5,12,4,2243
2013,5,12,5,1974
2013,5,12,6,1779
2013,5,12,7,1709
2013,5,12,8,1746
2013,5,12,9,1867
2013,5,12,10,2039
2013,5,12,11,2211
2013,5,12,12,2348
2013,5,12,13,2398
2013,5,12,14,2349
2013,5,12,15,2202
2013,5,12,16,1987
2013,5,12,17,1795
2013,5,12,18,1640
2013,5,12,19,1634
2013,5,12,20,1760
2013,5,12,21,1984
2013,5,12,22,2270
2013,5,12,23,2513
2013,5,13,0,2682
2013,5,13,1,2773
2013,5,13,2,2760
2013,5,13,3,2645
2013,5,13,4,2422
2013,5,13,5,2131
2013,5,13,6,1880
2013,5,13,7,1751
2013,5,13,8,1746
2013,5,13,9,1835
2013,5,13,10,1983
2013,5,13,11,2157
2013,5,13,12,2314
2013,5,13,13,2403
2013,5,13,14,2406
2013,5,13,15,2311
2013,5,13,16,2140
2013,5,13,17,1935
2013,5,13,18,1777
2013,5,13,19,1709
2013,5,13,20,1768
2013,5,13,21,1943
2013,5,13,22,2184
2013,5,13,23,2435
2013,5,14,0,2631
2013,5,14,1,2733
2013,5,14,2,2747
2013,5,14,3,2677
2013,5,14,4,2523
2013,5,14,5,2296
2013,5,14,6,2041
2013,5,14,7,1847
2013,5,14,8,1763
2013,5,14,9,1802
2013,5,14,10,1932
2013,5,14,11,2098
2013,5,14,12,2251
2013,5,14,13,2339
2013,5,14,14,2362
2013,5,14,15,2325
2013,5,14,16,2224
2013,5,14,17,2067
2013,5,14,18,1894
2013,5,14,19,1777
2013,5,14,20,1775
2013,5,14,21,1883
2013,5,14,22,2071
2013,5,14,23,2292
2013,5,15,0,2484
2013,5,15,1,2615
2013,5,15,2,2678
2013,5,15,3,2665
2013,5,15,4,2562
2013,5,15,5,2373
2013,5,15,6,2136
2013,5,15,7,1918
2013,5,15,8,1790
2013,5,15,9,1774
2013,5,15,10,1856
2013,5,15,11,1981
2013,5,15,12,2112
2013,5,15,13,2225
2013,5,15,14,2289
2013,5,15,15,2301
2013,5,15,16,2252
2013,5,15,17,2133
2013,5,15,18,1975
2013,5,15,19,1845
2013,5,15,20,1790
2013,5,15,21,1831
2013,5,15,22,1966
2013,5,15,23,2143
2013,5,16,0,2321
2013,5,16,1,2466
2013,5,16,2,2557
2013,5,16,3,2588
2013,5,16,4,2549
2013,5,16,5,2426
2013,5,16,6,2232
2013,5,16,7,2020
2013,5,16,8,1869
2013,5,16,9,1812
2013,5,16,10,1840
2013,5,16,11,1928
2013,5,16,12,2034
2013,5,16,13,2146
2013,5,16,14,2231
2013,5,16,15,2281
2013,5,16,16,2283
2013,5,16,17,2225
2013,5,16,18,2116
2013,5,16,19,1991
2013,5,16,20,1886
2013,5,16,21,1845
2013,5,16,22,1894
2013,5,16,23,2019
2013,5,17,0,2180
2013,5,17,1,2336
2013,5,17,2,2458
2013,5,17,3,2523
2013,5,17,4,2521
2013,5,17,5,2451
2013,5,17,6,2317
2013,5,17,7,2133
2013,5,17,8,1961
2013,5,17,9,1852
2013,5,17,10,1825
2013,5,17,11,1858
2013,5,17,12,1935
2013,5,17,13,2023
2013,5,17,14,2108
2013,5,17,15,2187
2013,5,17,16,2245
2013,5,17,17,2256
2013,5,17,18,2203
2013,5,17,19,2111
2013,5,17,20,2012
2013,5,17,21,1933
2013,5,17,22,1914
2013,5,17,23,1970
2013,5,18,0,2063
2013,5,18,1,2181
2013,5,18,2,2310
2013,5,18,3,2406
2013,5,18,4,2459
2013,5,18,5,2458
2013,5,18,6,2382
2013,5,18,7,2242
2013,5,18,8,2079
2013,5,18,9,1948
2013,5,18,10,1873
2013,5,18,11,1852
2013,5,18,12,1880
2013,5,18,13,1936
2013,5,18,14,2007
2013,5,18,15,2098
2013,5,18,16,2192
2013,5,18,17,2264
2013,5,18,18,2281
2013,5,18,19,2236
2013,5,18,20,2144
2013,5,18,21,2047
2013,5,18,22,1967
2013,5,18,23,1947
2013,5,19,0,1987
2013,5,19,1,2083
2013,5,19,2,2197
2013,5,19,3,2289
2013,5,19,4,2351
2013,5,19,5,2387
2013,5,19,6,2386
2013,5,19,7,2338
2013,5,19,8,2229
2013,5,19,9,2089
2013,5,19,10,1966
2013,5,19,11,1889
2013,5,19,12,1862
2013,5,19,13,1873
2013,5,19,14,1935
2013,5,19,15,2025
2013,5,19,16,2119
2013,5,19,17,2241
2013,5,19,18,2332
2013,5,19,19,2368
2013,5,19,20,2324
2013,5,19,21,2241
2013,5,19,22,2138
2013,5,19,23,2053
2013,5,20,0,2006
2013,5,20,1,2007
2013,5,20,2,2077
2013,5,20,3,2167
2013,5,20,4,2252
2013,5,20,5,2331
2013,5,20,6,2391
2013,5,20,7,2402
2013,5,20,8,2340
2013,5,20,9,2232
2013,5,20,10,2106
2013,5,20,11,1987
2013,5,20,12,1896
2013,5,20,13,1849
2013,5,20,14,1858
2013,5,20,15,1927
2013,5,20,16,2042
2013,5,20,17,2181
2013,5,20,18,2325
2013,5,20,19,2455
2013,5,20,20,2490
2013,5,20,21,2442
2013,5,20,22,2326
2013,5,20,23,2178
2013,5,21,0,2043
2013,5,21,1,1963
2013,5,21,2,1957
2013,5,21,3,1992
2013,5,21,4,2071
2013,5,21,5,2168
2013,5,21,6,2263
2013,5,21,7,2341
2013,5,21,8,2381
2013,5,21,9,2346
2013,5,21,10,2233
2013,5,21,11,2075
2013,5,21,12,1916
2013,5,21,13,1792
2013,5,21,14,1746
2013,5,21,15,1770
2013,5,21,16,1855
2013,5,21,17,2008
2013,5,21,18,2195
2013,5,21,19,2400
2013,5,21,20,2540
2013,5,21,21,2575
2013,5,21,22,2492
2013,5,21,23,2327
2013,5,22,0,2142
2013,5,22,1,1973
2013,5,22,2,1868
2013,5,22,3,1822
2013,5,22,4,1850
2013,5,22,5,1936
2013,5,22,6,2062
2013,5,22,7,2207
2013,5,22,8,2316
2013,5,22,9,2358
2013,5,22,10,2313
2013,5,22,11,2184
2013,5,22,12,2004
2013,5,22,13,1824
2013,5,22,14,1687
2013,5,22,15,1632
2013,5,22,16,1670
2013,5,22,17,1814
2013,5,22,18,2037
2013,5,22,19,2286
2013,5,22,20,2498
2013,5,22,21,2629
2013,5,22,22,2649
2013,5,22,23,2546
2013,5,23,0,2346
2013,5,23,1,2110
2013,5,23,2,1897
2013,5,23,3,1748
2013,5,23,4,1702
2013,5,23,5,1743
2013,5,23,6,1845
2013,5,23,7,1990
2013,5,23,8,2144
2013,5,23,9,2281
2013,5,23,10,2337
2013,5,23,11,2281
2013,5,23,12,2122
2013,5,23,13,1900
2013,5,23,14,1688
2013,5,23,15,1554
2013,5,23,16,1534
2013,5,23,17,1621
2013,5,23,18,1808
2013,5,23,19,2066
2013,5,23,20,2343
2013,5,23,21,2597
2013,5,23,22,2743
2013,5,23,23,2734
2013,5,24,0,2588
2013,5,24,1,2354
2013,5,24,2,2072
2013,5,24,3,1808
2013,5,24,4,1628
2013,5,24,5,1577
2013,5,24,6,1649
2013,5,24,7,1813
2013,5,24,8,2003
2013,5,24,9,2182
2013,5,24,10,2320
2013,5,24,11,2367
2013,5,24,12,2290
2013,5,24,13,2085
2013,5,24,14,1819
2013,5,24,15,1582
2013,5,24,16,1445
2013,5,24,17,1457
2013,5,24,18,1605
2013,5,24,19,1851
2013,5,24,20,2135
2013,5,24,21,2406
2013,5,24,22,2635
2013,5,24,23,2756
2013,5,25,0,2723
2013,5,25,1,2542
2013,5,25,2,2255
2013,5,25,3,1941
2013,5,25,4,1670
2013,5,25,5,1505
2013,5,25,6,1471
2013,5,25,7,1556
2013,5,25,8,1742
2013,5,25,9,1972
2013,5,25,10,2193
2013,5,25,11,2341
2013,5,25,12,2357
2013,5,25,13,2228
2013,5,25,14,1983
2013,5,25,15,1706
2013,5,25,16,1472
2013,5,25,17,1367
2013,5,25,18,1417
2013,5,25,19,1609
2013,5,25,20,1907
2013,5,25,21,2234
2013,5,25,22,2511
2013,5,25,23,2718
2013,5,26,0,2805
2013,5,26,1,2740
2013,5,26,2,2502
2013,5,26,3,2160
2013,5,26,4,1825
2013,5,26,5,1556
2013,5,26,6,1415
2013,5,26,7,1404
2013,5,26,8,1525
2013,5,26,9,1738
2013,5,26,10,1995
2013,5,26,11,2221
2013,5,26,12,2340
2013,5,26,13,2329
2013,5,26,14,2171
2013,5,26,15,1912
2013,5,26,16,1618
2013,5,26,17,1401
2013,5,26,18,1332
2013,5,26,19,1436
2013,5,26,20,1667
2013,5,26,21,1976
2013,5,26,22,2311
2013,5,26,23,2599
2013,5,27,0,2791
2013,5,27,1,2850
2013,5,27,2,2750
2013,5,27,3,2498
2013,5,27,4,2145
2013,5,27,5,1790
2013,5,27,6,1530
2013,5,27,7,1416
2013,5,27,8,1454
2013,5,27,9,1601
2013,5,27,10,1824
2013,5,27,11,2066
2013,5,27,12,2264
2013,5,27,13,2359
2013,5,27,14,2312
2013,5,27,15,2134
2013,5,27,16,1866
2013,5,27,17,1594
2013,5,27,18,1416
2013,5,27,19,1398
2013,5,27,20,1525
2013,5,27,21,1754
2013,5,27,22,2058
2013,5,27,23,2370
2013,5,28,0,2633
2013,5,28,1,2795
2013,5,28,2,2823
2013,5,28,3,2688
2013,5,28,4,2398
2013,5,28,5,2042
2013,5,28,6,1718
2013,5,28,7,1498
2013,5,28,8,1422
2013,5,28,9,1479
2013,5,28,10,1657
2013,5,28,11,1887
2013,5,28,12,2108
2013,5,28,13,2274
2013,5,28,14,2344
2013,5,28,15,2299
2013,5,28,16,2119
2013,5,28,17,1858
2013,5,28,18,1605
2013,5,28,19,1460
2013,5,28,20,1470
2013,5,28,21,1611
2013,5,28,22,1846
2013,5,28,23,2120
2013,5,29,0,2384
2013,5,29,1,2595
2013,5,29,2,2736
2013,5,29,3,2754
2013,5,29,4,2616
2013,5,29,5,2334
2013,5,29,6,1992
2013,5,29,7,1697
2013,5,29,8,1518
2013,5,29,9,1479
2013,5,29,10,1578
2013,5,29,11,1769
2013,5,29,12,1980
2013,5,29,13,2170
2013,5,29,14,2300
2013,5,29,15,2342
2013,5,29,16,2264
2013,5,29,17,2086
2013,5,29,18,1850
2013,5,29,19,1647
2013,5,29,20,1545
2013,5,29,21,1569
2013,5,29,22,1695
2013,5,29,23,1889
2013,5,30,0,2115
2013,5,30,1,2330
2013,5,30,2,2511
2013,5,30,3,2628
2013,5,30,4,2637
2013,5,30,5,2490
2013,5,30,6,2212
2013,5,30,7,1903
2013,5,30,8,1662
2013,5,30,9,1533
2013,5,30,10,1529
2013,5,30,11,1625
2013,5,30,12,1785
2013,5,30,13,1971
2013,5,30,14,2118
2013,5,30,15,2232
2013,5,30,16,2282
2013,5,30,17,2235
2013,5,30,18,2090
2013,5,30,19,1886
2013,5,30,20,1705
2013,5,30,21,1614
2013,5,30,22,1642
2013,5,30,23,1756
2013,5,31,0,1914
2013,5,31,1,2091
2013,5,31,2,2266
2013,5,31,3,2412
2013,5,31,4,2509
2013,5,31,5,2498
2013,5,31,6,2353
2013,5,31,7,2115
2013,5,31,8,1856
2013,5,31,9,1656
2013,5,31,10,1564
2013,5,31,11,1592
2013,5,31,12,1692
2013,5,31,13,1828
2013,5,31,14,1977
2013,5,31,15,2118
2013,5,31,16,2227
2013,5,31,17,2299
2013,5,31,18,2276
2013,5,31,19,2148
2013,5,31,20,1982
2013,5,31,21,1821
2013,5,31,22,1737
2013,5,31,23,1746
2013,6,1,0,1826
2013,6,1,1,1951
2013,6,1,2,2092
2013,6,1,3,2229
2013,6,1,4,2356
2013,6,1,5,2422
2013,6,1,6,2410
2013,6,1,7,2279
2013,6,1,8,2064
2013,6,1,9,1845
2013,6,1,10,1687
2013,6,1,11,1632
2013,6,1,12,1651
2013,6,1,13,1722
2013,6,1,14,1818
2013,6,1,15,1948
2013,6,1,16,2100
2013,6,1,17,2239
2013,6,1,18,2314
2013,6,1,19,2292
2013,6,1,20,2192
2013,6,1,21,2042
2013,6,1,22,1901
2013,6,1,23,1801
2013,6,2,0,1773
2013,6,2,1,1809
2013,6,2,2,1885
2013,6,2,3,1989
2013,6,2,4,2098
2013,6,2,5,2197
2013,6,2,6,2267
2013,6,2,7,2257
2013,6,2,8,2158
2013,6,2,9,1997
2013,6,2,10,1831
2013,6,2,11,1696
2013,6,2,12,1635
2013,6,2,13,1644
2013,6,2,14,1693
2013,6,2,15,1795
2013,6,2,16,1929
2013,6,2,17,2094
2013,6,2,18,2238
2013,6,2,19,2328
2013,6,2,20,2330
2013,6,2,21,2237
2013,6,2,22,2100
2013,6,2,23,1964
2013,6,3,0,1854
2013,6,3,1,1796
2013,6,3,2,1801
2013,6,3,3,1849
2013,6,3,4,1928
2013,6,3,5,2023
2013,6,3,6,2114
2013,6,3,7,2175
2013,6,3,8,2182
2013,6,3,9,2104
2013,6,3,10,1945
2013,6,3,11,1787
2013,6,3,12,1662
2013,6,3,13,1610
2013,6,3,14,1619
2013,6,3,15,1675
2013,6,3,16,1775
2013,6,3,17,1912
2013,6,3,18,2080
2013,6,3,19,2241
2013,6,3,20,2347
2013,6,3,21,2349
2013,6,3,22,2252
2013,6,3,23,2102
2013,6,4,0,1951
2013,6,4,1,1834
2013,6,4,2,1758
2013,6,4,3,1732
2013,6,4,4,1766
2013,6,4,5,1836
2013,6,4,6,1928
2013,6,4,7,2028
2013,6,4,8,2110
2013,6,4,9,2150
2013,6,4,10,2095
2013,6,4,11,1951
2013,6,4,12,1786
2013,6,4,13,1649
2013,6,4,14,1579
2013,6,4,15,1585
2013,6,4,16,1648
2013,6,4,17,1773
2013,6,4,18,1945
2013,6,4,19,2123
2013,6,4,20,2278
2013,6,4,21,2376
2013,6,4,22,2373
2013,6,4,23,2270
2013,6,5,0,2099
2013,6,5,1,1929
2013,6,5,2,1791
2013,6,5,3,1714
2013,6,5,4,1689
2013,6,5,5,1714
2013,6,5,6,1780
2013,6,5,7,1885
2013,6,5,8,2014
2013,6,5,9,2122
2013,6,5,10,2167
2013,6,5,11,2104
2013,6,5,12,1943
2013,6,5,13,1756
2013,6,5,14,1602
2013,6,5,15,1544
2013,6,5,16,1573
2013,6,5,17,1679
2013,6,5,18,1834
2013,6,5,19,2028
2013,6,5,20,2233
2013,6,5,21,2384
2013,6,5,22,2444
2013,6,5,23,2416
2013,6,6,0,2309
2013,6,6,1,2135
2013,6,6,2,1949
2013,6,6,3,1797
2013,6,6,4,1708
2013,6,6,5,1689
2013,6,6,6,1737
2013,6,6,7,1838
2013,6,6,8,1965
2013,6,6,9,2088
2013,6,6,10,2177
2013,6,6,11,2187
2013,6,6,12,2089
2013,6,6,13,1917
2013,6,6,14,1720
2013,6,6,15,1580
2013,6,6,16,1535
2013,6,6,17,1594
2013,6,6,18,1738
2013,6,6,19,1922
2013,6,6,20,2122
2013,6,6,21,2309
2013,6,6,22,2449
2013,6,6,23,2503
2013,6,7,0,2453
2013,6,7,1,2303
2013,6,7,2,2099
2013,6,7,3,1902
2013,6,7,4,1751
2013,6,7,5,1674
2013,6,7,6,1679
2013,6,7,7,1749
2013,6,7,8,1859
2013,6,7,9,1993
2013,6,7,10,2128
2013,6,7,11,2203
2013,6,7,12,2170
2013,6,7,13,2024
2013,6,7,14,1813
2013,6,7,15,1623
2013,6,7,16,1516
2013,6,7,17,1520
2013,6,7,18,1624
2013,6,7,19,1792
2013,6,7,20,1998
2013,6,7,21,2220
2013,6,7,22,2411
2013,6,7,23,2528
2013,6,8,0,2524
2013,6,8,1,2412
2013,6,8,2,2233
2013,6,8,3,2022
2013,6,8,4,1828
2013,6,8,5,1691
2013,6,8,6,1637
2013,6,8,7,1669
2013,6,8,8,1777
2013,6,8,9,1923
2013,6,8,10,2073
2013,6,8,11,2182
2013,6,8,12,2210
2013,6,8,13,2139
2013,6,8,14,1964
2013,6,8,15,1745
2013,6,8,16,1575
2013,6,8,17,1512
2013,6,8,18,1559
2013,6,8,19,1695
2013,6,8,20,1894
2013,6,8,21,2123
2013,6,8,22,2328
2013,6,8,23,2470
2013,6,9,0,2540
2013,6,9,1,2501
2013,6,9,2,2359
2013,6,9,3,2141
2013,6,9,4,1903
2013,6,9,5,1713
2013,6,9,6,1608
2013,6,9,7,1600
2013,6,9,8,1666
2013,6,9,9,1782
2013,6,9,10,1947
2013,6,9,11,2101
2013,6,9,12,2199
2013,6,9,13,2184
2013,6,9,14,2043
2013,6,9,15,1832
2013,6,9,16,1622
2013,6,9,17,1486
2013,6,9,18,1466
2013,6,9,19,1568
2013,6,9,20,1755
2013,6,9,21,1989
2013,6,9,22,2217
2013,6,9,23,2408
2013,6,10,0,2509
2013,6,10,1,2502
2013,6,10,2,2401
2013,6,10,3,2215
2013,6,10,4,1992
2013,6,10,5,1775
2013,6,10,6,1618
2013,6,10,7,1544
2013,6,10,8,1566
2013,6,10,9,1672
2013,6,10,10,1841
2013,6,10,11,2021
2013,6,10,12,2139
2013,6,10,13,2153
2013,6,10,14,2057
2013,6,10,15,1895
2013,6,10,16,1693
2013,6,10,17,1531
2013,6,10,18,1462
2013,6,10,19,1495
2013,6,10,20,1634
2013,6,10,21,1839
2013,6,10,22,2071
2013,6,10,23,2289
2013,6,11,0,2441
2013,6,11,1,2484
2013,6,11,2,2424
2013,6,11,3,2274
2013,6,11,4,2054
2013,6,11,5,1814
2013,6,11,6,1633
2013,6,11,7,1541
2013,6,11,8,1537
2013,6,11,9,1600
2013,6,11,10,1748
2013,6,11,11,1932
2013,6,11,12,2076
2013,6,11,13,2157
2013,6,11,14,2142
2013,6,11,15,2035
2013,6,11,16,1845
2013,6,11,17,1643
2013,6,11,18,1504
2013,6,11,19,1485
2013,6,11,20,1596
2013,6,11,21,1777
2013,6,11,22,1980
2013,6,11,23,2175
2013,6,12,0,2341
2013,6,12,1,2455
2013,6,12,2,2497
2013,6,12,3,2432
2013,6,12,4,2247
2013,6,12,5,1992
2013,6,12,6,1763
2013,6,12,7,1620
2013,6,12,8,1586
2013,6,12,9,1637
2013,6,12,10,1743
2013,6,12,11,1878
2013,6,12,12,2020
2013,6,12,13,2135
2013,6,12,14,2167
2013,6,12,15,2104
2013,6,12,16,1960
2013,6,12,17,1772
2013,6,12,18,1612
2013,6,12,19,1539
2013,6,12,20,1580
2013,6,12,21,1706
2013,6,12,22,1881
2013,6,12,23,2091
2013,6,13,0,2284
2013,6,13,1,2421
2013,6,13,2,2484
2013,6,13,3,2459
2013,6,13,4,2344
2013,6,13,5,2146
2013,6,13,6,1915
2013,6,13,7,1717
2013,6,13,8,1607
2013,6,13,9,1606
2013,6,13,10,1695
2013,6,13,11,1833
2013,6,13,12,1978
2013,6,13,13,2099
2013,6,13,14,2170
2013,6,13,15,2166
2013,6,13,16,2089
2013,6,13,17,1940
2013,6,13,18,1761
2013,6,13,19,1630
2013,6,13,20,1602
2013,6,13,21,1686
2013,6,13,22,1831
2013,6,13,23,2009
2013,6,14,0,2185
2013,6,14,1,2340
2013,6,14,2,2448
2013,6,14,3,2487
2013,6,14,4,2433
2013,6,14,5,2279
2013,6,14,6,2059
2013,6,14,7,1839
2013,6,14,8,1680
2013,6,14,9,1611
2013,6,14,10,1644
2013,6,14,11,1751
2013,6,14,12,1887
2013,6,14,13,2020
2013,6,14,14,2117
2013,6,14,15,2161
2013,6,14,16,2138
2013,6,14,17,2051
2013,6,14,18,1920
2013,6,14,19,1786
2013,6,14,20,1691
2013,6,14,21,1675
2013,6,14,22,1747
2013,6,14,23,1894
2013,6,15,0,2080
2013,6,15,1,2248
2013,6,15,2,2373
2013,6,15,3,2435
2013,6,15,4,2433
2013,6,15,5,2356
2013,6,15,6,2189
2013,6,15,7,1982
2013,6,15,8,1778
2013,6,15,9,1647
2013,6,15,10,1631
2013,6,15,11,1695
2013,6,15,12,1810
2013,6,15,13,1933
2013,6,15,14,2042
2013,6,15,15,2125
2013,6,15,16,2167
2013,6,15,17,2150
2013,6,15,18,2062
2013,6,15,19,1923
2013,6,15,20,1809
2013,6,15,21,1752
2013,6,15,22,1763
2013,6,15,23,1843
2013,6,16,0,1963
2013,6,16,1,2105
2013,6,16,2,2249
2013,6,16,3,2367
2013,6,16,4,2429
2013,6,16,5,2389
2013,6,16,6,2257
2013,6,16,7,2069
2013,6,16,8,1881
2013,6,16,9,1735
2013,6,16,10,1666
2013,6,16,11,1670
2013,6,16,12,1731
2013,6,16,13,1815
2013,6,16,14,1917
2013,6,16,15,2049
2013,6,16,16,2147
2013,6,16,17,2190
2013,6,16,18,2172
2013,6,16,19,2091
2013,6,16,20,1971
2013,6,16,21,1869
2013,6,16,22,1791
2013,6,16,23,1785
2013,6,17,0,1842
2013,6,17,1,1946
2013,6,17,2,2084
2013,6,17,3,2211
2013,6,17,4,2296
2013,6,17,5,2310
2013,6,17,6,2257
2013,6,17,7,2149
2013,6,17,8,1999
2013,6,17,9,1844
2013,6,17,10,1722
2013,6,17,11,1657
2013,6,17,12,1665
2013,6,17,13,1744
2013,6,17,14,1864
2013,6,17,15,1989
2013,6,17,16,2115
2013,6,17,17,2211
2013,6,17,18,2250
2013,6,17,19,2229
2013,6,17,20,2144
2013,6,17,21,2035
2013,6,17,22,1926
2013,6,17,23,1855
2013,6,18,0,1831
2013,6,18,1,1854
2013,6,18,2,1941
2013,6,18,3,2041
2013,6,18,4,2147
2013,6,18,5,2225
2013,6,18,6,2256
2013,6,18,7,2221
2013,6,18,8,2111
2013,6,18,9,1957
2013,6,18,10,1794
2013,6,18,11,1667
2013,6,18,12,1610
2013,6,18,13,1619
2013,6,18,14,1695
2013,6,18,15,1812
2013,6,18,16,1954
2013,6,18,17,2095
2013,6,18,18,2216
2013,6,18,19,2292
2013,6,18,20,2282
2013,6,18,21,2202
2013,6,18,22,2085
2013,6,18,23,1960
2013,6,19,0,1850
2013,6,19,1,1783
2013,6,19,2,1793
2013,6,19,3,1862
2013,6,19,4,1976
2013,6,19,5,2093
2013,6,19,6,2180
2013,6,19,7,2224
2013,6,19,8,2196
2013,6,19,9,2099
2013,6,19,10,1948
2013,6,19,11,1793
2013,6,19,12,1651
2013,6,19,13,1578
2013,6,19,14,1585
2013,6,19,15,1665
2013,6,19,16,1806
2013,6,19,17,1983
2013,6,19,18,2174
2013,6,19,19,2344
2013,6,19,20,2437
2013,6,19,21,2418
2013,6,19,22,2303
2013,6,19,23,2140
2013,6,20,0,1968
2013,6,20,1,1828
2013,6,20,2,1744
2013,6,20,3,1728
2013,6,20,4,1773
2013,6,20,5,1865
2013,6,20,6,1996
2013,6,20,7,2121
2013,6,20,8,2187
2013,6,20,9,2169
2013,6,20,10,2067
2013,6,20,11,1919
2013,6,20,12,1764
2013,6,20,13,1627
2013,6,20,14,1527
2013,6,20,15,1508
2013,6,20,16,1588
2013,6,20,17,1762
2013,6,20,18,2002
2013,6,20,19,2253
2013,6,20,20,2437
2013,6,20,21,2518
2013,6,20,22,2489
2013,6,20,23,2364
2013,6,21,0,2166
2013,6,21,1,1952
2013,6,21,2,1766
2013,6,21,3,1643
2013,6,21,4,1626
2013,6,21,5,1690
2013,6,21,6,1809
2013,6,21,7,1948
2013,6,21,8,2078
2013,6,21,9,2170
2013,6,21,10,2177
2013,6,21,11,2084
2013,6,21,12,1901
2013,6,21,13,1679
2013,6,21,14,1494
2013,6,21,15,1402
2013,6,21,16,1423
2013,6,21,17,1552
2013,6,21,18,1764
2013,6,21,19,2030
2013,6,21,20,2294
2013,6,21,21,2491
2013,6,21,22,2568
2013,6,21,23,2514
2013,6,22,0,2345
2013,6,22,1,2110
2013,6,22,2,1866
2013,6,22,3,1660
2013,6,22,4,1535
2013,6,22,5,1503
2013,6,22,6,1575
2013,6,22,7,1728
2013,6,22,8,1914
2013,6,22,9,2083
2013,6,22,10,2193
2013,6,22,11,2204
2013,6,22,12,2080
2013,6,22,13,1859
2013,6,22,14,1611
2013,6,22,15,1419
2013,6,22,16,1322
2013,6,22,17,1358
2013,6,22,18,1514
2013,6,22,19,1774
2013,6,22,20,2070
2013,6,22,21,2324
2013,6,22,22,2516
2013,6,22,23,2599
2013,6,23,0,2537
2013,6,23,1,2326
2013,6,23,2,2057
2013,6,23,3,1796
2013,6,23,4,1580
2013,6,23,5,1447
2013,6,23,6,1424
2013,6,23,7,1516
2013,6,23,8,1673
2013,6,23,9,1866
2013,6,23,10,2060
2013,6,23,11,2183
2013,6,23,12,2191
2013,6,23,13,2078
2013,6,23,14,1853
2013,6,23,15,1589
2013,6,23,16,1380
2013,6,23,17,1293
2013,6,23,18,1352
2013,6,23,19,1529
2013,6,23,20,1784
2013,6,23,21,2075
2013,6,23,22,2348
2013,6,23,23,2550
2013,6,24,0,2630
2013,6,24,1,2552
2013,6,24,2,2341
2013,6,24,3,2048
2013,6,24,4,1756
2013,6,24,5,1515
2013,6,24,6,1394
2013,6,24,7,1396
2013,6,24,8,1504
2013,6,24,9,1695
2013,6,24,10,1931
2013,6,24,11,2148
2013,6,24,12,2274
2013,6,24,13,2248
2013,6,24,14,2061
2013,6,24,15,1798
2013,6,24,16,1535
2013,6,24,17,1333
2013,6,24,18,1266
2013,6,24,19,1364
2013,6,24,20,1592
2013,6,24,21,1906
2013,6,24,22,2208
2013,6,24,23,2472
2013,6,25,0,2631
2013,6,25,1,2661
2013,6,25,2,2559
2013,6,25,3,2324
2013,6,25,4,2028
2013,6,25,5,1721
2013,6,25,6,1482
2013,6,25,7,1365
2013,6,25,8,1404
2013,6,25,9,1566
2013,6,25,10,1799
2013,6,25,11,2034
2013,6,25,12,2225
2013,6,25,13,2306
2013,6,25,14,2241
2013,6,25,15,2036
2013,6,25,16,1760
2013,6,25,17,1491
2013,6,25,18,1313
2013,6,25,19,1285
2013,6,25,20,1409
2013,6,25,21,1661
2013,6,25,22,1945
2013,6,25,23,2221
2013,6,26,0,2461
2013,6,26,1,2619
2013,6,26,2,2642
2013,6,26,3,2505
2013,6,26,4,2234
2013,6,26,5,1912
2013,6,26,6,1609
2013,6,26,7,1392
2013,6,26,8,1315
2013,6,26,9,1389
2013,6,26,10,1584
2013,6,26,11,1827
2013,6,26,12,2036
2013,6,26,13,2176
2013,6,26,14,2240
2013,6,26,15,2194
2013,6,26,16,2002
2013,6,26,17,1727
2013,6,26,18,1481
2013,6,26,19,1334
2013,6,26,20,1337
2013,6,26,21,1479
2013,6,26,22,1702
2013,6,26,23,1955
2013,6,27,0,2222
2013,6,27,1,2440
2013,6,27,2,2550
2013,6,27,3,2533
2013,6,27,4,2395
2013,6,27,5,2140
2013,6,27,6,1824
2013,6,27,7,1552
2013,6,27,8,1388
2013,6,27,9,1362
2013,6,27,10,1472
2013,6,27,11,1679
2013,6,27,12,1907
2013,6,27,13,2106
2013,6,27,14,2243
2013,6,27,15,2269
2013,6,27,16,2169
2013,6,27,17,1974
2013,6,27,18,1749
2013,6,27,19,1546
2013,6,27,20,1430
2013,6,27,21,1432
2013,6,27,22,1539
2013,6,27,23,1727
2013,6,28,0,1947
2013,6,28,1,2203
2013,6,28,2,2376
2013,6,28,3,2463
2013,6,28,4,2426
2013,6,28,5,2272
2013,6,28,6,2038
2013,6,28,7,1774
2013,6,28,8,1536
2013,6,28,9,1421
2013,6,28,10,1447
2013,6,28,11,1582
2013,6,28,12,1787
2013,6,28,13,1983
2013,6,28,14,2152
2013,6,28,15,2270
2013,6,28,16,2291
2013,6,28,17,2201
2013,6,28,18,2015
2013,6,28,19,1795
2013,6,28,20,1604
2013,6,28,21,1512
2013,6,28,22,1530
2013,6,28,23,1632
2013,6,29,0,1791
2013,6,29,1,1966
2013,6,29,2,2142
2013,6,29,3,2288
2013,6,29,4,2350
2013,6,29,5,2279
2013,6,29,6,2099
2013,6,29,7,1870
2013,6,29,8,1664
2013,6,29,9,1530
2013,6,29,10,1501
2013,6,29,11,1543
2013,6,29,12,1655
2013,6,29,13,1814
2013,6,29,14,1979
2013,6,29,15,2136
2013,6,29,16,2241
2013,6,29,17,2243
2013,6,29,18,2140
2013,6,29,19,1972
2013,6,29,20,1797
2013,6,29,21,1660
2013,6,29,22,1589
2013,6,29,23,1598
2013,6,30,0,1664
2013,6,30,1,1785
2013,6,30,2,1941
2013,6,30,3,2076
2013,6,30,4,2167
2013,6,30,5,2190
2013,6,30,6,2135
2013,6,30,7,1984
2013,6,30,8,1801
2013,6,30,9,1637
2013,6,30,10,1543
2013,6,30,11,1537
2013,6,30,12,1600
2013,6,30,13,1713
2013,6,30,14,1832
2013,6,30,15,1967
2013,6,30,16,2094
2013,6,30,17,2199
2013,6,30,18,2229
2013,6,30,19,2154
2013,6,30,20,1998
2013,6,30,21,1834
2013,6,30,22,1716
2013,6,30,23,1672
2013,7,1,0,1690
2013,7,1,1,1738
2013,7,1,2,1801
2013,7,1,3,1877
2013,7,1,4,1969
2013,7,1,5,2049
2013,7,1,6,2071
2013,7,1,7,2010
2013,7,1,8,1891
2013,7,1,9,1753
2013,7,1,10,1649
2013,7,1,11,1601
2013,7,1,12,1594
2013,7,1,13,1642
2013,7,1,14,1730
2013,7,1,15,1837
2013,7,1,16,1947
2013,7,1,17,2035
2013,7,1,18,2156
2013,7,1,19,2188
2013,7,1,20,2133
2013,7,1,21,2012
2013,7,1,22,1862
2013,7,1,23,1747
2013,7,2,0,1687
2013,7,2,1,1680
2013,7,2,2,1712
2013,7,2,3,1757
2013,7,2,4,1812
2013,7,2,5,1868
2013,7,2,6,1920
2013,7,2,7,1959
2013,7,2,8,1919
2013,7,2,9,1831
2013,7,2,10,1704
2013,7,2,11,1617
2013,7,2,12,1570
2013,7,2,13,1586
2013,7,2,14,1644
2013,7,2,15,1723
2013,7,2,16,1827
2013,7,2,17,1944
2013,7,2,18,2066
2013,7,2,19,2158
2013,7,2,20,2186
2013,7,2,21,2139
2013,7,2,22,2024
2013,7,2,23,1892
2013,7,3,0,1772
2013,7,3,1,1686
2013,7,3,2,1652
2013,7,3,3,1661
2013,7,3,4,1698
2013,7,3,5,1756
2013,7,3,6,1825
2013,7,3,7,1880
2013,7,3,8,1898
2013,7,3,9,1871
2013,7,3,10,1806
2013,7,3,11,1722
2013,7,3,12,1644
2013,7,3,13,1587
2013,7,3,14,1559
2013,7,3,15,1602
2013,7,3,16,1700
2013,7,3,17,1812
2013,7,3,18,1942
2013,7,3,19,2075
2013,7,3,20,2178
2013,7,3,21,2219
2013,7,3,22,2163
2013,7,3,23,2029
2013,7,4,0,1862
2013,7,4,1,1713
2013,7,4,2,1622
2013,7,4,3,1577
2013,7,4,4,1583
2013,7,4,5,1614
2013,7,4,6,1664
2013,7,4,7,1743
2013,7,4,8,1838
2013,7,4,9,1894
2013,7,4,10,1894
2013,7,4,11,1811
2013,7,4,12,1682
2013,7,4,13,1569
2013,7,4,14,1507
2013,7,4,15,1525
2013,7,4,16,1582
2013,7,4,17,1675
2013,7,4,18,1806
2013,7,4,19,1967
2013,7,4,20,2129
2013,7,4,21,2243
2013,7,4,22,2261
2013,7,4,23,2176
2013,7,5,0,2027
2013,7,5,1,1853
2013,7,5,2,1702
2013,7,5,3,1603
2013,7,5,4,1559
2013,7,5,5,1558
2013,7,5,6,1611
2013,7,5,7,1699
2013,7,5,8,1808
2013,7,5,9,1911
2013,7,5,10,1965
2013,7,5,11,1944
2013,7,5,12,1834
2013,7,5,13,1685
2013,7,5,14,1559
2013,7,5,15,1495
2013,7,5,16,1513
2013,7,5,17,1586
2013,7,5,18,1711
2013,7,5,19,1868
2013,7,5,20,2040
2013,7,5,21,2196
2013,7,5,22,2282
2013,7,5,23,2283
2013,7,6,0,2179
2013,7,6,1,2002
2013,7,6,2,1809
2013,7,6,3,1641
2013,7,6,4,1544
2013,7,6,5,1514
2013,7,6,6,1544
2013,7,6,7,1614
2013,7,6,8,1721
2013,7,6,9,1855
2013,7,6,10,1964
2013,7,6,11,2000
2013,7,6,12,1938
2013,7,6,13,1809
2013,7,6,14,1653
2013,7,6,15,1528
2013,7,6,16,1481
2013,7,6,17,1514
2013,7,6,18,1612
2013,7,6,19,1771
2013,7,6,20,1962
2013,7,6,21,2138
2013,7,6,22,2261
2013,7,6,23,2330
2013,7,7,0,2304
2013,7,7,1,2176
2013,7,7,2,1981
2013,7,7,3,1772
2013,7,7,4,1606
2013,7,7,5,1519
2013,7,7,6,1522
2013,7,7,7,1586
2013,7,7,8,1691
2013,7,7,9,1826
2013,7,7,10,1950
2013,7,7,11,2039
2013,7,7,12,2042
2013,7,7,13,1950
2013,7,7,14,1789
2013,7,7,15,1612
2013,7,7,16,1484
2013,7,7,17,1447
2013,7,7,18,1516
2013,7,7,19,1670
2013,7,7,20,1857
2013,7,7,21,2053
2013,7,7,22,2220
2013,7,7,23,2336
2013,7,8,0,2366
2013,7,8,1,2288
2013,7,8,2,2115
2013,7,8,3,1877
2013,7,8,4,1656
2013,7,8,5,1511
2013,7,8,6,1468
2013,7,8,7,1501
2013,7,8,8,1590
2013,7,8,9,1732
2013,7,8,10,1890
2013,7,8,11,2030
2013,7,8,12,2095
2013,7,8,13,2048
2013,7,8,14,1898
2013,7,8,15,1694
2013,7,8,16,1526
2013,7,8,17,1437
2013,7,8,18,1433
2013,7,8,19,1537
2013,7,8,20,1716
2013,7,8,21,1936
2013,7,8,22,2144
2013,7,8,23,2300
2013,7,9,0,2364
2013,7,9,1,2330
2013,7,9,2,2203
2013,7,9,3,1987
2013,7,9,4,1743
2013,7,9,5,1549
2013,7,9,6,1436
2013,7,9,7,1431
2013,7,9,8,1517
2013,7,9,9,1663
2013,7,9,10,1827
2013,7,9,11,1979
2013,7,9,12,2080
2013,7,9,13,2097
2013,7,9,14,2016
2013,7,9,15,1846
2013,7,9,16,1642
2013,7,9,17,1480
2013,7,9,18,1419
2013,7,9,19,1473
2013,7,9,20,1622
2013,7,9,21,1830
2013,7,9,22,2043
2013,7,9,23,2232
2013,7,10,0,2346
2013,7,10,1,2360
2013,7,10,2,2289
2013,7,10,3,2120
2013,7,10,4,1896
2013,7,10,5,1660
2013,7,10,6,1480
2013,7,10,7,1412
2013,7,10,8,1459
2013,7,10,9,1594
2013,7,10,10,1764
2013,7,10,11,1926
2013,7,10,12,2050
2013,7,10,13,2102
2013,7,10,14,2076
2013,7,10,15,1956
2013,7,10,16,1764
2013,7,10,17,1563
2013,7,10,18,1431
2013,7,10,19,1420
2013,7,10,20,1524
2013,7,10,21,1724
2013,7,10,22,1950
2013,7,10,23,2160
2013,7,11,0,2312
2013,7,11,1,2374
2013,7,11,2,2361
2013,7,11,3,2249
2013,7,11,4,2051
2013,7,11,5,1792
2013,7,11,6,1549
2013,7,11,7,1417
2013,7,11,8,1417
2013,7,11,9,1538
2013,7,11,10,1724
2013,7,11,11,1902
2013,7,11,12,2046
2013,7,11,13,2143
2013,7,11,14,2171
2013,7,11,15,2088
2013,7,11,16,1906
2013,7,11,17,1688
2013,7,11,18,1502
2013,7,11,19,1416
2013,7,11,20,1460
2013,7,11,21,1608
2013,7,11,22,1825
2013,7,11,23,2051
2013,7,12,0,2228
2013,7,12,1,2330
2013,7,12,2,2365
2013,7,12,3,2319
2013,7,12,4,2167
2013,7,12,5,1919
2013,7,12,6,1656
2013,7,12,7,1474
2013,7,12,8,1425
2013,7,12,9,1492
2013,7,12,10,1629
2013,7,12,11,1798
2013,7,12,12,1974
2013,7,12,13,2113
2013,7,12,14,2181
2013,7,12,15,2175
2013,7,12,16,2067
2013,7,12,17,1868
2013,7,12,18,1641
2013,7,12,19,1482
2013,7,12,20,1446
2013,7,12,21,1529
2013,7,12,22,1712
2013,7,12,23,1929
2013,7,13,0,2107
2013,7,13,1,2246
2013,7,13,2,2330
2013,7,13,3,2320
2013,7,13,4,2201
2013,7,13,5,1996
2013,7,13,6,1751
2013,7,13,7,1538
2013,7,13,8,1417
2013,7,13,9,1420
2013,7,13,10,1522
2013,7,13,11,1685
2013,7,13,12,1868
2013,7,13,13,2029
2013,7,13,14,2138
2013,7,13,15,2169
2013,7,13,16,2118
2013,7,13,17,1979
2013,7,13,18,1790
2013,7,13,19,1602
2013,7,13,20,1487
2013,7,13,21,1487
2013,7,13,22,1593
2013,7,13,23,1774
2013,7,14,0,1960
2013,7,14,1,2106
2013,7,14,2,2200
2013,7,14,3,2240
2013,7,14,4,2210
2013,7,14,5,2078
2013,7,14,6,1861
2013,7,14,7,1617
2013,7,14,8,1427
2013,7,14,9,1374
2013,7,14,10,1445
2013,7,14,11,1575
2013,7,14,12,1732
2013,7,14,13,1891
2013,7,14,14,2032
2013,7,14,15,2141
2013,7,14,16,2160
2013,7,14,17,2080
2013,7,14,18,1911
2013,7,14,19,1713
2013,7,14,20,1566
2013,7,14,21,1493
2013,7,14,22,1525
2013,7,14,23,1650
2013,7,15,0,1813
2013,7,15,1,1955
2013,7,15,2,2048
2013,7,15,3,2114
2013,7,15,4,2128
2013,7,15,5,2080
2013,7,15,6,1946
2013,7,15,7,1741
2013,7,15,8,1551
2013,7,15,9,1446
2013,7,15,10,1443
2013,7,15,11,1527
2013,7,15,12,1646
2013,7,15,13,1783
2013,7,15,14,1904
2013,7,15,15,2026
2013,7,15,16,2121
2013,7,15,17,2147
2013,7,15,18,2077
2013,7,15,19,1926
2013,7,15,20,1755
2013,7,15,21,1629
2013,7,15,22,1565
2013,7,15,23,1583
2013,7,16,0,1685
2013,7,16,1,1822
2013,7,16,2,1950
2013,7,16,3,2038
2013,7,16,4,2082
2013,7,16,5,2072
2013,7,16,6,2001
2013,7,16,7,1860
2013,7,16,8,1681
2013,7,16,9,1544
2013,7,16,10,1501
2013,7,16,11,1544
2013,7,16,12,1632
2013,7,16,13,1732
2013,7,16,14,1845
2013,7,16,15,1971
2013,7,16,16,2102
2013,7,16,17,2194
2013,7,16,18,2206
2013,7,16,19,2118
2013,7,16,20,1965
2013,7,16,21,1809
2013,7,16,22,1698
2013,7,16,23,1635
2013,7,17,0,1628
2013,7,17,1,1690
2013,7,17,2,1806
2013,7,17,3,1918
2013,7,17,4,1989
2013,7,17,5,2017
2013,7,17,6,2006
2013,7,17,7,1953
2013,7,17,8,1832
2013,7,17,9,1657
2013,7,17,10,1518
2013,7,17,11,1468
2013,7,17,12,1504
2013,7,17,13,1602
2013,7,17,14,1709
2013,7,17,15,1836
2013,7,17,16,1960
2013,7,17,17,2090
2013,7,17,18,2204
2013,7,17,19,2224
2013,7,17,20,2148
2013,7,17,21,1989
2013,7,17,22,1816
2013,7,17,23,1679
2013,7,18,0,1602
2013,7,18,1,1588
2013,7,18,2,1633
2013,7,18,3,1721
2013,7,18,4,1806
2013,7,18,5,1883
2013,7,18,6,1941
2013,7,18,7,1957
2013,7,18,8,1896
2013,7,18,9,1761
2013,7,18,10,1610
2013,7,18,11,1505
2013,7,18,12,1463
2013,7,18,13,1482
2013,7,18,14,1564
2013,7,18,15,1676
2013,7,18,16,1812
2013,7,18,17,1964
2013,7,18,18,2119
2013,7,18,19,2250
2013,7,18,20,2289
2013,7,18,21,2221
2013,7,18,22,2070
2013,7,18,23,1894
2013,7,19,0,1737
2013,7,19,1,1626
2013,7,19,2,1586
2013,7,19,3,1605
2013,7,19,4,1667
2013,7,19,5,1734
2013,7,19,6,1829
2013,7,19,7,1914
2013,7,19,8,1957
2013,7,19,9,1932
2013,7,19,10,1839
2013,7,19,11,1704
2013,7,19,12,1574
2013,7,19,13,1482
2013,7,19,14,1454
2013,7,19,15,1507
2013,7,19,16,1623
2013,7,19,17,1795
2013,7,19,18,1987
2013,7,19,19,2193
2013,7,19,20,2347
2013,7,19,21,2397
2013,7,19,22,2319
2013,7,19,23,2157
2013,7,20,0,1957
2013,7,20,1,1769
2013,7,20,2,1639
2013,7,20,3,1568
2013,7,20,4,1572
2013,7,20,5,1620
2013,7,20,6,1725
2013,7,20,7,1854
2013,7,20,8,1970
2013,7,20,9,2044
2013,7,20,10,2030
2013,7,20,11,1931
2013,7,20,12,1767
2013,7,20,13,1599
2013,7,20,14,1471
2013,7,20,15,1446
2013,7,20,16,1495
2013,7,20,17,1626
2013,7,20,18,1820
2013,7,20,19,2057
2013,7,20,20,2290
2013,7,20,21,2456
2013,7,20,22,2502
2013,7,20,23,2407
2013,7,21,0,2199
2013,7,21,1,1955
2013,7,21,2,1731
2013,7,21,3,1580
2013,7,21,4,1494
2013,7,21,5,1472
2013,7,21,6,1528
2013,7,21,7,1653
2013,7,21,8,1833
2013,7,21,9,2007
2013,7,21,10,2118
2013,7,21,11,2111
2013,7,21,12,1991
2013,7,21,13,1765
2013,7,21,14,1569
2013,7,21,15,1417
2013,7,21,16,1376
2013,7,21,17,1438
2013,7,21,18,1585
2013,7,21,19,1834
2013,7,21,20,2073
2013,7,21,21,2335
2013,7,21,22,2518
2013,7,21,23,2568
2013,7,22,0,2452
2013,7,22,1,2198
2013,7,22,2,1922
2013,7,22,3,1651
2013,7,22,4,1469
2013,7,22,5,1383
2013,7,22,6,1378
2013,7,22,7,1465
2013,7,22,8,1642
2013,7,22,9,1864
2013,7,22,10,2054
2013,7,22,11,2168
2013,7,22,12,2138
2013,7,22,13,1976
2013,7,22,14,1739
2013,7,22,15,1507
2013,7,22,16,1336
2013,7,22,17,1276
2013,7,22,18,1358
2013,7,22,19,1558
2013,7,22,20,1833
2013,7,22,21,2121
2013,7,22,22,2383
2013,7,22,23,2552
2013,7,23,0,2570
2013,7,23,1,2440
2013,7,23,2,2190
2013,7,23,3,1889
2013,7,23,4,1575
2013,7,23,5,1401
2013,7,23,6,1320
2013,7,23,7,1370
2013,7,23,8,1522
2013,7,23,9,1739
2013,7,23,10,1983
2013,7,23,11,2191
2013,7,23,12,2278
2013,7,23,13,2209
2013,7,23,14,2006
2013,7,23,15,1735
2013,7,23,16,1472
2013,7,23,17,1297
2013,7,23,18,1263
2013,7,23,19,1359
2013,7,23,20,1582
2013,7,23,21,1884
2013,7,23,22,2188
2013,7,23,23,2440
2013,7,24,0,2578
2013,7,24,1,2577
2013,7,24,2,2420
2013,7,24,3,2138
2013,7,24,4,1795
2013,7,24,5,1490
2013,7,24,6,1315
2013,7,24,7,1280
2013,7,24,8,1375
2013,7,24,9,1558
2013,7,24,10,1800
2013,7,24,11,2053
2013,7,24,12,2245
2013,7,24,13,2316
2013,7,24,14,2227
2013,7,24,15,2002
2013,7,24,16,1712
2013,7,24,17,1450
2013,7,24,18,1303
2013,7,24,19,1289
2013,7,24,20,1397
2013,7,24,21,1614
2013,7,24,22,1907
2013,7,24,23,2201
2013,7,25,0,2428
2013,7,25,1,2521
2013,7,25,2,2476
2013,7,25,3,2292
2013,7,25,4,2003
2013,7,25,5,1669
2013,7,25,6,1382
2013,7,25,7,1246
2013,7,25,8,1268
2013,7,25,9,1401
2013,7,25,10,1630
2013,7,25,11,1899
2013,7,25,12,2105
2013,7,25,13,2308
2013,7,25,14,2364
2013,7,25,15,2251
2013,7,25,16,1982
2013,7,25,17,1670
2013,7,25,18,1418
2013,7,25,19,1291
2013,7,25,20,1313
2013,7,25,21,1434
2013,7,25,22,1664
2013,7,25,23,1925
2013,7,26,0,2152
2013,7,26,1,2346
2013,7,26,2,2434
2013,7,26,3,2381
2013,7,26,4,2174
2013,7,26,5,1858
2013,7,26,6,1525
2013,7,26,7,1286
2013,7,26,8,1209
2013,7,26,9,1310
2013,7,26,10,1513
2013,7,26,11,1754
2013,7,26,12,1969
2013,7,26,13,2160
2013,7,26,14,2299
2013,7,26,15,2329
2013,7,26,16,2191
2013,7,26,17,1934
2013,7,26,18,1663
2013,7,26,19,1454
2013,7,26,20,1350
2013,7,26,21,1371
2013,7,26,22,1501
2013,7,26,23,1721
2013,7,27,0,1958
2013,7,27,1,2145
2013,7,27,2,2256
2013,7,27,3,2272
2013,7,27,4,2189
2013,7,27,5,2006
2013,7,27,6,1738
2013,7,27,7,1457
2013,7,27,8,1300
2013,7,27,9,1300
2013,7,27,10,1425
2013,7,27,11,1626
2013,7,27,12,1831
2013,7,27,13,2023
2013,7,27,14,2187
2013,7,27,15,2292
2013,7,27,16,2288
2013,7,27,17,2152
2013,7,27,18,1917
2013,7,27,19,1674
2013,7,27,20,1516
2013,7,27,21,1455
2013,7,27,22,1508
2013,7,27,23,1631
2013,7,28,0,1808
2013,7,28,1,1965
2013,7,28,2,2126
2013,7,28,3,2213
2013,7,28,4,2193
2013,7,28,5,2073
2013,7,28,6,1879
2013,7,28,7,1644
2013,7,28,8,1434
2013,7,28,9,1340
2013,7,28,10,1392
2013,7,28,11,1555
2013,7,28,12,1757
2013,7,28,13,1928
2013,7,28,14,2054
2013,7,28,15,2147
2013,7,28,16,2189
2013,7,28,17,2154
2013,7,28,18,2027
2013,7,28,19,1834
2013,7,28,20,1647
2013,7,28,21,1528
2013,7,28,22,1506
2013,7,28,23,1570
2013,7,29,0,1662
2013,7,29,1,1769
2013,7,29,2,1894
2013,7,29,3,1982
2013,7,29,4,2023
2013,7,29,5,1980
2013,7,29,6,1842
2013,7,29,7,1653
2013,7,29,8,1476
2013,7,29,9,1379
2013,7,29,10,1368
2013,7,29,11,1444
2013,7,29,12,1598
2013,7,29,13,1767
2013,7,29,14,1919
2013,7,29,15,2042
2013,7,29,16,2122
2013,7,29,17,2147
2013,7,29,18,2097
2013,7,29,19,1966
2013,7,29,20,1806
2013,7,29,21,1665
2013,7,29,22,1587
2013,7,29,23,1586
2013,7,30,0,1641
2013,7,30,1,1735
2013,7,30,2,1805
2013,7,30,3,1870
2013,7,30,4,1931
2013,7,30,5,1958
2013,7,30,6,1911
2013,7,30,7,1788
2013,7,30,8,1626
2013,7,30,9,1500
2013,7,30,10,1458
2013,7,30,11,1491
2013,7,30,12,1569
2013,7,30,13,1656
2013,7,30,14,1780
2013,7,30,15,1913
2013,7,30,16,2001
2013,7,30,17,2077
2013,7,30,18,2107
2013,7,30,19,2053
2013,7,30,20,1937
2013,7,30,21,1819
2013,7,30,22,1722
2013,7,30,23,1672
2013,7,31,0,1670
2013,7,31,1,1694
2013,7,31,2,1736
2013,7,31,3,1773
2013,7,31,4,1809
2013,7,31,5,1844
2013,7,31,6,1870
2013,7,31,7,1841
2013,7,31,8,1732
2013,7,31,9,1600
2013,7,31,10,1525
2013,7,31,11,1513
2013,7,31,12,1567
2013,7,31,13,1619
2013,7,31,14,1680
2013,7,31,15,1757
2013,7,31,16,1846
2013,7,31,17,1952
2013,7,31,18,2056
2013,7,31,19,2108
2013,7,31,20,2075
2013,7,31,21,1981
2013,7,31,22,1871
2013,7,31,23,1769
2013,8,1,0,1706
2013,8,1,1,1671
2013,8,1,2,1676
2013,8,1,3,1687
2013,8,1,4,1710
2013,8,1,5,1747
2013,8,1,6,1784
2013,8,1,7,1812
2013,8,1,8,1781
2013,8,1,9,1702
2013,8,1,10,1620
2013,8,1,11,1573
2013,8,1,12,1561
2013,8,1,13,1579
2013,8,1,14,1601
2013,8,1,15,1651
2013,8,1,16,1715
2013,8,1,17,1826
2013,8,1,18,1955
2013,8,1,19,2058
2013,8,1,20,2123
2013,8,1,21,2099
2013,8,1,22,1999
2013,8,1,23,1878
2013,8,2,0,1783
2013,8,2,1,1704
2013,8,2,2,1648
2013,8,2,3,1614
2013,8,2,4,1604
2013,8,2,5,1640
2013,8,2,6,1701
2013,8,2,7,1769
2013,8,2,8,1823
2013,8,2,9,1844
2013,8,2,10,1800
2013,8,2,11,1720
2013,8,2,12,1632
2013,8,2,13,1567
2013,8,2,14,1543
2013,8,2,15,1563
2013,8,2,16,1624
2013,8,2,17,1729
2013,8,2,18,1855
2013,8,2,19,1988
2013,8,2,20,2111
2013,8,2,21,2175
2013,8,2,22,2165
2013,8,2,23,2062
2013,8,3,0,1910
2013,8,3,1,1764
2013,8,3,2,1657
2013,8,3,3,1609
2013,8,3,4,1596
2013,8,3,5,1612
2013,8,3,6,1652
2013,8,3,7,1717
2013,8,3,8,1807
2013,8,3,9,1898
2013,8,3,10,1926
2013,8,3,11,1868
2013,8,3,12,1764
2013,8,3,13,1654
2013,8,3,14,1568
2013,8,3,15,1530
2013,8,3,16,1553
2013,8,3,17,1615
2013,8,3,18,1755
2013,8,3,19,1894
2013,8,3,20,2052
2013,8,3,21,2176
2013,8,3,22,2237
2013,8,3,23,2194
2013,8,4,0,2062
2013,8,4,1,1889
2013,8,4,2,1724
2013,8,4,3,1605
2013,8,4,4,1540
2013,8,4,5,1525
2013,8,4,6,1555
2013,8,4,7,1628
2013,8,4,8,1737
2013,8,4,9,1853
2013,8,4,10,1933
2013,8,4,11,1959
2013,8,4,12,1890
2013,8,4,13,1757
2013,8,4,14,1600
2013,8,4,15,1482
2013,8,4,16,1452
2013,8,4,17,1503
2013,8,4,18,1639
2013,8,4,19,1801
2013,8,4,20,1964
2013,8,4,21,2124
2013,8,4,22,2229
2013,8,4,23,2254
2013,8,5,0,2170
2013,8,5,1,2010
2013,8,5,2,1815
2013,8,5,3,1625
2013,8,5,4,1511
2013,8,5,5,1472
2013,8,5,6,1500
2013,8,5,7,1574
2013,8,5,8,1701
2013,8,5,9,1850
2013,8,5,10,1981
2013,8,5,11,2056
2013,8,5,12,2021
2013,8,5,13,1885
2013,8,5,14,1694
2013,8,5,15,1535
2013,8,5,16,1449
2013,8,5,17,1458
2013,8,5,18,1568
2013,8,5,19,1728
2013,8,5,20,1914
2013,8,5,21,2101
2013,8,5,22,2257
2013,8,5,23,2355
2013,8,6,0,2343
2013,8,6,1,2213
2013,8,6,2,1995
2013,8,6,3,1749
2013,8,6,4,1561
2013,8,6,5,1466
2013,8,6,6,1457
2013,8,6,7,1522
2013,8,6,8,1643
2013,8,6,9,1821
2013,8,6,10,1973
2013,8,6,11,2103
2013,8,6,12,2132
2013,8,6,13,2038
2013,8,6,14,1852
2013,8,6,15,1655
2013,8,6,16,1507
2013,8,6,17,1447
2013,8,6,18,1482
2013,8,6,19,1611
2013,8,6,20,1809
2013,8,6,21,2031
2013,8,6,22,2228
2013,8,6,23,2354
2013,8,7,0,2401
2013,8,7,1,2333
2013,8,7,2,2146
2013,8,7,3,1900
2013,8,7,4,1662
2013,8,7,5,1475
2013,8,7,6,1397
2013,8,7,7,1433
2013,8,7,8,1563
2013,8,7,9,1756
2013,8,7,10,1952
2013,8,7,11,2111
2013,8,7,12,2188
2013,8,7,13,2136
2013,8,7,14,1985
2013,8,7,15,1773
2013,8,7,16,1562
2013,8,7,17,1421
2013,8,7,18,1395
2013,8,7,19,1497
2013,8,7,20,1673
2013,8,7,21,1906
2013,8,7,22,2145
2013,8,7,23,2336
2013,8,8,0,2433
2013,8,8,1,2390
2013,8,8,2,2232
2013,8,8,3,2007
2013,8,8,4,1763
2013,8,8,5,1552
2013,8,8,6,1444
2013,8,8,7,1452
2013,8,8,8,1538
2013,8,8,9,1718
2013,8,8,10,1897
2013,8,8,11,2105
2013,8,8,12,2259
2013,8,8,13,2307
2013,8,8,14,2217
2013,8,8,15,2013
2013,8,8,16,1752
2013,8,8,17,1532
2013,8,8,18,1437
2013,8,8,19,1482
2013,8,8,20,1637
2013,8,8,21,1844
2013,8,8,22,2068
2013,8,8,23,2290
2013,8,9,0,2449
2013,8,9,1,2498
2013,8,9,2,2429
2013,8,9,3,2222
2013,8,9,4,1947
2013,8,9,5,1676
2013,8,9,6,1477
2013,8,9,7,1409
2013,8,9,8,1467
2013,8,9,9,1630
2013,8,9,10,1853
2013,8,9,11,2076
2013,8,9,12,2252
2013,8,9,13,2335
2013,8,9,14,2309
2013,8,9,15,2166
2013,8,9,16,1927
2013,8,9,17,1672
2013,8,9,18,1488
2013,8,9,19,1426
2013,8,9,20,1499
2013,8,9,21,1685
2013,8,9,22,1940
2013,8,9,23,2186
2013,8,10,0,2356
2013,8,10,1,2438
2013,8,10,2,2439
2013,8,10,3,2331
2013,8,10,4,2110
2013,8,10,5,1821
2013,8,10,6,1550
2013,8,10,7,1391
2013,8,10,8,1384
2013,8,10,9,1513
2013,8,10,10,1748
2013,8,10,11,1991
2013,8,10,12,2175
2013,8,10,13,2308
2013,8,10,14,2350
2013,8,10,15,2273
2013,8,10,16,2101
2013,8,10,17,1810
2013,8,10,18,1572
2013,8,10,19,1425
2013,8,10,20,1450
2013,8,10,21,1604
2013,8,10,22,1809
2013,8,10,23,2007
2013,8,11,0,2202
2013,8,11,1,2343
2013,8,11,2,2404
2013,8,11,3,2352
2013,8,11,4,2171
2013,8,11,5,1910
2013,8,11,6,1643
2013,8,11,7,1451
2013,8,11,8,1392
2013,8,11,9,1452
2013,8,11,10,1616
2013,8,11,11,1827
2013,8,11,12,2047
2013,8,11,13,2223
2013,8,11,14,2326
2013,8,11,15,2331
2013,8,11,16,2211
2013,8,11,17,2003
2013,8,11,18,1759
2013,8,11,19,1567
2013,8,11,20,1486
2013,8,11,21,1549
2013,8,11,22,1694
2013,8,11,23,1891
2013,8,12,0,2071
2013,8,12,1,2226
2013,8,12,2,2346
2013,8,12,3,2378
2013,8,12,4,2276
2013,8,12,5,2069
2013,8,12,6,1813
2013,8,12,7,1577
2013,8,12,8,1441
2013,8,12,9,1437
2013,8,12,10,1567
2013,8,12,11,1762
2013,8,12,12,1971
2013,8,12,13,2163
2013,8,12,14,2320
2013,8,12,15,2397
2013,8,12,16,2346
2013,8,12,17,2183
2013,8,12,18,1968
2013,8,12,19,1750
2013,8,12,20,1593
2013,8,12,21,1559
2013,8,12,22,1615
2013,8,12,23,1765
2013,8,13,0,1917
2013,8,13,1,2081
2013,8,13,2,2205
2013,8,13,3,2266
2013,8,13,4,2235
2013,8,13,5,2101
2013,8,13,6,1886
2013,8,13,7,1665
2013,8,13,8,1503
2013,8,13,9,1455
2013,8,13,10,1515
2013,8,13,11,1650
2013,8,13,12,1834
2013,8,13,13,2026
2013,8,13,14,2200
2013,8,13,15,2325
2013,8,13,16,2358
2013,8,13,17,2292
2013,8,13,18,2135
2013,8,13,19,1944
2013,8,13,20,1788
2013,8,13,21,1709
2013,8,13,22,1696
2013,8,13,23,1741
2013,8,14,0,1834
2013,8,14,1,1976
2013,8,14,2,2118
2013,8,14,3,2209
2013,8,14,4,2235
2013,8,14,5,2168
2013,8,14,6,2027
2013,8,14,7,1851
2013,8,14,8,1679
2013,8,14,9,1576
2013,8,14,10,1570
2013,8,14,11,1644
2013,8,14,12,1774
2013,8,14,13,1942
2013,8,14,14,2116
2013,8,14,15,2271
2013,8,14,16,2367
2013,8,14,17,2386
2013,8,14,18,2327
2013,8,14,19,2190
2013,8,14,20,2029
2013,8,14,21,1882
2013,8,14,22,1787
2013,8,14,23,1760
2013,8,15,0,1804
2013,8,15,1,1906
2013,8,15,2,2022
2013,8,15,3,2118
2013,8,15,4,2166
2013,8,15,5,2161
2013,8,15,6,2102
2013,8,15,7,1989
2013,8,15,8,1843
2013,8,15,9,1701
2013,8,15,10,1618
2013,8,15,11,1614
2013,8,15,12,1678
2013,8,15,13,1796
2013,8,15,14,1939
2013,8,15,15,2090
2013,8,15,16,2234
2013,8,15,17,2340
2013,8,15,18,2386
2013,8,15,19,2332
2013,8,15,20,2194
2013,8,15,21,2031
2013,8,15,22,1900
2013,8,15,23,1811
2013,8,16,0,1775
2013,8,16,1,1791
2013,8,16,2,1839
2013,8,16,3,1908
2013,8,16,4,1987
2013,8,16,5,2058
2013,8,16,6,2096
2013,8,16,7,2065
2013,8,16,8,1953
2013,8,16,9,1806
2013,8,16,10,1689
2013,8,16,11,1614
2013,8,16,12,1606
2013,8,16,13,1635
2013,8,16,14,1736
2013,8,16,15,1866
2013,8,16,16,2015
2013,8,16,17,2187
2013,8,16,18,2322
2013,8,16,19,2388
2013,8,16,20,2370
2013,8,16,21,2271
2013,8,16,22,2124
2013,8,16,23,1957
2013,8,17,0,1826
2013,8,17,1,1744
2013,8,17,2,1712
2013,8,17,3,1728
2013,8,17,4,1788
2013,8,17,5,1887
2013,8,17,6,1985
2013,8,17,7,2054
2013,8,17,8,2061
2013,8,17,9,1999
2013,8,17,10,1900
2013,8,17,11,1786
2013,8,17,12,1664
2013,8,17,13,1582
2013,8,17,14,1568
2013,8,17,15,1645
2013,8,17,16,1806
2013,8,17,17,2006
2013,8,17,18,2219
2013,8,17,19,2376
2013,8,17,20,2458
2013,8,17,21,2462
2013,8,17,22,2380
2013,8,17,23,2220
2013,8,18,0,2021
2013,8,18,1,1831
2013,8,18,2,1704
2013,8,18,3,1652
2013,8,18,4,1677
2013,8,18,5,1744
2013,8,18,6,1847
2013,8,18,7,1976
2013,8,18,8,2085
2013,8,18,9,2129
2013,8,18,10,2095
2013,8,18,11,1984
2013,8,18,12,1812
2013,8,18,13,1636
2013,8,18,14,1534
2013,8,18,15,1518
2013,8,18,16,1580
2013,8,18,17,1715
2013,8,18,18,1924
2013,8,18,19,2171
2013,8,18,20,2388
2013,8,18,21,2514
2013,8,18,22,2521
2013,8,18,23,2424
2013,8,19,0,2226
2013,8,19,1,1974
2013,8,19,2,1738
2013,8,19,3,1563
2013,8,19,4,1478
2013,8,19,5,1523
2013,8,19,6,1632
2013,8,19,7,1784
2013,8,19,8,1950
2013,8,19,9,2096
2013,8,19,10,2177
2013,8,19,11,2153
2013,8,19,12,2016
2013,8,19,13,1796
2013,8,19,14,1574
2013,8,19,15,1408
2013,8,19,16,1368
2013,8,19,17,1459
2013,8,19,18,1613
2013,8,19,19,1895
2013,8,19,20,2127
2013,8,19,21,2381
2013,8,19,22,2529
2013,8,19,23,2539
2013,8,20,0,2407
2013,8,20,1,2174
2013,8,20,2,1883
2013,8,20,3,1607
2013,8,20,4,1423
2013,8,20,5,1371
2013,8,20,6,1440
2013,8,20,7,1595
2013,8,20,8,1798
2013,8,20,9,2011
2013,8,20,10,2193
2013,8,20,11,2285
2013,8,20,12,2239
2013,8,20,13,2046
2013,8,20,14,1774
2013,8,20,15,1513
2013,8,20,16,1339
2013,8,20,17,1299
2013,8,20,18,1400
2013,8,20,19,1605
2013,8,20,20,1882
2013,8,20,21,2187
2013,8,20,22,2448
2013,8,20,23,2585
2013,8,21,0,2556
2013,8,21,1,2378
2013,8,21,2,2106
2013,8,21,3,1802
2013,8,21,4,1546
2013,8,21,5,1385
2013,8,21,6,1352
2013,8,21,7,1446
2013,8,21,8,1636
2013,8,21,9,1890
2013,8,21,10,2143
2013,8,21,11,2326
2013,8,21,12,2376
2013,8,21,13,2266
2013,8,21,14,2031
2013,8,21,15,1733
2013,8,21,16,1461
2013,8,21,17,1289
2013,8,21,18,1258
2013,8,21,19,1375
2013,8,21,20,1614
2013,8,21,21,1912
2013,8,21,22,2205
2013,8,21,23,2438
2013,8,22,0,2539
2013,8,22,1,2484
2013,8,22,2,2296
2013,8,22,3,1992
2013,8,22,4,1666
2013,8,22,5,1413
2013,8,22,6,1301
2013,8,22,7,1326
2013,8,22,8,1460
2013,8,22,9,1687
2013,8,22,10,1971
2013,8,22,11,2218
2013,8,22,12,2390
2013,8,22,13,2394
2013,8,22,14,2245
2013,8,22,15,1972
2013,8,22,16,1654
2013,8,22,17,1380
2013,8,22,18,1226
2013,8,22,19,1230
2013,8,22,20,1372
2013,8,22,21,1625
2013,8,22,22,1917
2013,8,22,23,2173
2013,8,23,0,2359
2013,8,23,1,2427
2013,8,23,2,2336
2013,8,23,3,2097
2013,8,23,4,1794
2013,8,23,5,1479
2013,8,23,6,1272
2013,8,23,7,1222
2013,8,23,8,1312
2013,8,23,9,1517
2013,8,23,10,1782
2013,8,23,11,2055
2013,8,23,12,2295
2013,8,23,13,2423
2013,8,23,14,2397
2013,8,23,15,2207
2013,8,23,16,1910
2013,8,23,17,1601
2013,8,23,18,1366
2013,8,23,19,1273
2013,8,23,20,1305
2013,8,23,21,1452
2013,8,23,22,1699
2013,8,23,23,1968
2013,8,24,0,2199
2013,8,24,1,2354
2013,8,24,2,2379
2013,8,24,3,2261
2013,8,24,4,2009
2013,8,24,5,1687
2013,8,24,6,1405
2013,8,24,7,1251
2013,8,24,8,1273
2013,8,24,9,1428
2013,8,24,10,1659
2013,8,24,11,1918
2013,8,24,12,2159
2013,8,24,13,2342
2013,8,24,14,2426
2013,8,24,15,2372
2013,8,24,16,2154
2013,8,24,17,1847
2013,8,24,18,1555
2013,8,24,19,1363
2013,8,24,20,1298
2013,8,24,21,1365
2013,8,24,22,1545
2013,8,24,23,1788
2013,8,25,0,2021
2013,8,25,1,2195
2013,8,25,2,2269
2013,8,25,3,2221
2013,8,25,4,2081
2013,8,25,5,1848
2013,8,25,6,1571
2013,8,25,7,1360
2013,8,25,8,1292
2013,8,25,9,1375
2013,8,25,10,1561
2013,8,25,11,1802
2013,8,25,12,2038
2013,8,25,13,2216
2013,8,25,14,2317
2013,8,25,15,2345
2013,8,25,16,2259
2013,8,25,17,2049
2013,8,25,18,1776
2013,8,25,19,1540
2013,8,25,20,1406
2013,8,25,21,1405
2013,8,25,22,1515
2013,8,25,23,1679
2013,8,26,0,1848
2013,8,26,1,1996
2013,8,26,2,2091
2013,8,26,3,2117
2013,8,26,4,2067
2013,8,26,5,1926
2013,8,26,6,1708
2013,8,26,7,1482
2013,8,26,8,1342
2013,8,26,9,1340
2013,8,26,10,1447
2013,8,26,11,1662
2013,8,26,12,1900
2013,8,26,13,2076
2013,8,26,14,2195
2013,8,26,15,2250
2013,8,26,16,2241
2013,8,26,17,2140
2013,8,26,18,1962
2013,8,26,19,1750
2013,8,26,20,1555
2013,8,26,21,1448
2013,8,26,22,1456
2013,8,26,23,1566
2013,8,27,0,1729
2013,8,27,1,1884
2013,8,27,2,1979
2013,8,27,3,2017
2013,8,27,4,2009
2013,8,27,5,1952
2013,8,27,6,1826
2013,8,27,7,1636
2013,8,27,8,1467
2013,8,27,9,1385
2013,8,27,10,1419
2013,8,27,11,1545
2013,8,27,12,1756
2013,8,27,13,1929
2013,8,27,14,2067
2013,8,27,15,2150
2013,8,27,16,2173
2013,8,27,17,2134
2013,8,27,18,2047
2013,8,27,19,1899
2013,8,27,20,1727
2013,8,27,21,1603
2013,8,27,22,1543
2013,8,27,23,1550
2013,8,28,0,1614
2013,8,28,1,1718
2013,8,28,2,1825
2013,8,28,3,1895
2013,8,28,4,1922
2013,8,28,5,1897
2013,8,28,6,1826
2013,8,28,7,1713
2013,8,28,8,1594
2013,8,28,9,1502
2013,8,28,10,1468
2013,8,28,11,1481
2013,8,28,12,1598
2013,8,28,13,1735
2013,8,28,14,1879
2013,8,28,15,1994
2013,8,28,16,2057
2013,8,28,17,2062
2013,8,28,18,2021
2013,8,28,19,1935
2013,8,28,20,1831
2013,8,28,21,1730
2013,8,28,22,1643
2013,8,28,23,1582
2013,8,29,0,1574
2013,8,29,1,1621
2013,8,29,2,1692
2013,8,29,3,1766
2013,8,29,4,1815
2013,8,29,5,1828
2013,8,29,6,1797
2013,8,29,7,1733
2013,8,29,8,1661
2013,8,29,9,1591
2013,8,29,10,1559
2013,8,29,11,1547
2013,8,29,12,1583
2013,8,29,13,1668
2013,8,29,14,1770
2013,8,29,15,1863
2013,8,29,16,1932
2013,8,29,17,1980
2013,8,29,18,2013
2013,8,29,19,2001
2013,8,29,20,1939
2013,8,29,21,1842
2013,8,29,22,1750
2013,8,29,23,1680
2013,8,30,0,1628
2013,8,30,1,1615
2013,8,30,2,1617
2013,8,30,3,1633
2013,8,30,4,1668
2013,8,30,5,1722
2013,8,30,6,1759
2013,8,30,7,1770
2013,8,30,8,1728
2013,8,30,9,1638
2013,8,30,10,1589
2013,8,30,11,1567
2013,8,30,12,1580
2013,8,30,13,1617
2013,8,30,14,1667
2013,8,30,15,1717
2013,8,30,16,1767
2013,8,30,17,1834
2013,8,30,18,1926
2013,8,30,19,1994
2013,8,30,20,2010
2013,8,30,21,1962
2013,8,30,22,1876
2013,8,30,23,1774
2013,8,31,0,1695
2013,8,31,1,1652
2013,8,31,2,1623
2013,8,31,3,1601
2013,8,31,4,1595
2013,8,31,5,1631
2013,8,31,6,1687
2013,8,31,7,1758
2013,8,31,8,1781
2013,8,31,9,1756
2013,8,31,10,1697
2013,8,31,11,1641
2013,8,31,12,1615
2013,8,31,13,1601
2013,8,31,14,1612
2013,8,31,15,1639
2013,8,31,16,1695
2013,8,31,17,1789
2013,8,31,18,1904
2013,8,31,19,2002
2013,8,31,20,2055
2013,8,31,21,2051
2013,8,31,22,2005
2013,8,31,23,1912
2013,9,1,0,1788
2013,9,1,1,1675
2013,9,1,2,1592
2013,9,1,3,1545
2013,9,1,4,1543
2013,9,1,5,1592
2013,9,1,6,1648
2013,9,1,7,1752
2013,9,1,8,1836
2013,9,1,9,1889
2013,9,1,10,1884
2013,9,1,11,1820
2013,9,1,12,1724
2013,9,1,13,1640
2013,9,1,14,1585
2013,9,1,15,1581
2013,9,1,16,1616
2013,9,1,17,1704
2013,9,1,18,1837
2013,9,1,19,1972
2013,9,1,20,2084
2013,9,1,21,2158
2013,9,1,22,2164
2013,9,1,23,2095
2013,9,2,0,1974
2013,9,2,1,1834
2013,9,2,2,1688
2013,9,2,3,1585
2013,9,2,4,1553
2013,9,2,5,1587
2013,9,2,6,1663
2013,9,2,7,1764
2013,9,2,8,1884
2013,9,2,9,1987
2013,9,2,10,2039
2013,9,2,11,2016
2013,9,2,12,1910
2013,9,2,13,1760
2013,9,2,14,1623
2013,9,2,15,1556
2013,9,2,16,1556
2013,9,2,17,1610
2013,9,2,18,1719
2013,9,2,19,1863
2013,9,2,20,2030
2013,9,2,21,2170
2013,9,2,22,2240
2013,9,2,23,2209
2013,9,3,0,2089
2013,9,3,1,1927
2013,9,3,2,1751
2013,9,3,3,1596
2013,9,3,4,1513
2013,9,3,5,1495
2013,9,3,6,1548
2013,9,3,7,1668
2013,9,3,8,1824
2013,9,3,9,1976
2013,9,3,10,2081
2013,9,3,11,2108
2013,9,3,12,2034
2013,9,3,13,1887
2013,9,3,14,1707
2013,9,3,15,1552
2013,9,3,16,1473
2013,9,3,17,1487
2013,9,3,18,1606
2013,9,3,19,1757
2013,9,3,20,1939
2013,9,3,21,2110
2013,9,3,22,2240
2013,9,3,23,2297
2013,9,4,0,2254
2013,9,4,1,2106
2013,9,4,2,1889
2013,9,4,3,1668
2013,9,4,4,1507
2013,9,4,5,1436
2013,9,4,6,1472
2013,9,4,7,1602
2013,9,4,8,1769
2013,9,4,9,1945
2013,9,4,10,2109
2013,9,4,11,2201
2013,9,4,12,2187
2013,9,4,13,2055
2013,9,4,14,1851
2013,9,4,15,1636
2013,9,4,16,1477
2013,9,4,17,1423
2013,9,4,18,1483
2013,9,4,19,1626
2013,9,4,20,1816
2013,9,4,21,2025
2013,9,4,22,2203
2013,9,4,23,2330
2013,9,5,0,2348
2013,9,5,1,2232
2013,9,5,2,2012
2013,9,5,3,1756
2013,9,5,4,1536
2013,9,5,5,1403
2013,9,5,6,1387
2013,9,5,7,1485
2013,9,5,8,1664
2013,9,5,9,1891
2013,9,5,10,2105
2013,9,5,11,2254
2013,9,5,12,2290
2013,9,5,13,2203
2013,9,5,14,2032
2013,9,5,15,1783
2013,9,5,16,1540
2013,9,5,17,1379
2013,9,5,18,1384
2013,9,5,19,1490
2013,9,5,20,1668
2013,9,5,21,1891
2013,9,5,22,2109
2013,9,5,23,2286
2013,9,6,0,2364
2013,9,6,1,2308
2013,9,6,2,2133
2013,9,6,3,1871
2013,9,6,4,1596
2013,9,6,5,1382
2013,9,6,6,1305
2013,9,6,7,1349
2013,9,6,8,1506
2013,9,6,9,1749
2013,9,6,10,2010
2013,9,6,11,2231
2013,9,6,12,2347
2013,9,6,13,2329
2013,9,6,14,2181
2013,9,6,15,1940
2013,9,6,16,1650
2013,9,6,17,1420
2013,9,6,18,1326
2013,9,6,19,1362
2013,9,6,20,1514
2013,9,6,21,1739
2013,9,6,22,1994
2013,9,6,23,2212
2013,9,7,0,2335
2013,9,7,1,2340
2013,9,7,2,2217
2013,9,7,3,2012
2013,9,7,4,1753
2013,9,7,5,1488
2013,9,7,6,1314
2013,9,7,7,1290
2013,9,7,8,1412
2013,9,7,9,1658
2013,9,7,10,1946
2013,9,7,11,2206
2013,9,7,12,2381
2013,9,7,13,2410
2013,9,7,14,2297
2013,9,7,15,2078
2013,9,7,16,1809
2013,9,7,17,1546
2013,9,7,18,1372
2013,9,7,19,1335
2013,9,7,20,1424
2013,9,7,21,1629
2013,9,7,22,1888
2013,9,7,23,2137
2013,9,8,0,2314
2013,9,8,1,2378
2013,9,8,2,2305
2013,9,8,3,2105
2013,9,8,4,1839
2013,9,8,5,1581
2013,9,8,6,1387
2013,9,8,7,1306
2013,9,8,8,1370
2013,9,8,9,1567
2013,9,8,10,1849
2013,9,8,11,2133
2013,9,8,12,2342
2013,9,8,13,2425
2013,9,8,14,2387
2013,9,8,15,2238
2013,9,8,16,2002
2013,9,8,17,1740
2013,9,8,18,1512
2013,9,8,19,1406
2013,9,8,20,1431
2013,9,8,21,1561
2013,9,8,22,1779
2013,9,8,23,2011
2013,9,9,0,2202
2013,9,9,1,2308
2013,9,9,2,2311
2013,9,9,3,2209
2013,9,9,4,1996
2013,9,9,5,1747
2013,9,9,6,1484
2013,9,9,7,1362
2013,9,9,8,1367
2013,9,9,9,1498
2013,9,9,10,1729
2013,9,9,11,2009
2013,9,9,12,2231
2013,9,9,13,2379
2013,9,9,14,2437
2013,9,9,15,2380
2013,9,9,16,2206
2013,9,9,17,1953
2013,9,9,18,1677
2013,9,9,19,1481
2013,9,9,20,1423
2013,9,9,21,1493
2013,9,9,22,1646
2013,9,9,23,1826
2013,9,10,0,2010
2013,9,10,1,2173
2013,9,10,2,2264
2013,9,10,3,2258
2013,9,10,4,2100
2013,9,10,5,1851
2013,9,10,6,1575
2013,9,10,7,1368
2013,9,10,8,1308
2013,9,10,9,1400
2013,9,10,10,1605
2013,9,10,11,1854
2013,9,10,12,2081
2013,9,10,13,2253
2013,9,10,14,2374
2013,9,10,15,2418
2013,9,10,16,2336
2013,9,10,17,2128
2013,9,10,18,1860
2013,9,10,19,1606
2013,9,10,20,1461
2013,9,10,21,1450
2013,9,10,22,1542
2013,9,10,23,1683
2013,9,11,0,1833
2013,9,11,1,1994
2013,9,11,2,2108
2013,9,11,3,2160
2013,9,11,4,2122
2013,9,11,5,1970
2013,9,11,6,1743
2013,9,11,7,1523
2013,9,11,8,1377
2013,9,11,9,1387
2013,9,11,10,1507
2013,9,11,11,1700
2013,9,11,12,1899
2013,9,11,13,2079
2013,9,11,14,2213
2013,9,11,15,2322
2013,9,11,16,2352
2013,9,11,17,2260
2013,9,11,18,2047
2013,9,11,19,1828
2013,9,11,20,1628
2013,9,11,21,1538
2013,9,11,22,1555
2013,9,11,23,1634
2013,9,12,0,1732
2013,9,12,1,1847
2013,9,12,2,1962
2013,9,12,3,2053
2013,9,12,4,2101
2013,9,12,5,2047
2013,9,12,6,1888
2013,9,12,7,1696
2013,9,12,8,1536
2013,9,12,9,1471
2013,9,12,10,1505
2013,9,12,11,1615
2013,9,12,12,1778
2013,9,12,13,1900
2013,9,12,14,2066
2013,9,12,15,2197
2013,9,12,16,2288
2013,9,12,17,2310
2013,9,12,18,2226
2013,9,12,19,2052
2013,9,12,20,1863
2013,9,12,21,1713
2013,9,12,22,1646
2013,9,12,23,1636
2013,9,13,0,1673
2013,9,13,1,1744
2013,9,13,2,1822
2013,9,13,3,1919
2013,9,13,4,2012
2013,9,13,5,2057
2013,9,13,6,2004
2013,9,13,7,1866
2013,9,13,8,1702
2013,9,13,9,1579
2013,9,13,10,1531
2013,9,13,11,1563
2013,9,13,12,1635
2013,9,13,13,1744
2013,9,13,14,1890
2013,9,13,15,2038
2013,9,13,16,2184
2013,9,13,17,2288
2013,9,13,18,2311
2013,9,13,19,2233
2013,9,13,20,2092
2013,9,13,21,1953
2013,9,13,22,1823
2013,9,13,23,1716
2013,9,14,0,1666
2013,9,14,1,1690
2013,9,14,2,1754
2013,9,14,3,1835
2013,9,14,4,1912
2013,9,14,5,1975
2013,9,14,6,2009
2013,9,14,7,1994
2013,9,14,8,1915
2013,9,14,9,1784
2013,9,14,10,1679
2013,9,14,11,1628
2013,9,14,12,1625
2013,9,14,13,1673
2013,9,14,14,1760
2013,9,14,15,1881
2013,9,14,16,2031
2013,9,14,17,2185
2013,9,14,18,2308
2013,9,14,19,2340
2013,9,14,20,2283
2013,9,14,21,2165
2013,9,14,22,2026
2013,9,14,23,1880
2013,9,15,0,1755
2013,9,15,1,1679
2013,9,15,2,1653
2013,9,15,3,1692
2013,9,15,4,1781
2013,9,15,5,1894
2013,9,15,6,1997
2013,9,15,7,2063
2013,9,15,8,2068
2013,9,15,9,2004
2013,9,15,10,1903
2013,9,15,11,1787
2013,9,15,12,1686
2013,9,15,13,1628
2013,9,15,14,1634
2013,9,15,15,1710
2013,9,15,16,1841
2013,9,15,17,2001
2013,9,15,18,2171
2013,9,15,19,2315
2013,9,15,20,2390
2013,9,15,21,2378
2013,9,15,22,2273
2013,9,15,23,2099
2013,9,16,0,1914
2013,9,16,1,1751
2013,9,16,2,1638
2013,9,16,3,1600
2013,9,16,4,1634
2013,9,16,5,1735
2013,9,16,6,1883
2013,9,16,7,2038
2013,9,16,8,2145
2013,9,16,9,2185
2013,9,16,10,2146
2013,9,16,11,2024
2013,9,16,12,1862
2013,9,16,13,1694
2013,9,16,14,1588
2013,9,16,15,1561
2013,9,16,16,1621
2013,9,16,17,1781
2013,9,16,18,1950
2013,9,16,19,2146
2013,9,16,20,2314
2013,9,16,21,2420
2013,9,16,22,2436
2013,9,16,23,2328
2013,9,17,0,2108
2013,9,17,1,1857
2013,9,17,2,1645
2013,9,17,3,1522
2013,9,17,4,1515
2013,9,17,5,1593
2013,9,17,6,1732
2013,9,17,7,1905
2013,9,17,8,2087
2013,9,17,9,2243
2013,9,17,10,2313
2013,9,17,11,2255
2013,9,17,12,2080
2013,9,17,13,1849
2013,9,17,14,1642
2013,9,17,15,1486
2013,9,17,16,1461
2013,9,17,17,1538
2013,9,17,18,1701
2013,9,17,19,1916
2013,9,17,20,2153
2013,9,17,21,2375
2013,9,17,22,2508
2013,9,17,23,2492
2013,9,18,0,2331
2013,9,18,1,2077
2013,9,18,2,1813
2013,9,18,3,1594
2013,9,18,4,1475
2013,9,18,5,1478
2013,9,18,6,1589
2013,9,18,7,1774
2013,9,18,8,2002
2013,9,18,9,2240
2013,9,18,10,2415
2013,9,18,11,2467
2013,9,18,12,2364
2013,9,18,13,2136
2013,9,18,14,1853
2013,9,18,15,1598
2013,9,18,16,1440
2013,9,18,17,1404
2013,9,18,18,1493
2013,9,18,19,1685
2013,9,18,20,1944
2013,9,18,21,2198
2013,9,18,22,2408
2013,9,18,23,2503
2013,9,19,0,2457
2013,9,19,1,2265
2013,9,19,2,1979
2013,9,19,3,1685
2013,9,19,4,1456
2013,9,19,5,1371
2013,9,19,6,1434
2013,9,19,7,1603
2013,9,19,8,1840
2013,9,19,9,2099
2013,9,19,10,2332
2013,9,19,11,2477
2013,9,19,12,2486
2013,9,19,13,2344
2013,9,19,14,2069
2013,9,19,15,1757
2013,9,19,16,1486
2013,9,19,17,1335
2013,9,19,18,1338
2013,9,19,19,1471
2013,9,19,20,1701
2013,9,19,21,1975
2013,9,19,22,2235
2013,9,19,23,2426
2013,9,20,0,2491
2013,9,20,1,2398
2013,9,20,2,2152
2013,9,20,3,1838
2013,9,20,4,1555
2013,9,20,5,1373
2013,9,20,6,1347
2013,9,20,7,1453
2013,9,20,8,1659
2013,9,20,9,1927
2013,9,20,10,2207
2013,9,20,11,2440
2013,9,20,12,2547
2013,9,20,13,2526
2013,9,20,14,2277
2013,9,20,15,1980
2013,9,20,16,1651
2013,9,20,17,1408
2013,9,20,18,1309
2013,9,20,19,1352
2013,9,20,20,1524
2013,9,20,21,1769
2013,9,20,22,2032
2013,9,20,23,2260
2013,9,21,0,2394
2013,9,21,1,2415
2013,9,21,2,2283
2013,9,21,3,2018
2013,9,21,4,1723
2013,9,21,5,1474
2013,9,21,6,1349
2013,9,21,7,1373
2013,9,21,8,1533
2013,9,21,9,1785
2013,9,21,10,2068
2013,9,21,11,2327
2013,9,21,12,2498
2013,9,21,13,2534
2013,9,21,14,2442
2013,9,21,15,2146
2013,9,21,16,1865
2013,9,21,17,1561
2013,9,21,18,1369
2013,9,21,19,1314
2013,9,21,20,1403
2013,9,21,21,1594
2013,9,21,22,1828
2013,9,21,23,2047
2013,9,22,0,2220
2013,9,22,1,2312
2013,9,22,2,2276
2013,9,22,3,2092
2013,9,22,4,1814
2013,9,22,5,1545
2013,9,22,6,1374
2013,9,22,7,1338
2013,9,22,8,1415
2013,9,22,9,1640
2013,9,22,10,1894
2013,9,22,11,2142
2013,9,22,12,2364
2013,9,22,13,2489
2013,9,22,14,2475
2013,9,22,15,2308
2013,9,22,16,2040
2013,9,22,17,1762
2013,9,22,18,1517
2013,9,22,19,1386
2013,9,22,20,1383
2013,9,22,21,1498
2013,9,22,22,1702
2013,9,22,23,1917
2013,9,23,0,2110
2013,9,23,1,2236
2013,9,23,2,2254
2013,9,23,3,2146
2013,9,23,4,1932
2013,9,23,5,1678
2013,9,23,6,1466
2013,9,23,7,1377
2013,9,23,8,1419
2013,9,23,9,1552
2013,9,23,10,1767
2013,9,23,11,2014
2013,9,23,12,2238
2013,9,23,13,2386
2013,9,23,14,2435
2013,9,23,15,2371
2013,9,23,16,2171
2013,9,23,17,1900
2013,9,23,18,1628
2013,9,23,19,1457
2013,9,23,20,1402
2013,9,23,21,1466
2013,9,23,22,1632
2013,9,23,23,1797
2013,9,24,0,1945
2013,9,24,1,2076
2013,9,24,2,2141
2013,9,24,3,2111
2013,9,24,4,1989
2013,9,24,5,1781
2013,9,24,6,1566
2013,9,24,7,1435
2013,9,24,8,1414
2013,9,24,9,1499
2013,9,24,10,1666
2013,9,24,11,1892
2013,9,24,12,2104
2013,9,24,13,2255
2013,9,24,14,2343
2013,9,24,15,2317
2013,9,24,16,2208
2013,9,24,17,2012
2013,9,24,18,1803
2013,9,24,19,1607
2013,9,24,20,1518
2013,9,24,21,1531
2013,9,24,22,1595
2013,9,24,23,1710
2013,9,25,0,1842
2013,9,25,1,1957
2013,9,25,2,2033
2013,9,25,3,2067
2013,9,25,4,2021
2013,9,25,5,1897
2013,9,25,6,1725
2013,9,25,7,1551
2013,9,25,8,1463
2013,9,25,9,1483
2013,9,25,10,1585
2013,9,25,11,1762
2013,9,25,12,1955
2013,9,25,13,2116
2013,9,25,14,2201
2013,9,25,15,2214
2013,9,25,16,2158
2013,9,25,17,2064
2013,9,25,18,1927
2013,9,25,19,1775
2013,9,25,20,1619
2013,9,25,21,1539
2013,9,25,22,1561
2013,9,25,23,1655
2013,9,26,0,1786
2013,9,26,1,1903
2013,9,26,2,1970
2013,9,26,3,1981
2013,9,26,4,1961
2013,9,26,5,1926
2013,9,26,6,1834
2013,9,26,7,1693
2013,9,26,8,1576
2013,9,26,9,1529
2013,9,26,10,1568
2013,9,26,11,1675
2013,9,26,12,1837
2013,9,26,13,1997
2013,9,26,14,2108
2013,9,26,15,2150
2013,9,26,16,2137
2013,9,26,17,2094
2013,9,26,18,2024
2013,9,26,19,1913
2013,9,26,20,1785
2013,9,26,21,1678
2013,9,26,22,1650
2013,9,26,23,1672
2013,9,27,0,1747
2013,9,27,1,1839
2013,9,27,2,1895
2013,9,27,3,1920
2013,9,27,4,1931
2013,9,27,5,1927
2013,9,27,6,1888
2013,9,27,7,1807
2013,9,27,8,1709
2013,9,27,9,1635
2013,9,27,10,1620
2013,9,27,11,1673
2013,9,27,12,1785
2013,9,27,13,1886
2013,9,27,14,1987
2013,9,27,15,2063
2013,9,27,16,2083
2013,9,27,17,2088
2013,9,27,18,2071
2013,9,27,19,2020
2013,9,27,20,1935
2013,9,27,21,1839
2013,9,27,22,1763
2013,9,27,23,1739
2013,9,28,0,1759
2013,9,28,1,1808
2013,9,28,2,1857
2013,9,28,3,1880
2013,9,28,4,1894
2013,9,28,5,1918
2013,9,28,6,1936
2013,9,28,7,1915
2013,9,28,8,1865
2013,9,28,9,1794
2013,9,28,10,1730
2013,9,28,11,1715
2013,9,28,12,1763
2013,9,28,13,1830
2013,9,28,14,1898
2013,9,28,15,1962
2013,9,28,16,1997
2013,9,28,17,2030
2013,9,28,18,2079
2013,9,28,19,2098
2013,9,28,20,2074
2013,9,28,21,1987
2013,9,28,22,1887
2013,9,28,23,1811
2013,9,29,0,1767
2013,9,29,1,1769
2013,9,29,2,1783
2013,9,29,3,1776
2013,9,29,4,1787
2013,9,29,5,1828
2013,9,29,6,1895
2013,9,29,7,1948
2013,9,29,8,1933
2013,9,29,9,1854
2013,9,29,10,1759
2013,9,29,11,1703
2013,9,29,12,1698
2013,9,29,13,1720
2013,9,29,14,1756
2013,9,29,15,1813
2013,9,29,16,1868
2013,9,29,17,1947
2013,9,29,18,2038
2013,9,29,19,2105
2013,9,29,20,2111
2013,9,29,21,2046
2013,9,29,22,1959
2013,9,29,23,1869
2013,9,30,0,1798
2013,9,30,1,1736
2013,9,30,2,1701
2013,9,30,3,1685
2013,9,30,4,1703
2013,9,30,5,1769
2013,9,30,6,1862
2013,9,30,7,1961
2013,9,30,8,2014
2013,9,30,9,1999
2013,9,30,10,1934
2013,9,30,11,1847
2013,9,30,12,1774
2013,9,30,13,1716
2013,9,30,14,1685
2013,9,30,15,1697
2013,9,30,16,1749
2013,9,30,17,1847
2013,9,30,18,1959
2013,9,30,19,2060
2013,9,30,20,2119
2013,9,30,21,2140
2013,9,30,22,2096
2013,9,30,23,2006
2013,10,1,0,1888
2013,10,1,1,1760
2013,10,1,2,1658
2013,10,1,3,1610
2013,10,1,4,1622
2013,10,1,5,1689
2013,10,1,6,1800
2013,10,1,7,1930
2013,10,1,8,2044
2013,10,1,9,2090
2013,10,1,10,2071
2013,10,1,11,1986
2013,10,1,12,1864
2013,10,1,13,1743
2013,10,1,14,1638
2013,10,1,15,1572
2013,10,1,16,1587
2013,10,1,17,1679
2013,10,1,18,1820
2013,10,1,19,1972
2013,10,1,20,2103
2013,10,1,21,2201
2013,10,1,22,2214
2013,10,1,23,2124
2013,10,2,0,1958
2013,10,2,1,1782
2013,10,2,2,1617
2013,10,2,3,1544
2013,10,2,4,1535
2013,10,2,5,1585
2013,10,2,6,1697
2013,10,2,7,1883
2013,10,2,8,2045
2013,10,2,9,2174
2013,10,2,10,2212
2013,10,2,11,2148
2013,10,2,12,2002
2013,10,2,13,1820
2013,10,2,14,1653
2013,10,2,15,1544
2013,10,2,16,1508
2013,10,2,17,1566
2013,10,2,18,1688
2013,10,2,19,1858
2013,10,2,20,2044
2013,10,2,21,2190
2013,10,2,22,2263
2013,10,2,23,2231
2013,10,3,0,2103
2013,10,3,1,1910
2013,10,3,2,1703
2013,10,3,3,1535
2013,10,3,4,1449
2013,10,3,5,1471
2013,10,3,6,1591
2013,10,3,7,1777
2013,10,3,8,1992
2013,10,3,9,2182
2013,10,3,10,2294
2013,10,3,11,2298
2013,10,3,12,2173
2013,10,3,13,2015
2013,10,3,14,1725
2013,10,3,15,1559
2013,10,3,16,1443
2013,10,3,17,1444
2013,10,3,18,1539
2013,10,3,19,1711
2013,10,3,20,1924
2013,10,3,21,2122
2013,10,3,22,2256
2013,10,3,23,2302
2013,10,4,0,2236
2013,10,4,1,2064
2013,10,4,2,1831
2013,10,4,3,1593
2013,10,4,4,1427
2013,10,4,5,1391
2013,10,4,6,1492
2013,10,4,7,1683
2013,10,4,8,1914
2013,10,4,9,2138
2013,10,4,10,2314
2013,10,4,11,2395
2013,10,4,12,2353
2013,10,4,13,2199
2013,10,4,14,1925
2013,10,4,15,1635
2013,10,4,16,1439
2013,10,4,17,1350
2013,10,4,18,1394
2013,10,4,19,1538
2013,10,4,20,1750
2013,10,4,21,1980
2013,10,4,22,2173
2013,10,4,23,2295
2013,10,5,0,2288
2013,10,5,1,2146
2013,10,5,2,1908
2013,10,5,3,1647
2013,10,5,4,1439
2013,10,5,5,1351
2013,10,5,6,1402
2013,10,5,7,1555
2013,10,5,8,1810
2013,10,5,9,2038
2013,10,5,10,2271
2013,10,5,11,2421
2013,10,5,12,2453
2013,10,5,13,2359
2013,10,5,14,2107
2013,10,5,15,1831
2013,10,5,16,1518
2013,10,5,17,1363
2013,10,5,18,1325
2013,10,5,19,1428
2013,10,5,20,1621
2013,10,5,21,1853
2013,10,5,22,2068
2013,10,5,23,2232
2013,10,6,0,2300
2013,10,6,1,2240
2013,10,6,2,2055
2013,10,6,3,1791
2013,10,6,4,1527
2013,10,6,5,1348
2013,10,6,6,1314
2013,10,6,7,1424
2013,10,6,8,1637
2013,10,6,9,1913
2013,10,6,10,2183
2013,10,6,11,2397
2013,10,6,12,2509
2013,10,6,13,2510
2013,10,6,14,2319
2013,10,6,15,2023
2013,10,6,16,1705
2013,10,6,17,1422
2013,10,6,18,1287
2013,10,6,19,1315
2013,10,6,20,1466
2013,10,6,21,1698
2013,10,6,22,1942
2013,10,6,23,2135
2013,10,7,0,2251
2013,10,7,1,2257
2013,10,7,2,2141
2013,10,7,3,1924
2013,10,7,4,1654
2013,10,7,5,1414
2013,10,7,6,1281
2013,10,7,7,1312
2013,10,7,8,1482
2013,10,7,9,1740
2013,10,7,10,2038
2013,10,7,11,2309
2013,10,7,12,2487
2013,10,7,13,2534
2013,10,7,14,2445
2013,10,7,15,2235
2013,10,7,16,1915
2013,10,7,17,1571
2013,10,7,18,1356
2013,10,7,19,1291
2013,10,7,20,1360
2013,10,7,21,1529
2013,10,7,22,1736
2013,10,7,23,1952
2013,10,8,0,2106
2013,10,8,1,2189
2013,10,8,2,2173
2013,10,8,3,2052
2013,10,8,4,1815
2013,10,8,5,1535
2013,10,8,6,1333
2013,10,8,7,1265
2013,10,8,8,1366
2013,10,8,9,1587
2013,10,8,10,1875
2013,10,8,11,2145
2013,10,8,12,2359
2013,10,8,13,2479
2013,10,8,14,2492
2013,10,8,15,2363
2013,10,8,16,2115
2013,10,8,17,1789
2013,10,8,18,1499
2013,10,8,19,1331
2013,10,8,20,1317
2013,10,8,21,1415
2013,10,8,22,1557
2013,10,8,23,1788
2013,10,9,0,1948
2013,10,9,1,2086
2013,10,9,2,2150
2013,10,9,3,2108
2013,10,9,4,1942
2013,10,9,5,1708
2013,10,9,6,1450
2013,10,9,7,1319
2013,10,9,8,1317
2013,10,9,9,1455
2013,10,9,10,1683
2013,10,9,11,1946
2013,10,9,12,2195
2013,10,9,13,2385
2013,10,9,14,2465
2013,10,9,15,2440
2013,10,9,16,2295
2013,10,9,17,2040
2013,10,9,18,1749
2013,10,9,19,1519
2013,10,9,20,1383
2013,10,9,21,1385
2013,10,9,22,1475
2013,10,9,23,1667
2013,10,10,0,1842
2013,10,10,1,1998
2013,10,10,2,2076
2013,10,10,3,2084
2013,10,10,4,2013
2013,10,10,5,1861
2013,10,10,6,1660
2013,10,10,7,1469
2013,10,10,8,1370
2013,10,10,9,1393
2013,10,10,10,1524
2013,10,10,11,1764
2013,10,10,12,1998
2013,10,10,13,2224
2013,10,10,14,2355
2013,10,10,15,2380
2013,10,10,16,2317
2013,10,10,17,2172
2013,10,10,18,1962
2013,10,10,19,1727
2013,10,10,20,1538
2013,10,10,21,1447
2013,10,10,22,1453
2013,10,10,23,1543
2013,10,11,0,1668
2013,10,11,1,1818
2013,10,11,2,1940
2013,10,11,3,2014
2013,10,11,4,2021
2013,10,11,5,1963
2013,10,11,6,1831
2013,10,11,7,1656
2013,10,11,8,1507
2013,10,11,9,1445
2013,10,11,10,1487
2013,10,11,11,1623
2013,10,11,12,1817
2013,10,11,13,2005
2013,10,11,14,2146
2013,10,11,15,2238
2013,10,11,16,2286
2013,10,11,17,2258
2013,10,11,18,2133
2013,10,11,19,1942
2013,10,11,20,1744
2013,10,11,21,1572
2013,10,11,22,1493
2013,10,11,23,1506
2013,10,12,0,1573
2013,10,12,1,1658
2013,10,12,2,1765
2013,10,12,3,1867
2013,10,12,4,1944
2013,10,12,5,1975
2013,10,12,6,1931
2013,10,12,7,1827
2013,10,12,8,1689
2013,10,12,9,1558
2013,10,12,10,1506
2013,10,12,11,1514
2013,10,12,12,1605
2013,10,12,13,1737
2013,10,12,14,1881
2013,10,12,15,2005
2013,10,12,16,2093
2013,10,12,17,2160
2013,10,12,18,2170
2013,10,12,19,2109
2013,10,12,20,1975
2013,10,12,21,1784
2013,10,12,22,1615
2013,10,12,23,1523
2013,10,13,0,1510
2013,10,13,1,1558
2013,10,13,2,1628
2013,10,13,3,1699
2013,10,13,4,1793
2013,10,13,5,1893
2013,10,13,6,1962
2013,10,13,7,1957
2013,10,13,8,1882
2013,10,13,9,1769
2013,10,13,10,1670
2013,10,13,11,1615
2013,10,13,12,1603
2013,10,13,13,1644
2013,10,13,14,1715
2013,10,13,15,1807
2013,10,13,16,1935
2013,10,13,17,2061
2013,10,13,18,2151
2013,10,13,19,2171
2013,10,13,20,2098
2013,10,13,21,1987
2013,10,13,22,1844
2013,10,13,23,1682
2013,10,14,0,1573
2013,10,14,1,1535
2013,10,14,2,1562
2013,10,14,3,1632
2013,10,14,4,1725
2013,10,14,5,1827
2013,10,14,6,1934
2013,10,14,7,2019
2013,10,14,8,2050
2013,10,14,9,2010
2013,10,14,10,1917
2013,10,14,11,1798
2013,10,14,12,1698
2013,10,14,13,1655
2013,10,14,14,1659
2013,10,14,15,1713
2013,10,14,16,1812
2013,10,14,17,1929
2013,10,14,18,2045
2013,10,14,19,2142
2013,10,14,20,2204
2013,10,14,21,2177
2013,10,14,22,2058
2013,10,14,23,1877
2013,10,15,0,1699
2013,10,15,1,1557
2013,10,15,2,1524
2013,10,15,3,1549
2013,10,15,4,1614
2013,10,15,5,1736
2013,10,15,6,1869
2013,10,15,7,2020
2013,10,15,8,2150
2013,10,15,9,2209
2013,10,15,10,2150
2013,10,15,11,2012
2013,10,15,12,1851
2013,10,15,13,1713
2013,10,15,14,1632
2013,10,15,15,1603
2013,10,15,16,1624
2013,10,15,17,1704
2013,10,15,18,1850
2013,10,15,19,2024
2013,10,15,20,2179
2013,10,15,21,2259
2013,10,15,22,2211
2013,10,15,23,2063
2013,10,16,0,1869
2013,10,16,1,1682
2013,10,16,2,1541
2013,10,16,3,1472
2013,10,16,4,1490
2013,10,16,5,1586
2013,10,16,6,1749
2013,10,16,7,1956
2013,10,16,8,2162
2013,10,16,9,2317
2013,10,16,10,2356
2013,10,16,11,2257
2013,10,16,12,2068
2013,10,16,13,1852
2013,10,16,14,1665
2013,10,16,15,1542
2013,10,16,16,1500
2013,10,16,17,1542
2013,10,16,18,1664
2013,10,16,19,1843
2013,10,16,20,2043
2013,10,16,21,2210
2013,10,16,22,2278
2013,10,16,23,2227
2013,10,17,0,2056
2013,10,17,1,1827
2013,10,17,2,1597
2013,10,17,3,1444
2013,10,17,4,1394
2013,10,17,5,1447
2013,10,17,6,1590
2013,10,17,7,1795
2013,10,17,8,2025
2013,10,17,9,2245
2013,10,17,10,2389
2013,10,17,11,2411
2013,10,17,12,2299
2013,10,17,13,2068
2013,10,17,14,1803
2013,10,17,15,1580
2013,10,17,16,1441
2013,10,17,17,1401
2013,10,17,18,1466
2013,10,17,19,1627
2013,10,17,20,1838
2013,10,17,21,2047
2013,10,17,22,2197
2013,10,17,23,2261
2013,10,18,0,2188
2013,10,18,1,1988
2013,10,18,2,1724
2013,10,18,3,1486
2013,10,18,4,1349
2013,10,18,5,1345
2013,10,18,6,1466
2013,10,18,7,1655
2013,10,18,8,1887
2013,10,18,9,2134
2013,10,18,10,2357
2013,10,18,11,2469
2013,10,18,12,2451
2013,10,18,13,2301
2013,10,18,14,2005
2013,10,18,15,1720
2013,10,18,16,1467
2013,10,18,17,1346
2013,10,18,18,1351
2013,10,18,19,1470
2013,10,18,20,1664
2013,10,18,21,1888
2013,10,18,22,2078
2013,10,18,23,2203
2013,10,19,0,2216
2013,10,19,1,2098
2013,10,19,2,1873
2013,10,19,3,1613
2013,10,19,4,1399
2013,10,19,5,1314
2013,10,19,6,1370
2013,10,19,7,1527
2013,10,19,8,1760
2013,10,19,9,2029
2013,10,19,10,2275
2013,10,19,11,2437
2013,10,19,12,2481
2013,10,19,13,2409
2013,10,19,14,2206
2013,10,19,15,1909
2013,10,19,16,1607
2013,10,19,17,1392
2013,10,19,18,1309
2013,10,19,19,1365
2013,10,19,20,1519
2013,10,19,21,1725
2013,10,19,22,1943
2013,10,19,23,2121
2013,10,20,0,2196
2013,10,20,1,2153
2013,10,20,2,1997
2013,10,20,3,1756
2013,10,20,4,1507
2013,10,20,5,1343
2013,10,20,6,1318
2013,10,20,7,1417
2013,10,20,8,1626
2013,10,20,9,1897
2013,10,20,10,2159
2013,10,20,11,2358
2013,10,20,12,2464
2013,10,20,13,2467
2013,10,20,14,2327
2013,10,20,15,2090
2013,10,20,16,1792
2013,10,20,17,1523
2013,10,20,18,1351
2013,10,20,19,1331
2013,10,20,20,1438
2013,10,20,21,1612
2013,10,20,22,1802
2013,10,20,23,1986
2013,10,21,0,2137
2013,10,21,1,2183
2013,10,21,2,2103
2013,10,21,3,1917
2013,10,21,4,1679
2013,10,21,5,1473
2013,10,21,6,1385
2013,10,21,7,1425
2013,10,21,8,1547
2013,10,21,9,1806
2013,10,21,10,2046
2013,10,21,11,2275
2013,10,21,12,2428
2013,10,21,13,2474
2013,10,21,14,2415
2013,10,21,15,2250
2013,10,21,16,2009
2013,10,21,17,1737
2013,10,21,18,1513
2013,10,21,19,1405
2013,10,21,20,1426
2013,10,21,21,1551
2013,10,21,22,1734
2013,10,21,23,1904
2013,10,22,0,2035
2013,10,22,1,2114
2013,10,22,2,2108
2013,10,22,3,2001
2013,10,22,4,1817
2013,10,22,5,1601
2013,10,22,6,1446
2013,10,22,7,1412
2013,10,22,8,1506
2013,10,22,9,1709
2013,10,22,10,1964
2013,10,22,11,2183
2013,10,22,12,2341
2013,10,22,13,2418
2013,10,22,14,2427
2013,10,22,15,2335
2013,10,22,16,2146
2013,10,22,17,1896
2013,10,22,18,1645
2013,10,22,19,1494
2013,10,22,20,1469
2013,10,22,21,1542
2013,10,22,22,1680
2013,10,22,23,1839
2013,10,23,0,1973
2013,10,23,1,2066
2013,10,23,2,2105
2013,10,23,3,2059
2013,10,23,4,1937
2013,10,23,5,1763
2013,10,23,6,1590
2013,10,23,7,1480
2013,10,23,8,1482
2013,10,23,9,1615
2013,10,23,10,1842
2013,10,23,11,2085
2013,10,23,12,2263
2013,10,23,13,2351
2013,10,23,14,2368
2013,10,23,15,2315
2013,10,23,16,2200
2013,10,23,17,2013
2013,10,23,18,1789
2013,10,23,19,1603
2013,10,23,20,1519
2013,10,23,21,1533
2013,10,23,22,1629
2013,10,23,23,1776
2013,10,24,0,1906
2013,10,24,1,2004
2013,10,24,2,2061
2013,10,24,3,2067
2013,10,24,4,2005
2013,10,24,5,1867
2013,10,24,6,1706
2013,10,24,7,1575
2013,10,24,8,1531
2013,10,24,9,1606
2013,10,24,10,1769
2013,10,24,11,1963
2013,10,24,12,2130
2013,10,24,13,2238
2013,10,24,14,2297
2013,10,24,15,2311
2013,10,24,16,2265
2013,10,24,17,2133
2013,10,24,18,1926
2013,10,24,19,1725
2013,10,24,20,1600
2013,10,24,21,1559
2013,10,24,22,1605
2013,10,24,23,1732
2013,10,25,0,1835
2013,10,25,1,1924
2013,10,25,2,1997
2013,10,25,3,2041
2013,10,25,4,2033
2013,10,25,5,1957
2013,10,25,6,1819
2013,10,25,7,1671
2013,10,25,8,1586
2013,10,25,9,1606
2013,10,25,10,1726
2013,10,25,11,1881
2013,10,25,12,2027
2013,10,25,13,2141
2013,10,25,14,2209
2013,10,25,15,2270
2013,10,25,16,2264
2013,10,25,17,2193
2013,10,25,18,2046
2013,10,25,19,1870
2013,10,25,20,1731
2013,10,25,21,1656
2013,10,25,22,1655
2013,10,25,23,1704
2013,10,26,0,1780
2013,10,26,1,1855
2013,10,26,2,1933
2013,10,26,3,1997
2013,10,26,4,2025
2013,10,26,5,2013
2013,10,26,6,1937
2013,10,26,7,1815
2013,10,26,8,1692
2013,10,26,9,1650
2013,10,26,10,1705
2013,10,26,11,1801
2013,10,26,12,1914
2013,10,26,13,2009
2013,10,26,14,2079
2013,10,26,15,2140
2013,10,26,16,2181
2013,10,26,17,2176
2013,10,26,18,2093
2013,10,26,19,1961
2013,10,26,20,1837
2013,10,26,21,1735
2013,10,26,22,1683
2013,10,26,23,1676
2013,10,27,0,1706
2013,10,27,1,1753
2013,10,27,2,1816
2013,10,27,3,1880
2013,10,27,4,1947
2013,10,27,5,1986
2013,10,27,6,1977
2013,10,27,7,1914
2013,10,27,8,1818
2013,10,27,9,1746
2013,10,27,10,1729
2013,10,27,11,1760
2013,10,27,12,1816
2013,10,27,13,1888
2013,10,27,14,1945
2013,10,27,15,1986
2013,10,27,16,2041
2013,10,27,17,2098
2013,10,27,18,2090
2013,10,27,19,2009
2013,10,27,20,1900
2013,10,27,21,1800
2013,10,27,22,1734
2013,10,27,23,1704
2013,10,28,0,1693
2013,10,28,1,1691
2013,10,28,2,1719
2013,10,28,3,1783
2013,10,28,4,1863
2013,10,28,5,1945
2013,10,28,6,1998
2013,10,28,7,1997
2013,10,28,8,1938
2013,10,28,9,1869
2013,10,28,10,1808
2013,10,28,11,1779
2013,10,28,12,1773
2013,10,28,13,1786
2013,10,28,14,1817
2013,10,28,15,1863
2013,10,28,16,1931
2013,10,28,17,2007
2013,10,28,18,2068
2013,10,28,19,2078
2013,10,28,20,2023
2013,10,28,21,1917
2013,10,28,22,1813
2013,10,28,23,1738
2013,10,29,0,1691
2013,10,29,1,1662
2013,10,29,2,1657
2013,10,29,3,1687
2013,10,29,4,1752
2013,10,29,5,1854
2013,10,29,6,1965
2013,10,29,7,2038
2013,10,29,8,2041
2013,10,29,9,1991
2013,10,29,10,1913
2013,10,29,11,1813
2013,10,29,12,1735
2013,10,29,13,1702
2013,10,29,14,1699
2013,10,29,15,1745
2013,10,29,16,1815
2013,10,29,17,1894
2013,10,29,18,1969
2013,10,29,19,2025
2013,10,29,20,2045
2013,10,29,21,2006
2013,10,29,22,1919
2013,10,29,23,1820
2013,10,30,0,1704
2013,10,30,1,1611
2013,10,30,2,1569
2013,10,30,3,1577
2013,10,30,4,1638
2013,10,30,5,1754
2013,10,30,6,1909
2013,10,30,7,2052
2013,10,30,8,2133
2013,10,30,9,2133
2013,10,30,10,2056
2013,10,30,11,1915
2013,10,30,12,1790
2013,10,30,13,1703
2013,10,30,14,1639
2013,10,30,15,1616
2013,10,30,16,1638
2013,10,30,17,1729
2013,10,30,18,1865
2013,10,30,19,2003
2013,10,30,20,2098
2013,10,30,21,2118
2013,10,30,22,2047
2013,10,30,23,1919
2013,10,31,0,1772
2013,10,31,1,1635
2013,10,31,2,1537
2013,10,31,3,1496
2013,10,31,4,1531
2013,10,31,5,1649
2013,10,31,6,1831
2013,10,31,7,2028
2013,10,31,8,2185
2013,10,31,9,2261
2013,10,31,10,2241
2013,10,31,11,2133
2013,10,31,12,1971
2013,10,31,13,1797
2013,10,31,14,1651
2013,10,31,15,1568
2013,10,31,16,1565
2013,10,31,17,1631
2013,10,31,18,1748
2013,10,31,19,1899
2013,10,31,20,2043
2013,10,31,21,2141
2013,10,31,22,2155
2013,10,31,23,2084
2013,11,1,0,1929
2013,11,1,1,1743
2013,11,1,2,1571
2013,11,1,3,1465
2013,11,1,4,1469
2013,11,1,5,1571
2013,11,1,6,1743
2013,11,1,7,1958
2013,11,1,8,2168
2013,11,1,9,2330
2013,11,1,10,2384
2013,11,1,11,2340
2013,11,1,12,2191
2013,11,1,13,1963
2013,11,1,14,1732
2013,11,1,15,1554
2013,11,1,16,1476
2013,11,1,17,1493
2013,11,1,18,1592
2013,11,1,19,1758
2013,11,1,20,1949
2013,11,1,21,2111
2013,11,1,22,2199
2013,11,1,23,2188
2013,11,2,0,2073
2013,11,2,1,1876
2013,11,2,2,1648
2013,11,2,3,1476
2013,11,2,4,1415
2013,11,2,5,1477
2013,11,2,6,1635
2013,11,2,7,1856
2013,11,2,8,2101
2013,11,2,9,2326
2013,11,2,10,2474
2013,11,2,11,2509
2013,11,2,12,2415
2013,11,2,13,2189
2013,11,2,14,1901
2013,11,2,15,1638
2013,11,2,16,1457
2013,11,2,17,1399
2013,11,2,18,1459
2013,11,2,19,1607
2013,11,2,20,1814
2013,11,2,21,2023
2013,11,2,22,2183
2013,11,2,23,2259
2013,11,3,0,2217
2013,11,3,1,2055
2013,11,3,2,1815
2013,11,3,3,1567
2013,11,3,4,1402
2013,11,3,5,1371
2013,11,3,6,1484
2013,11,3,7,1694
2013,11,3,8,1955
2013,11,3,9,2230
2013,11,3,10,2472
2013,11,3,11,2588
2013,11,3,12,2547
2013,11,3,13,2361
2013,11,3,14,2083
2013,11,3,15,1776
2013,11,3,16,1458
2013,11,3,17,1353
2013,11,3,18,1337
2013,11,3,19,1445
2013,11,3,20,1638
2013,11,3,21,1864
2013,11,3,22,2078
2013,11,3,23,2227
2013,11,4,0,2263
2013,11,4,1,2171
2013,11,4,2,1960
2013,11,4,3,1692
2013,11,4,4,1448
2013,11,4,5,1320
2013,11,4,6,1357
2013,11,4,7,1530
2013,11,4,8,1796
2013,11,4,9,2098
2013,11,4,10,2362
2013,11,4,11,2561
2013,11,4,12,2640
2013,11,4,13,2561
2013,11,4,14,2351
2013,11,4,15,1947
2013,11,4,16,1689
2013,11,4,17,1420
2013,11,4,18,1307
2013,11,4,19,1347
2013,11,4,20,1512
2013,11,4,21,1728
2013,11,4,22,1955
2013,11,4,23,2157
2013,11,5,0,2282
2013,11,5,1,2285
2013,11,5,2,2147
2013,11,5,3,1898
2013,11,5,4,1610
2013,11,5,5,1395
2013,11,5,6,1329
2013,11,5,7,1425
2013,11,5,8,1623
2013,11,5,9,1930
2013,11,5,10,2213
2013,11,5,11,2483
2013,11,5,12,2648
2013,11,5,13,2663
2013,11,5,14,2518
2013,11,5,15,2241
2013,11,5,16,1902
2013,11,5,17,1590
2013,11,5,18,1375
2013,11,5,19,1314
2013,11,5,20,1398
2013,11,5,21,1565
2013,11,5,22,1777
2013,11,5,23,1993
2013,11,6,0,2167
2013,11,6,1,2246
2013,11,6,2,2190
2013,11,6,3,2007
2013,11,6,4,1746
2013,11,6,5,1494
2013,11,6,6,1352
2013,11,6,7,1363
2013,11,6,8,1489
2013,11,6,9,1709
2013,11,6,10,1988
2013,11,6,11,2273
2013,11,6,12,2513
2013,11,6,13,2631
2013,11,6,14,2586
2013,11,6,15,2400
2013,11,6,16,2066
2013,11,6,17,1786
2013,11,6,18,1518
2013,11,6,19,1366
2013,11,6,20,1349
2013,11,6,21,1450
2013,11,6,22,1632
2013,11,6,23,1835
2013,11,7,0,2020
2013,11,7,1,2165
2013,11,7,2,2211
2013,11,7,3,2130
2013,11,7,4,1930
2013,11,7,5,1671
2013,11,7,6,1463
2013,11,7,7,1388
2013,11,7,8,1452
2013,11,7,9,1603
2013,11,7,10,1801
2013,11,7,11,2033
2013,11,7,12,2267
2013,11,7,13,2471
2013,11,7,14,2563
2013,11,7,15,2489
2013,11,7,16,2273
2013,11,7,17,1979
2013,11,7,18,1694
2013,11,7,19,1487
2013,11,7,20,1396
2013,11,7,21,1415
2013,11,7,22,1526
2013,11,7,23,1695
2013,11,8,0,1875
2013,11,8,1,2047
2013,11,8,2,2169
2013,11,8,3,2189
2013,11,8,4,2078
2013,11,8,5,1886
2013,11,8,6,1680
2013,11,8,7,1539
2013,11,8,8,1500
2013,11,8,9,1561
2013,11,8,10,1686
2013,11,8,11,1863
2013,11,8,12,2075
2013,11,8,13,2291
2013,11,8,14,2456
2013,11,8,15,2506
2013,11,8,16,2410
2013,11,8,17,2208
2013,11,8,18,1966
2013,11,8,19,1729
2013,11,8,20,1553
2013,11,8,21,1467
2013,11,8,22,1495
2013,11,8,23,1613
2013,11,9,0,1754
2013,11,9,1,1903
2013,11,9,2,2045
2013,11,9,3,2151
2013,11,9,4,2169
2013,11,9,5,2080
2013,11,9,6,1916
2013,11,9,7,1743
2013,11,9,8,1624
2013,11,9,9,1597
2013,11,9,10,1630
2013,11,9,11,1730
2013,11,9,12,1885
2013,11,9,13,2057
2013,11,9,14,2211
2013,11,9,15,2331
2013,11,9,16,2396
2013,11,9,17,2321
2013,11,9,18,2161
2013,11,9,19,1960
2013,11,9,20,1749
2013,11,9,21,1583
2013,11,9,22,1520
2013,11,9,23,1566
2013,11,10,0,1665
2013,11,10,1,1781
2013,11,10,2,1898
2013,11,10,3,2013
2013,11,10,4,2105
2013,11,10,5,2139
2013,11,10,6,2094
2013,11,10,7,1965
2013,11,10,8,1812
2013,11,10,9,1704
2013,11,10,10,1657
2013,11,10,11,1669
2013,11,10,12,1738
2013,11,10,13,1863
2013,11,10,14,2017
2013,11,10,15,2166
2013,11,10,16,2262
2013,11,10,17,2294
2013,11,10,18,2250
2013,11,10,19,2144
2013,11,10,20,1970
2013,11,10,21,1774
2013,11,10,22,1634
2013,11,10,23,1590
2013,11,11,0,1630
2013,11,11,1,1712
2013,11,11,2,1805
2013,11,11,3,1893
2013,11,11,4,1986
2013,11,11,5,2082
2013,11,11,6,2167
2013,11,11,7,2182
2013,11,11,8,2092
2013,11,11,9,1953
2013,11,11,10,1818
2013,11,11,11,1739
2013,11,11,12,1730
2013,11,11,13,1791
2013,11,11,14,1890
2013,11,11,15,1995
2013,11,11,16,2080
2013,11,11,17,2151
2013,11,11,18,2199
2013,11,11,19,2193
2013,11,11,20,2113
2013,11,11,21,1965
2013,11,11,22,1812
2013,11,11,23,1702
2013,11,12,0,1652
2013,11,12,1,1663
2013,11,12,2,1718
2013,11,12,3,1799
2013,11,12,4,1897
2013,11,12,5,2018
2013,11,12,6,2146
2013,11,12,7,2247
2013,11,12,8,2263
2013,11,12,9,2178
2013,11,12,10,2033
2013,11,12,11,1886
2013,11,12,12,1774
2013,11,12,13,1713
2013,11,12,14,1711
2013,11,12,15,1768
2013,11,12,16,1857
2013,11,12,17,1964
2013,11,12,18,2072
2013,11,12,19,2149
2013,11,12,20,2156
2013,11,12,21,2086
2013,11,12,22,1958
2013,11,12,23,1819
2013,11,13,0,1698
2013,11,13,1,1628
2013,11,13,2,1623
2013,11,13,3,1677
2013,11,13,4,1775
2013,11,13,5,1911
2013,11,13,6,2072
2013,11,13,7,2232
2013,11,13,8,2339
2013,11,13,9,2357
2013,11,13,10,2270
2013,11,13,11,2097
2013,11,13,12,1924
2013,11,13,13,1799
2013,11,13,14,1716
2013,11,13,15,1684
2013,11,13,16,1710
2013,11,13,17,1805
2013,11,13,18,1937
2013,11,13,19,2072
2013,11,13,20,2157
2013,11,13,21,2158
2013,11,13,22,2091
2013,11,13,23,1972
2013,11,14,0,1819
2013,11,14,1,1675
2013,11,14,2,1584
2013,11,14,3,1575
2013,11,14,4,1650
2013,11,14,5,1799
2013,11,14,6,1995
2013,11,14,7,2188
2013,11,14,8,2352
2013,11,14,9,2448
2013,11,14,10,2437
2013,11,14,11,2314
2013,11,14,12,2109
2013,11,14,13,1895
2013,11,14,14,1738
2013,11,14,15,1620
2013,11,14,16,1608
2013,11,14,17,1651
2013,11,14,18,1748
2013,11,14,19,1883
2013,11,14,20,2022
2013,11,14,21,2122
2013,11,14,22,2161
2013,11,14,23,2106
2013,11,15,0,1946
2013,11,15,1,1740
2013,11,15,2,1569
2013,11,15,3,1488
2013,11,15,4,1510
2013,11,15,5,1624
2013,11,15,6,1803
2013,11,15,7,2013
2013,11,15,8,2217
2013,11,15,9,2384
2013,11,15,10,2465
2013,11,15,11,2424
2013,11,15,12,2267
2013,11,15,13,2034
2013,11,15,14,1798
2013,11,15,15,1603
2013,11,15,16,1517
2013,11,15,17,1525
2013,11,15,18,1602
2013,11,15,19,1731
2013,11,15,20,1890
2013,11,15,21,2058
2013,11,15,22,2179
2013,11,15,23,2199
2013,11,16,0,2093
2013,11,16,1,1900
2013,11,16,2,1689
2013,11,16,3,1529
2013,11,16,4,1479
2013,11,16,5,1529
2013,11,16,6,1670
2013,11,16,7,1869
2013,11,16,8,2086
2013,11,16,9,2305
2013,11,16,10,2467
2013,11,16,11,2523
2013,11,16,12,2439
2013,11,16,13,2221
2013,11,16,14,1950
2013,11,16,15,1695
2013,11,16,16,1524
2013,11,16,17,1458
2013,11,16,18,1491
2013,11,16,19,1582
2013,11,16,20,1732
2013,11,16,21,1899
2013,11,16,22,2063
2013,11,16,23,2158
2013,11,17,0,2146
2013,11,17,1,2020
2013,11,17,2,1804
2013,11,17,3,1587
2013,11,17,4,1476
2013,11,17,5,1495
2013,11,17,6,1606
2013,11,17,7,1768
2013,11,17,8,1957
2013,11,17,9,2170
2013,11,17,10,2372
2013,11,17,11,2508
2013,11,17,12,2515
2013,11,17,13,2381
2013,11,17,14,2144
2013,11,17,15,1876
2013,11,17,16,1646
2013,11,17,17,1506
2013,11,17,18,1465
2013,11,17,19,1506
2013,11,17,20,1635
2013,11,17,21,1816
2013,11,17,22,1997
2013,11,17,23,2142
2013,11,18,0,2192
2013,11,18,1,2123
2013,11,18,2,1942
2013,11,18,3,1710
2013,11,18,4,1520
2013,11,18,5,1436
2013,11,18,6,1491
2013,11,18,7,1650
2013,11,18,8,1863
2013,11,18,9,2099
2013,11,18,10,2313
2013,11,18,11,2468
2013,11,18,12,2533
2013,11,18,13,2493
2013,11,18,14,2326
2013,11,18,15,2054
2013,11,18,16,1761
2013,11,18,17,1552
2013,11,18,18,1463
2013,11,18,19,1471
2013,11,18,20,1568
2013,11,18,21,1720
2013,11,18,22,1892
2013,11,18,23,2037
2013,11,19,0,2119
2013,11,19,1,2114
2013,11,19,2,2009
2013,11,19,3,1817
2013,11,19,4,1611
2013,11,19,5,1460
2013,11,19,6,1425
2013,11,19,7,1528
2013,11,19,8,1718
2013,11,19,9,1965
2013,11,19,10,2195
2013,11,19,11,2364
2013,11,19,12,2455
2013,11,19,13,2455
2013,11,19,14,2373
2013,11,19,15,2174
2013,11,19,16,1910
2013,11,19,17,1663
2013,11,19,18,1501
2013,11,19,19,1451
2013,11,19,20,1504
2013,11,19,21,1635
2013,11,19,22,1812
2013,11,19,23,1979
2013,11,20,0,2099
2013,11,20,1,2137
2013,11,20,2,2067
2013,11,20,3,1904
2013,11,20,4,1695
2013,11,20,5,1532
2013,11,20,6,1455
2013,11,20,7,1480
2013,11,20,8,1606
2013,11,20,9,1818
2013,11,20,10,2058
2013,11,20,11,2262
2013,11,20,12,2376
2013,11,20,13,2408
2013,11,20,14,2364
2013,11,20,15,2227
2013,11,20,16,2009
2013,11,20,17,1747
2013,11,20,18,1544
2013,11,20,19,1443
2013,11,20,20,1451
2013,11,20,21,1551
2013,11,20,22,1703
2013,11,20,23,1858
2013,11,21,0,1986
2013,11,21,1,2060
2013,11,21,2,2052
2013,11,21,3,1957
2013,11,21,4,1791
2013,11,21,5,1606
2013,11,21,6,1470
2013,11,21,7,1431
2013,11,21,8,1493
2013,11,21,9,1652
2013,11,21,10,1876
2013,11,21,11,2097
2013,11,21,12,2263
2013,11,21,13,2339
2013,11,21,14,2335
2013,11,21,15,2258
2013,11,21,16,2105
2013,11,21,17,1885
2013,11,21,18,1659
2013,11,21,19,1506
2013,11,21,20,1479
2013,11,21,21,1559
2013,11,21,22,1688
2013,11,21,23,1818
2013,11,22,0,1927
2013,11,22,1,2015
2013,11,22,2,2066
2013,11,22,3,2054
2013,11,22,4,1945
2013,11,22,5,1755
2013,11,22,6,1581
2013,11,22,7,1481
2013,11,22,8,1512
2013,11,22,9,1637
2013,11,22,10,1803
2013,11,22,11,1977
2013,11,22,12,2132
2013,11,22,13,2246
2013,11,22,14,2300
2013,11,22,15,2249
2013,11,22,16,2120
2013,11,22,17,1948
2013,11,22,18,1726
2013,11,22,19,1551
2013,11,22,20,1462
2013,11,22,21,1484
2013,11,22,22,1591
2013,11,22,23,1721
2013,11,23,0,1841
2013,11,23,1,1948
2013,11,23,2,2020
2013,11,23,3,2033
2013,11,23,4,1971
2013,11,23,5,1835
2013,11,23,6,1671
2013,11,23,7,1555
2013,11,23,8,1521
2013,11,23,9,1578
2013,11,23,10,1697
2013,11,23,11,1851
2013,11,23,12,1998
2013,11,23,13,2120
2013,11,23,14,2211
2013,11,23,15,2240
2013,11,23,16,2181
2013,11,23,17,2038
2013,11,23,18,1849
2013,11,23,19,1655
2013,11,23,20,1556
2013,11,23,21,1514
2013,11,23,22,1560
2013,11,23,23,1656
2013,11,24,0,1762
2013,11,24,1,1887
2013,11,24,2,1980
2013,11,24,3,2032
2013,11,24,4,2032
2013,11,24,5,1971
2013,11,24,6,1848
2013,11,24,7,1704
2013,11,24,8,1608
2013,11,24,9,1605
2013,11,24,10,1671
2013,11,24,11,1771
2013,11,24,12,1888
2013,11,24,13,2004
2013,11,24,14,2108
2013,11,24,15,2168
2013,11,24,16,2156
2013,11,24,17,2071
2013,11,24,18,1917
2013,11,24,19,1748
2013,11,24,20,1601
2013,11,24,21,1526
2013,11,24,22,1537
2013,11,24,23,1603
2013,11,25,0,1693
2013,11,25,1,1799
2013,11,25,2,1891
2013,11,25,3,1967
2013,11,25,4,2005
2013,11,25,5,2004
2013,11,25,6,1946
2013,11,25,7,1827
2013,11,25,8,1719
2013,11,25,9,1674
2013,11,25,10,1683
2013,11,25,11,1740
2013,11,25,12,1811
2013,11,25,13,1883
2013,11,25,14,1971
2013,11,25,15,2051
2013,11,25,16,2102
2013,11,25,17,2085
2013,11,25,18,1994
2013,11,25,19,1862
2013,11,25,20,1722
2013,11,25,21,1625
2013,11,25,22,1599
2013,11,25,23,1611
2013,11,26,0,1659
2013,11,26,1,1735
2013,11,26,2,1823
2013,11,26,3,1923
2013,11,26,4,2011
2013,11,26,5,2062
2013,11,26,6,2074
2013,11,26,7,2020
2013,11,26,8,1927
2013,11,26,9,1835
2013,11,26,10,1786
2013,11,26,11,1788
2013,11,26,12,1812
2013,11,26,13,1847
2013,11,26,14,1906
2013,11,26,15,1977
2013,11,26,16,2046
2013,11,26,17,2095
2013,11,26,18,2074
2013,11,26,19,1988
2013,11,26,20,1872
2013,11,26,21,1764
2013,11,26,22,1690
2013,11,26,23,1642
2013,11,27,0,1629
2013,11,27,1,1662
2013,11,27,2,1730
2013,11,27,3,1829
2013,11,27,4,1946
2013,11,27,5,2054
2013,11,27,6,2134
2013,11,27,7,2145
2013,11,27,8,2098
2013,11,27,9,2000
2013,11,27,10,1870
2013,11,27,11,1777
2013,11,27,12,1729
2013,11,27,13,1732
2013,11,27,14,1785
2013,11,27,15,1862
2013,11,27,16,1941
2013,11,27,17,2006
2013,11,27,18,2044
2013,11,27,19,2034
2013,11,27,20,1975
2013,11,27,21,1887
2013,11,27,22,1771
2013,11,27,23,1653
2013,11,28,0,1574
2013,11,28,1,1564
2013,11,28,2,1617
2013,11,28,3,1722
2013,11,28,4,1857
2013,11,28,5,1989
2013,11,28,6,2109
2013,11,28,7,2192
2013,11,28,8,2204
2013,11,28,9,2133
2013,11,28,10,2004
2013,11,28,11,1857
2013,11,28,12,1747
2013,11,28,13,1689
2013,11,28,14,1674
2013,11,28,15,1700
2013,11,28,16,1774
2013,11,28,17,1859
2013,11,28,18,1951
2013,11,28,19,2014
2013,11,28,20,2027
2013,11,28,21,1968
2013,11,28,22,1871
2013,11,28,23,1752
2013,11,29,0,1625
2013,11,29,1,1543
2013,11,29,2,1528
2013,11,29,3,1592
2013,11,29,4,1728
2013,11,29,5,1911
2013,11,29,6,2097
2013,11,29,7,2246
2013,11,29,8,2351
2013,11,29,9,2375
2013,11,29,10,2270
2013,11,29,11,2092
2013,11,29,12,1897
2013,11,29,13,1742
2013,11,29,14,1655
2013,11,29,15,1636
2013,11,29,16,1678
2013,11,29,17,1763
2013,11,29,18,1884
2013,11,29,19,2000
2013,11,29,20,2079
2013,11,29,21,2100
2013,11,29,22,2039
2013,11,29,23,1922
2013,11,30,0,1769
2013,11,30,1,1623
2013,11,30,2,1522
2013,11,30,3,1509
2013,11,30,4,1598
2013,11,30,5,1769
2013,11,30,6,1981
2013,11,30,7,2187
2013,11,30,8,2358
2013,11,30,9,2448
2013,11,30,10,2429
2013,11,30,11,2298
2013,11,30,12,2084
2013,11,30,13,1864
2013,11,30,14,1701
2013,11,30,15,1602
2013,11,30,16,1570
2013,11,30,17,1598
2013,11,30,18,1699
2013,11,30,19,1847
2013,11,30,20,2003
2013,11,30,21,2122
2013,11,30,22,2156
2013,11,30,23,2084
2013,12,1,0,1927
2013,12,1,1,1732
2013,12,1,2,1557
2013,12,1,3,1462
2013,12,1,4,1483
2013,12,1,5,1611
2013,12,1,6,1819
2013,12,1,7,2067
2013,12,1,8,2316
2013,12,1,9,2499
2013,12,1,10,2573
2013,12,1,11,2521
2013,12,1,12,2339
2013,12,1,13,2077
2013,12,1,14,1816
2013,12,1,15,1615
2013,12,1,16,1506
2013,12,1,17,1499
2013,12,1,18,1576
2013,12,1,19,1719
2013,12,1,20,1896
2013,12,1,21,2078
2013,12,1,22,2210
2013,12,1,23,2221
2013,12,2,0,2112
2013,12,2,1,1919
2013,12,2,2,1682
2013,12,2,3,1494
2013,12,2,4,1419
2013,12,2,5,1481
2013,12,2,6,1663
2013,12,2,7,1922
2013,12,2,8,2201
2013,12,2,9,2451
2013,12,2,10,2629
2013,12,2,11,2685
2013,12,2,12,2581
2013,12,2,13,2347
2013,12,2,14,2042
2013,12,2,15,1737
2013,12,2,16,1516
2013,12,2,17,1421
2013,12,2,18,1437
2013,12,2,19,1554
2013,12,2,20,1745
2013,12,2,21,1967
2013,12,2,22,2167
2013,12,2,23,2277
2013,12,3,0,2248
2013,12,3,1,2091
2013,12,3,2,1836
2013,12,3,3,1571
2013,12,3,4,1394
2013,12,3,5,1352
2013,12,3,6,1452
2013,12,3,7,1666
2013,12,3,8,1962
2013,12,3,9,2279
2013,12,3,10,2550
2013,12,3,11,2725
2013,12,3,12,2749
2013,12,3,13,2602
2013,12,3,14,2324
2013,12,3,15,1982
2013,12,3,16,1654
2013,12,3,17,1446
2013,12,3,18,1384
2013,12,3,19,1440
2013,12,3,20,1595
2013,12,3,21,1802
2013,12,3,22,2023
2013,12,3,23,2200
2013,12,4,0,2291
2013,12,4,1,2252
2013,12,4,2,2064
2013,12,4,3,1796
2013,12,4,4,1548
2013,12,4,5,1399
2013,12,4,6,1407
2013,12,4,7,1547
2013,12,4,8,1775
2013,12,4,9,2056
2013,12,4,10,2343
2013,12,4,11,2600
2013,12,4,12,2762
2013,12,4,13,2765
2013,12,4,14,2590
2013,12,4,15,2272
2013,12,4,16,1907
2013,12,4,17,1599
2013,12,4,18,1431
2013,12,4,19,1396
2013,12,4,20,1456
2013,12,4,21,1601
2013,12,4,22,1811
2013,12,4,23,2046
2013,12,5,0,2250
2013,12,5,1,2334
2013,12,5,2,2235
2013,12,5,3,1985
2013,12,5,4,1697
2013,12,5,5,1471
2013,12,5,6,1383
2013,12,5,7,1438
2013,12,5,8,1593
2013,12,5,9,1821
2013,12,5,10,2089
2013,12,5,11,2380
2013,12,5,12,2611
2013,12,5,13,2733
2013,12,5,14,2701
2013,12,5,15,2489
2013,12,5,16,2172
2013,12,5,17,1845
2013,12,5,18,1593
2013,12,5,19,1460
2013,12,5,20,1432
2013,12,5,21,1503
2013,12,5,22,1656
2013,12,5,23,1867
2013,12,6,0,2098
2013,12,6,1,2276
2013,12,6,2,2329
2013,12,6,3,2215
2013,12,6,4,1977
2013,12,6,5,1710
2013,12,6,6,1503
2013,12,6,7,1435
2013,12,6,8,1509
2013,12,6,9,1672
2013,12,6,10,1897
2013,12,6,11,2149
2013,12,6,12,2408
2013,12,6,13,2612
2013,12,6,14,2694
2013,12,6,15,2614
2013,12,6,16,2406
2013,12,6,17,2117
2013,12,6,18,1813
2013,12,6,19,1576
2013,12,6,20,1458
2013,12,6,21,1459
2013,12,6,22,1561
2013,12,6,23,1741
2013,12,7,0,1954
2013,12,7,1,2154
2013,12,7,2,2288
2013,12,7,3,2297
2013,12,7,4,2169
2013,12,7,5,1951
2013,12,7,6,1723
2013,12,7,7,1566
2013,12,7,8,1525
2013,12,7,9,1578
2013,12,7,10,1709
2013,12,7,11,1909
2013,12,7,12,2147
2013,12,7,13,2373
2013,12,7,14,2532
2013,12,7,15,2574
2013,12,7,16,2477
2013,12,7,17,2264
2013,12,7,18,2007
2013,12,7,19,1747
2013,12,7,20,1562
2013,12,7,21,1484
2013,12,7,22,1501
2013,12,7,23,1610
2013,12,8,0,1775
2013,12,8,1,1956
2013,12,8,2,2102
2013,12,8,3,2189
2013,12,8,4,2204
2013,12,8,5,2113
2013,12,8,6,1931
2013,12,8,7,1730
2013,12,8,8,1590
2013,12,8,9,1553
2013,12,8,10,1619
2013,12,8,11,1753
2013,12,8,12,1916
2013,12,8,13,2088
2013,12,8,14,2258
2013,12,8,15,2369
2013,12,8,16,2395
2013,12,8,17,2318
2013,12,8,18,2136
2013,12,8,19,1904
2013,12,8,20,1675
2013,12,8,21,1516
2013,12,8,22,1455
2013,12,8,23,1484
2013,12,9,0,1605
2013,12,9,1,1776
2013,12,9,2,1935
2013,12,9,3,2092
2013,12,9,4,2165
2013,12,9,5,2199
2013,12,9,6,2119
2013,12,9,7,1959
2013,12,9,8,1779
2013,12,9,9,1648
2013,12,9,10,1612
2013,12,9,11,1665
2013,12,9,12,1772
2013,12,9,13,1894
2013,12,9,14,2027
2013,12,9,15,2154
2013,12,9,16,2254
2013,12,9,17,2281
2013,12,9,18,2195
2013,12,9,19,2025
2013,12,9,20,1825
2013,12,9,21,1657
2013,12,9,22,1558
2013,12,9,23,1529
2013,12,10,0,1577
2013,12,10,1,1677
2013,12,10,2,1813
2013,12,10,3,1963
2013,12,10,4,2094
2013,12,10,5,2188
2013,12,10,6,2216
2013,12,10,7,2155
2013,12,10,8,2018
2013,12,10,9,1863
2013,12,10,10,1748
2013,12,10,11,1705
2013,12,10,12,1734
2013,12,10,13,1807
2013,12,10,14,1896
2013,12,10,15,1983
2013,12,10,16,2067
2013,12,10,17,2143
2013,12,10,18,2168
2013,12,10,19,2106
2013,12,10,20,1974
2013,12,10,21,1812
2013,12,10,22,1675
2013,12,10,23,1588
2013,12,11,0,1569
2013,12,11,1,1628
2013,12,11,2,1722
2013,12,11,3,1834
2013,12,11,4,1970
2013,12,11,5,2106
2013,12,11,6,2218
2013,12,11,7,2254
2013,12,11,8,2197
2013,12,11,9,2072
2013,12,11,10,1931
2013,12,11,11,1811
2013,12,11,12,1741
2013,12,11,13,1723
2013,12,11,14,1743
2013,12,11,15,1791
2013,12,11,16,1866
2013,12,11,17,1948
2013,12,11,18,2039
2013,12,11,19,2100
2013,12,11,20,2071
2013,12,11,21,1952
2013,12,11,22,1799
2013,12,11,23,1666
2013,12,12,0,1597
2013,12,12,1,1595
2013,12,12,2,1632
2013,12,12,3,1703
2013,12,12,4,1821
2013,12,12,5,1978
2013,12,12,6,2140
2013,12,12,7,2268
2013,12,12,8,2324
2013,12,12,9,2253
2013,12,12,10,2107
2013,12,12,11,1945
2013,12,12,12,1809
2013,12,12,13,1742
2013,12,12,14,1707
2013,12,12,15,1690
2013,12,12,16,1711
2013,12,12,17,1775
2013,12,12,18,1881
2013,12,12,19,2003
2013,12,12,20,2033
2013,12,12,21,2000
2013,12,12,22,1893
2013,12,12,23,1761
2013,12,13,0,1656
2013,12,13,1,1595
2013,12,13,2,1568
2013,12,13,3,1577
2013,12,13,4,1665
2013,12,13,5,1817
2013,12,13,6,2003
2013,12,13,7,2173
2013,12,13,8,2292
2013,12,13,9,2325
2013,12,13,10,2255
2013,12,13,11,2120
2013,12,13,12,1960
2013,12,13,13,1813
2013,12,13,14,1708
2013,12,13,15,1652
2013,12,13,16,1642
2013,12,13,17,1691
2013,12,13,18,1785
2013,12,13,19,1892
2013,12,13,20,1986
2013,12,13,21,2049
2013,12,13,22,2041
2013,12,13,23,1958
2013,12,14,0,1831
2013,12,14,1,1702
2013,12,14,2,1601
2013,12,14,3,1548
2013,12,14,4,1583
2013,12,14,5,1701
2013,12,14,6,1886
2013,12,14,7,2103
2013,12,14,8,2300
2013,12,14,9,2415
2013,12,14,10,2413
2013,12,14,11,2321
2013,12,14,12,2163
2013,12,14,13,1982
2013,12,14,14,1818
2013,12,14,15,1691
2013,12,14,16,1619
2013,12,14,17,1612
2013,12,14,18,1681
2013,12,14,19,1796
2013,12,14,20,1913
2013,12,14,21,2020
2013,12,14,22,2082
2013,12,14,23,2059
2013,12,15,0,1959
2013,12,15,1,1812
2013,12,15,2,1662
2013,12,15,3,1544
2013,12,15,4,1517
2013,12,15,5,1592
2013,12,15,6,1755
2013,12,15,7,1972
2013,12,15,8,2188
2013,12,15,9,2347
2013,12,15,10,2433
2013,12,15,11,2439
2013,12,15,12,2351
2013,12,15,13,2175
2013,12,15,14,1956
2013,12,15,15,1755
2013,12,15,16,1624
2013,12,15,17,1577
2013,12,15,18,1602
2013,12,15,19,1668
2013,12,15,20,1814
2013,12,15,21,1951
2013,12,15,22,2060
2013,12,15,23,2098
2013,12,16,0,2058
2013,12,16,1,1929
2013,12,16,2,1742
2013,12,16,3,1551
2013,12,16,4,1452
2013,12,16,5,1483
2013,12,16,6,1624
2013,12,16,7,1837
2013,12,16,8,2068
2013,12,16,9,2274
2013,12,16,10,2414
2013,12,16,11,2462
2013,12,16,12,2428
2013,12,16,13,2296
2013,12,16,14,2097
2013,12,16,15,1873
2013,12,16,16,1676
2013,12,16,17,1560
2013,12,16,18,1540
2013,12,16,19,1592
2013,12,16,20,1707
2013,12,16,21,1862
2013,12,16,22,2011
2013,12,16,23,2105
2013,12,17,0,2125
2013,12,17,1,2050
2013,12,17,2,1884
2013,12,17,3,1671
2013,12,17,4,1486
2013,12,17,5,1418
2013,12,17,6,1495
2013,12,17,7,1686
2013,12,17,8,1925
2013,12,17,9,2148
2013,12,17,10,2324
2013,12,17,11,2442
2013,12,17,12,2477
2013,12,17,13,2420
2013,12,17,14,2251
2013,12,17,15,2010
2013,12,17,16,1780
2013,12,17,17,1598
2013,12,17,18,1523
2013,12,17,19,1543
2013,12,17,20,1646
2013,12,17,21,1809
2013,12,17,22,1976
2013,12,17,23,2102
2013,12,18,0,2163
2013,12,18,1,2132
2013,12,18,2,2002
2013,12,18,3,1806
2013,12,18,4,1603
2013,12,18,5,1478
2013,12,18,6,1468
2013,12,18,7,1586
2013,12,18,8,1809
2013,12,18,9,2063
2013,12,18,10,2281
2013,12,18,11,2439
2013,12,18,12,2530
2013,12,18,13,2530
2013,12,18,14,2417
2013,12,18,15,2197
2013,12,18,16,1936
2013,12,18,17,1711
2013,12,18,18,1581
2013,12,18,19,1547
2013,12,18,20,1600
2013,12,18,21,1729
2013,12,18,22,1908
2013,12,18,23,2087
2013,12,19,0,2194
2013,12,19,1,2210
2013,12,19,2,2115
2013,12,19,3,1931
2013,12,19,4,1716
2013,12,19,5,1541
2013,12,19,6,1492
2013,12,19,7,1577
2013,12,19,8,1754
2013,12,19,9,1977
2013,12,19,10,2205
2013,12,19,11,2403
2013,12,19,12,2527
2013,12,19,13,2576
2013,12,19,14,2522
2013,12,19,15,2342
2013,12,19,16,2061
2013,12,19,17,1813
2013,12,19,18,1608
2013,12,19,19,1534
2013,12,19,20,1565
2013,12,19,21,1681
2013,12,19,22,1839
2013,12,19,23,2010
2013,12,20,0,2163
2013,12,20,1,2257
2013,12,20,2,2236
2013,12,20,3,2097
2013,12,20,4,1891
2013,12,20,5,1689
2013,12,20,6,1573
2013,12,20,7,1589
2013,12,20,8,1710
2013,12,20,9,1896
2013,12,20,10,2113
2013,12,20,11,2329
2013,12,20,12,2504
2013,12,20,13,2600
2013,12,20,14,2616
2013,12,20,15,2484
2013,12,20,16,2282
2013,12,20,17,2008
2013,12,20,18,1776
2013,12,20,19,1632
2013,12,20,20,1600
2013,12,20,21,1671
2013,12,20,22,1806
2013,12,20,23,1970
2013,12,21,0,2135
2013,12,21,1,2257
2013,12,21,2,2286
2013,12,21,3,2210
2013,12,21,4,2055
2013,12,21,5,1870
2013,12,21,6,1717
2013,12,21,7,1652
2013,12,21,8,1698
2013,12,21,9,1835
2013,12,21,10,2028
2013,12,21,11,2246
2013,12,21,12,2444
2013,12,21,13,2571
2013,12,21,14,2625
2013,12,21,15,2570
2013,12,21,16,2395
2013,12,21,17,2143
2013,12,21,18,1887
2013,12,21,19,1691
2013,12,21,20,1596
2013,12,21,21,1613
2013,12,21,22,1727
2013,12,21,23,1898
2013,12,22,0,2071
2013,12,22,1,2217
2013,12,22,2,2294
2013,12,22,3,2284
2013,12,22,4,2189
2013,12,22,5,2028
2013,12,22,6,1857
2013,12,22,7,1731
2013,12,22,8,1707
2013,12,22,9,1786
2013,12,22,10,1946
2013,12,22,11,2164
2013,12,22,12,2375
2013,12,22,13,2529
2013,12,22,14,2595
2013,12,22,15,2564
2013,12,22,16,2436
2013,12,22,17,2226
2013,12,22,18,1986
2013,12,22,19,1763
2013,12,22,20,1621
2013,12,22,21,1597
2013,12,22,22,1667
2013,12,22,23,1809
2013,12,23,0,1976
2013,12,23,1,2139
2013,12,23,2,2258
2013,12,23,3,2297
2013,12,23,4,2258
2013,12,23,5,2140
2013,12,23,6,1977
2013,12,23,7,1826
2013,12,23,8,1735
2013,12,23,9,1744
2013,12,23,10,1845
2013,12,23,11,2016
2013,12,23,12,2210
2013,12,23,13,2374
2013,12,23,14,2477
2013,12,23,15,2490
2013,12,23,16,2416
2013,12,23,17,2261
2013,12,23,18,2047
2013,12,23,19,1820
2013,12,23,20,1644
2013,12,23,21,1581
2013,12,23,22,1608
2013,12,23,23,1710
2013,12,24,0,1863
2013,12,24,1,2034
2013,12,24,2,2162
2013,12,24,3,2283
2013,12,24,4,2295
2013,12,24,5,2244
2013,12,24,6,2125
2013,12,24,7,1982
2013,12,24,8,1857
2013,12,24,9,1805
2013,12,24,10,1837
2013,12,24,11,1932
2013,12,24,12,2081
2013,12,24,13,2240
2013,12,24,14,2358
2013,12,24,15,2406
2013,12,24,16,2386
2013,12,24,17,2292
2013,12,24,18,2132
2013,12,24,19,1937
2013,12,24,20,1755
2013,12,24,21,1634
2013,12,24,22,1599
2013,12,24,23,1645
2013,12,25,0,1761
2013,12,25,1,1920
2013,12,25,2,2069
2013,12,25,3,2172
2013,12,25,4,2243
2013,12,25,5,2268
2013,12,25,6,2212
2013,12,25,7,2094
2013,12,25,8,1955
2013,12,25,9,1849
2013,12,25,10,1810
2013,12,25,11,1848
2013,12,25,12,1941
2013,12,25,13,2066
2013,12,25,14,2179
2013,12,25,15,2246
2013,12,25,16,2261
2013,12,25,17,2232
2013,12,25,18,2158
2013,12,25,19,2022
2013,12,25,20,1851
2013,12,25,21,1700
2013,12,25,22,1615
2013,12,25,23,1603
2013,12,26,0,1669
2013,12,26,1,1790
2013,12,26,2,1932
2013,12,26,3,2060
2013,12,26,4,2167
2013,12,26,5,2249
2013,12,26,6,2275
2013,12,26,7,2216
2013,12,26,8,2089
2013,12,26,9,1950
2013,12,26,10,1842
2013,12,26,11,1800
2013,12,26,12,1822
2013,12,26,13,1897
2013,12,26,14,1989
2013,12,26,15,2057
2013,12,26,16,2095
2013,12,26,17,2110
2013,12,26,18,2094
2013,12,26,19,2033
2013,12,26,20,1921
2013,12,26,21,1790
2013,12,26,22,1678
2013,12,26,23,1609
2013,12,27,0,1614
2013,12,27,1,1677
2013,12,27,2,1785
2013,12,27,3,1914
2013,12,27,4,2060
2013,12,27,5,2208
2013,12,27,6,2314
2013,12,27,7,2348
2013,12,27,8,2289
2013,12,27,9,2154
2013,12,27,10,2006
2013,12,27,11,1894
2013,12,27,12,1834
2013,12,27,13,1823
2013,12,27,14,1860
2013,12,27,15,1915
2013,12,27,16,1975
2013,12,27,17,2035
2013,12,27,18,2078
2013,12,27,19,2081
2013,12,27,20,2013
2013,12,27,21,1898
2013,12,27,22,1766
2013,12,27,23,1647
2013,12,28,0,1579
2013,12,28,1,1571
2013,12,28,2,1624
2013,12,28,3,1727
2013,12,28,4,1880
2013,12,28,5,2069
2013,12,28,6,2243
2013,12,28,7,2357
2013,12,28,8,2381
2013,12,28,9,2310
2013,12,28,10,2169
2013,12,28,11,2008
2013,12,28,12,1863
2013,12,28,13,1758
2013,12,28,14,1713
2013,12,28,15,1727
2013,12,28,16,1800
2013,12,28,17,1891
2013,12,28,18,1991
2013,12,28,19,2054
2013,12,28,20,2064
2013,12,28,21,2023
2013,12,28,22,1922
2013,12,28,23,1781
2013,12,29,0,1650
2013,12,29,1,1554
2013,12,29,2,1518
2013,12,29,3,1562
2013,12,29,4,1687
2013,12,29,5,1885
2013,12,29,6,2098
2013,12,29,7,2283
2013,12,29,8,2414
2013,12,29,9,2452
2013,12,29,10,2376
2013,12,29,11,2213
2013,12,29,12,2019
2013,12,29,13,1828
2013,12,29,14,1691
2013,12,29,15,1622
2013,12,29,16,1604
2013,12,29,17,1670
2013,12,29,18,1788
2013,12,29,19,1929
2013,12,29,20,2036
2013,12,29,21,2075
2013,12,29,22,2036
2013,12,29,23,1915
2013,12,30,0,1746
2013,12,30,1,1582
2013,12,30,2,1456
2013,12,30,3,1414
2013,12,30,4,1482
2013,12,30,5,1665
2013,12,30,6,1909
2013,12,30,7,2173
2013,12,30,8,2394
2013,12,30,9,2522
2013,12,30,10,2533
2013,12,30,11,2434
2013,12,30,12,2247
2013,12,30,13,2003
2013,12,30,14,1771
2013,12,30,15,1590
2013,12,30,16,1504
2013,12,30,17,1527
2013,12,30,18,1635
2013,12,30,19,1785
2013,12,30,20,1949
2013,12,30,21,2078
2013,12,30,22,2131
2013,12,30,23,2078
2013,12,31,0,1926
2013,12,31,1,1717
2013,12,31,2,1516
2013,12,31,3,1382
2013,12,31,4,1369
2013,12,31,5,1480
2013,12,31,6,1693
2013,12,31,7,1961
2013,12,31,8,2241
2013,12,31,9,2478
2013,12,31,10,2624
2013,12,31,11,2640
2013,12,31,12,2520
2013,12,31,13,2276
2013,12,31,14,1969
2013,12,31,15,1680
2013,12,31,16,1495
2013,12,31,17,1417
2013,12,31,18,1474
2013,12,31,19,1612
2013,12,31,20,1796
2013,12,31,21,1983
2013,12,31,22,2131
2013,12,31,23,2196
2014,1,1,0,2137
2014,1,1,1,1959
2014,1,1,2,1701
2014,1,1,3,1454
2014,1,1,4,1316
2014,1,1,5,1330
2014,1,1,6,1485
2014,1,1,7,1728
2014,1,1,8,2010
2014,1,1,9,2294
2014,1,1,10,2549
2014,1,1,11,2714
2014,1,1,12,2725
2014,1,1,13,2569
2014,1,1,14,2281
2014,1,1,15,1931
2014,1,1,16,1618
2014,1,1,17,1421
2014,1,1,18,1365
2014,1,1,19,1432
2014,1,1,20,1600
2014,1,1,21,1827
2014,1,1,22,2042
2014,1,1,23,2194
2014,1,2,0,2250
2014,1,2,1,2165
2014,1,2,2,1942
2014,1,2,3,1652
2014,1,2,4,1397
2014,1,2,5,1273
2014,1,2,6,1319
2014,1,2,7,1498
2014,1,2,8,1762
2014,1,2,9,2072
2014,1,2,10,2369
2014,1,2,11,2609
2014,1,2,12,2746
2014,1,2,13,2730
2014,1,2,14,2528
2014,1,2,15,2196
2014,1,2,16,1837
2014,1,2,17,1521
2014,1,2,18,1343
2014,1,2,19,1316
2014,1,2,20,1414
2014,1,2,21,1605
2014,1,2,22,1837
2014,1,2,23,2070
2014,1,3,0,2243
2014,1,3,1,2294
2014,1,3,2,2166
2014,1,3,3,1906
2014,1,3,4,1604
2014,1,3,5,1361
2014,1,3,6,1254
2014,1,3,7,1315
2014,1,3,8,1510
2014,1,3,9,1785
2014,1,3,10,2091
2014,1,3,11,2390
2014,1,3,12,2620
2014,1,3,13,2733
2014,1,3,14,2687
2014,1,3,15,2452
2014,1,3,16,2105
2014,1,3,17,1742
2014,1,3,18,1450
2014,1,3,19,1294
2014,1,3,20,1291
2014,1,3,21,1422
2014,1,3,22,1635
2014,1,3,23,1888
2014,1,4,0,2146
2014,1,4,1,2312
2014,1,4,2,2315
2014,1,4,3,2154
2014,1,4,4,1871
2014,1,4,5,1580
2014,1,4,6,1357
2014,1,4,7,1280
2014,1,4,8,1342
2014,1,4,9,1510
2014,1,4,10,1773
2014,1,4,11,2069
2014,1,4,12,2347
2014,1,4,13,2559
2014,1,4,14,2641
2014,1,4,15,2546
2014,1,4,16,2284
2014,1,4,17,1939
2014,1,4,18,1598
2014,1,4,19,1358
2014,1,4,20,1262
2014,1,4,21,1290
2014,1,4,22,1441
2014,1,4,23,1671
2014,1,5,0,1935
2014,1,5,1,2175
2014,1,5,2,2304
2014,1,5,3,2281
2014,1,5,4,2108
2014,1,5,5,1858
2014,1,5,6,1599
2014,1,5,7,1404
2014,1,5,8,1339
2014,1,5,9,1397
2014,1,5,10,1577
2014,1,5,11,1830
2014,1,5,12,2082
2014,1,5,13,2298
2014,1,5,14,2438
2014,1,5,15,2474
2014,1,5,16,2362
2014,1,5,17,2115
2014,1,5,18,1805
2014,1,5,19,1517
2014,1,5,20,1334
2014,1,5,21,1285
2014,1,5,22,1357
2014,1,5,23,1529
2014,1,6,0,1756
2014,1,6,1,1997
2014,1,6,2,2177
2014,1,6,3,2259
2014,1,6,4,2228
2014,1,6,5,2090
2014,1,6,6,1890
2014,1,6,7,1664
2014,1,6,8,1493
2014,1,6,9,1430
2014,1,6,10,1492
2014,1,6,11,1652
2014,1,6,12,1861
2014,1,6,13,2054
2014,1,6,14,2189
2014,1,6,15,2271
2014,1,6,16,2286
2014,1,6,17,2172
2014,1,6,18,1940
2014,1,6,19,1672
2014,1,6,20,1448
2014,1,6,21,1327
2014,1,6,22,1332
2014,1,6,23,1446
2014,1,7,0,1625
2014,1,7,1,1825
2014,1,7,2,2007
2014,1,7,3,2162
2014,1,7,4,2244
2014,1,7,5,2230
2014,1,7,6,2114
2014,1,7,7,1923
2014,1,7,8,1721
2014,1,7,9,1574
2014,1,7,10,1536
2014,1,7,11,1595
2014,1,7,12,1732
2014,1,7,13,1884
2014,1,7,14,2006
2014,1,7,15,2093
2014,1,7,16,2144
2014,1,7,17,2150
2014,1,7,18,2046
2014,1,7,19,1847
2014,1,7,20,1624
2014,1,7,21,1473
2014,1,7,22,1424
2014,1,7,23,1477
2014,1,8,0,1608
2014,1,8,1,1773
2014,1,8,2,1927
2014,1,8,3,2050
2014,1,8,4,2153
2014,1,8,5,2224
2014,1,8,6,2230
2014,1,8,7,2139
2014,1,8,8,1976
2014,1,8,9,1802
2014,1,8,10,1685
2014,1,8,11,1662
2014,1,8,12,1728
2014,1,8,13,1827
2014,1,8,14,1910
2014,1,8,15,1966
2014,1,8,16,1998
2014,1,8,17,2035
2014,1,8,18,2038
2014,1,8,19,1952
2014,1,8,20,1786
2014,1,8,21,1614
2014,1,8,22,1511
2014,1,8,23,1500
2014,1,9,0,1578
2014,1,9,1,1686
2014,1,9,2,1784
2014,1,9,3,1886
2014,1,9,4,2011
2014,1,9,5,2140
2014,1,9,6,2231
2014,1,9,7,2241
2014,1,9,8,2136
2014,1,9,9,1977
2014,1,9,10,1819
2014,1,9,11,1714
2014,1,9,12,1694
2014,1,9,13,1723
2014,1,9,14,1769
2014,1,9,15,1811
2014,1,9,16,1853
2014,1,9,17,1907
2014,1,9,18,1941
2014,1,9,19,1930
2014,1,9,20,1851
2014,1,9,21,1724
2014,1,9,22,1607
2014,1,9,23,1542
2014,1,10,0,1547
2014,1,10,1,1603
2014,1,10,2,1684
2014,1,10,3,1776
2014,1,10,4,1870
2014,1,10,5,1992
2014,1,10,6,2134
2014,1,10,7,2241
2014,1,10,8,2248
2014,1,10,9,2151
2014,1,10,10,2000
2014,1,10,11,1868
2014,1,10,12,1784
2014,1,10,13,1752
2014,1,10,14,1754
2014,1,10,15,1749
2014,1,10,16,1751
2014,1,10,17,1783
2014,1,10,18,1845
2014,1,10,19,1901
2014,1,10,20,1917
2014,1,10,21,1860
2014,1,10,22,1754
2014,1,10,23,1652
2014,1,11,0,1600
2014,1,11,1,1607
2014,1,11,2,1648
2014,1,11,3,1710
2014,1,11,4,1797
2014,1,11,5,1911
2014,1,11,6,2040
2014,1,11,7,2175
2014,1,11,8,2271
2014,1,11,9,2265
2014,1,11,10,2164
2014,1,11,11,2024
2014,1,11,12,1881
2014,1,11,13,1766
2014,1,11,14,1695
2014,1,11,15,1643
2014,1,11,16,1619
2014,1,11,17,1634
2014,1,11,18,1692
2014,1,11,19,1785
2014,1,11,20,1853
2014,1,11,21,1874
2014,1,11,22,1828
2014,1,11,23,1730
2014,1,12,0,1640
2014,1,12,1,1569
2014,1,12,2,1528
2014,1,12,3,1536
2014,1,12,4,1601
2014,1,12,5,1716
2014,1,12,6,1865
2014,1,12,7,2019
2014,1,12,8,2162
2014,1,12,9,2244
2014,1,12,10,2239
2014,1,12,11,2152
2014,1,12,12,2000
2014,1,12,13,1833
2014,1,12,14,1698
2014,1,12,15,1592
2014,1,12,16,1535
2014,1,12,17,1533
2014,1,12,18,1581
2014,1,12,19,1681
2014,1,12,20,1769
2014,1,12,21,1854
2014,1,12,22,1890
2014,1,12,23,1861
2014,1,13,0,1778
2014,1,13,1,1650
2014,1,13,2,1527
2014,1,13,3,1456
2014,1,13,4,1473
2014,1,13,5,1574
2014,1,13,6,1726
2014,1,13,7,1911
2014,1,13,8,2079
2014,1,13,9,2200
2014,1,13,10,2258
2014,1,13,11,2227
2014,1,13,12,2124
2014,1,13,13,1977
2014,1,13,14,1797
2014,1,13,15,1618
2014,1,13,16,1491
2014,1,13,17,1448
2014,1,13,18,1481
2014,1,13,19,1569
2014,1,13,20,1686
2014,1,13,21,1793
2014,1,13,22,1867
2014,1,13,23,1889
2014,1,14,0,1847
2014,1,14,1,1728
2014,1,14,2,1564
2014,1,14,3,1427
2014,1,14,4,1384
2014,1,14,5,1447
2014,1,14,6,1577
2014,1,14,7,1751
2014,1,14,8,1948
2014,1,14,9,2124
2014,1,14,10,2243
2014,1,14,11,2264
2014,1,14,12,2183
2014,1,14,13,2055
2014,1,14,14,1870
2014,1,14,15,1663
2014,1,14,16,1488
2014,1,14,17,1387
2014,1,14,18,1390
2014,1,14,19,1463
2014,1,14,20,1580
2014,1,14,21,1726
2014,1,14,22,1858
2014,1,14,23,1933
2014,1,15,0,1925
2014,1,15,1,1829
2014,1,15,2,1676
2014,1,15,3,1508
2014,1,15,4,1406
2014,1,15,5,1409
2014,1,15,6,1499
2014,1,15,7,1673
2014,1,15,8,1859
2014,1,15,9,2049
2014,1,15,10,2201
2014,1,15,11,2289
2014,1,15,12,2292
2014,1,15,13,2199
2014,1,15,14,2017
2014,1,15,15,1782
2014,1,15,16,1550
2014,1,15,17,1393
2014,1,15,18,1352
2014,1,15,19,1411
2014,1,15,20,1546
2014,1,15,21,1707
2014,1,15,22,1851
2014,1,15,23,1964
2014,1,16,0,2012
2014,1,16,1,1969
2014,1,16,2,1812
2014,1,16,3,1595
2014,1,16,4,1417
2014,1,16,5,1347
2014,1,16,6,1407
2014,1,16,7,1553
2014,1,16,8,1739
2014,1,16,9,1939
2014,1,16,10,2133
2014,1,16,11,2275
2014,1,16,12,2329
2014,1,16,13,2277
2014,1,16,14,2119
2014,1,16,15,1875
2014,1,16,16,1616
2014,1,16,17,1421
2014,1,16,18,1333
2014,1,16,19,1348
2014,1,16,20,1458
2014,1,16,21,1615
2014,1,16,22,1789
2014,1,16,23,1938
2014,1,17,0,2022
2014,1,17,1,2030
2014,1,17,2,1936
2014,1,17,3,1742
2014,1,17,4,1519
2014,1,17,5,1364
2014,1,17,6,1331
2014,1,17,7,1425
2014,1,17,8,1594
2014,1,17,9,1806
2014,1,17,10,2025
2014,1,17,11,2203
2014,1,17,12,2316
2014,1,17,13,2325
2014,1,17,14,2221
2014,1,17,15,2015
2014,1,17,16,1736
2014,1,17,17,1495
2014,1,17,18,1343
2014,1,17,19,1306
2014,1,17,20,1374
2014,1,17,21,1521
2014,1,17,22,1714
2014,1,17,23,1894
2014,1,18,0,2033
2014,1,18,1,2087
2014,1,18,2,2032
2014,1,18,3,1867
2014,1,18,4,1646
2014,1,18,5,1458
2014,1,18,6,1379
2014,1,18,7,1415
2014,1,18,8,1538
2014,1,18,9,1712
2014,1,18,10,1926
2014,1,18,11,2136
2014,1,18,12,2291
2014,1,18,13,2351
2014,1,18,14,2292
2014,1,18,15,2116
2014,1,18,16,1856
2014,1,18,17,1583
2014,1,18,18,1374
2014,1,18,19,1286
2014,1,18,20,1317
2014,1,18,21,1446
2014,1,18,22,1630
2014,1,18,23,1832
2014,1,19,0,2023
2014,1,19,1,2128
2014,1,19,2,2117
2014,1,19,3,2001
2014,1,19,4,1801
2014,1,19,5,1595
2014,1,19,6,1452
2014,1,19,7,1422
2014,1,19,8,1489
2014,1,19,9,1629
2014,1,19,10,1819
2014,1,19,11,2030
2014,1,19,12,2223
2014,1,19,13,2342
2014,1,19,14,2320
2014,1,19,15,2175
2014,1,19,16,1944
2014,1,19,17,1681
2014,1,19,18,1433
2014,1,19,19,1302
2014,1,19,20,1291
2014,1,19,21,1384
2014,1,19,22,1554
2014,1,19,23,1770
2014,1,20,0,1969
2014,1,20,1,2103
2014,1,20,2,2136
2014,1,20,3,2061
2014,1,20,4,1894
2014,1,20,5,1693
2014,1,20,6,1529
2014,1,20,7,1444
2014,1,20,8,1461
2014,1,20,9,1564
2014,1,20,10,1717
2014,1,20,11,1913
2014,1,20,12,2110
2014,1,20,13,2256
2014,1,20,14,2297
2014,1,20,15,2213
2014,1,20,16,2032
2014,1,20,17,1802
2014,1,20,18,1573
2014,1,20,19,1395
2014,1,20,20,1318
2014,1,20,21,1345
2014,1,20,22,1480
2014,1,20,23,1677
2014,1,21,0,1895
2014,1,21,1,2079
2014,1,21,2,2176
2014,1,21,3,2166
2014,1,21,4,2060
2014,1,21,5,1896
2014,1,21,6,1707
2014,1,21,7,1546
2014,1,21,8,1454
2014,1,21,9,1464
2014,1,21,10,1569
2014,1,21,11,1760
2014,1,21,12,1965
2014,1,21,13,2134
2014,1,21,14,2218
2014,1,21,15,2189
2014,1,21,16,2058
2014,1,21,17,1873
2014,1,21,18,1655
2014,1,21,19,1453
2014,1,21,20,1321
2014,1,21,21,1291
2014,1,21,22,1369
2014,1,21,23,1541
2014,1,22,0,1766
2014,1,22,1,1956
2014,1,22,2,2061
2014,1,22,3,2083
2014,1,22,4,2043
2014,1,22,5,1963
2014,1,22,6,1831
2014,1,22,7,1674
2014,1,22,8,1547
2014,1,22,9,1496
2014,1,22,10,1554
2014,1,22,11,1689
2014,1,22,12,1868
2014,1,22,13,2024
2014,1,22,14,2111
2014,1,22,15,2121
2014,1,22,16,2063
2014,1,22,17,1955
2014,1,22,18,1785
2014,1,22,19,1567
2014,1,22,20,1378
2014,1,22,21,1283
2014,1,22,22,1291
2014,1,22,23,1410
2014,1,23,0,1613
2014,1,23,1,1827
2014,1,23,2,1974
2014,1,23,3,2038
2014,1,23,4,2050
2014,1,23,5,2021
2014,1,23,6,1941
2014,1,23,7,1796
2014,1,23,8,1616
2014,1,23,9,1508
2014,1,23,10,1484
2014,1,23,11,1546
2014,1,23,12,1687
2014,1,23,13,1847
2014,1,23,14,1960
2014,1,23,15,2000
2014,1,23,16,1976
2014,1,23,17,1899
2014,1,23,18,1778
2014,1,23,19,1608
2014,1,23,20,1436
2014,1,23,21,1321
2014,1,23,22,1303
2014,1,23,23,1382
2014,1,24,0,1515
2014,1,24,1,1689
2014,1,24,2,1851
2014,1,24,3,1980
2014,1,24,4,2062
2014,1,24,5,2078
2014,1,24,6,2028
2014,1,24,7,1898
2014,1,24,8,1738
2014,1,24,9,1619
2014,1,24,10,1562
2014,1,24,11,1577
2014,1,24,12,1647
2014,1,24,13,1747
2014,1,24,14,1840
2014,1,24,15,1904
2014,1,24,16,1927
2014,1,24,17,1920
2014,1,24,18,1850
2014,1,24,19,1721
2014,1,24,20,1564
2014,1,24,21,1429
2014,1,24,22,1375
2014,1,24,23,1389
2014,1,25,0,1460
2014,1,25,1,1577
2014,1,25,2,1706
2014,1,25,3,1843
2014,1,25,4,1982
2014,1,25,5,2097
2014,1,25,6,2142
2014,1,25,7,2086
2014,1,25,8,1958
2014,1,25,9,1804
2014,1,25,10,1677
2014,1,25,11,1616
2014,1,25,12,1615
2014,1,25,13,1646
2014,1,25,14,1688
2014,1,25,15,1731
2014,1,25,16,1775
2014,1,25,17,1806
2014,1,25,18,1828
2014,1,25,19,1790
2014,1,25,20,1687
2014,1,25,21,1550
2014,1,25,22,1430
2014,1,25,23,1358
2014,1,26,0,1364
2014,1,26,1,1463
2014,1,26,2,1565
2014,1,26,3,1693
2014,1,26,4,1832
2014,1,26,5,1969
2014,1,26,6,2083
2014,1,26,7,2142
2014,1,26,8,2119
2014,1,26,9,2009
2014,1,26,10,1848
2014,1,26,11,1696
2014,1,26,12,1588
2014,1,26,13,1532
2014,1,26,14,1525
2014,1,26,15,1551
2014,1,26,16,1597
2014,1,26,17,1653
2014,1,26,18,1712
2014,1,26,19,1753
2014,1,26,20,1750
2014,1,26,21,1686
2014,1,26,22,1573
2014,1,26,23,1457
2014,1,27,0,1375
2014,1,27,1,1347
2014,1,27,2,1377
2014,1,27,3,1466
2014,1,27,4,1582
2014,1,27,5,1741
2014,1,27,6,1902
2014,1,27,7,2084
2014,1,27,8,2161
2014,1,27,9,2165
2014,1,27,10,2062
2014,1,27,11,1896
2014,1,27,12,1716
2014,1,27,13,1570
2014,1,27,14,1487
2014,1,27,15,1446
2014,1,27,16,1454
2014,1,27,17,1518
2014,1,27,18,1613
2014,1,27,19,1708
2014,1,27,20,1777
2014,1,27,21,1800
2014,1,27,22,1761
2014,1,27,23,1666
2014,1,28,0,1528
2014,1,28,1,1415
2014,1,28,2,1349
2014,1,28,3,1352
2014,1,28,4,1449
2014,1,28,5,1638
2014,1,28,6,1870
2014,1,28,7,2042
2014,1,28,8,2218
2014,1,28,9,2301
2014,1,28,10,2271
2014,1,28,11,2132
2014,1,28,12,1935
2014,1,28,13,1716
2014,1,28,14,1513
2014,1,28,15,1373
2014,1,28,16,1307
2014,1,28,17,1330
2014,1,28,18,1440
2014,1,28,19,1589
2014,1,28,20,1732
2014,1,28,21,1830
2014,1,28,22,1866
2014,1,28,23,1821
2014,1,29,0,1707
2014,1,29,1,1546
2014,1,29,2,1379
2014,1,29,3,1266
2014,1,29,4,1257
2014,1,29,5,1372
2014,1,29,6,1587
2014,1,29,7,1853
2014,1,29,8,2101
2014,1,29,9,2282
2014,1,29,10,2361
2014,1,29,11,2328
2014,1,29,12,2191
2014,1,29,13,1971
2014,1,29,14,1719
2014,1,29,15,1437
2014,1,29,16,1280
2014,1,29,17,1213
2014,1,29,18,1272
2014,1,29,19,1427
2014,1,29,20,1618
2014,1,29,21,1807
2014,1,29,22,1942
2014,1,29,23,1985
2014,1,30,0,1920
2014,1,30,1,1763
2014,1,30,2,1550
2014,1,30,3,1348
2014,1,30,4,1230
2014,1,30,5,1243
2014,1,30,6,1379
2014,1,30,7,1599
2014,1,30,8,1874
2014,1,30,9,2147
2014,1,30,10,2358
2014,1,30,11,2446
2014,1,30,12,2387
2014,1,30,13,2193
2014,1,30,14,1908
2014,1,30,15,1590
2014,1,30,16,1310
2014,1,30,17,1140
2014,1,30,18,1111
2014,1,30,19,1213
2014,1,30,20,1409
2014,1,30,21,1649
2014,1,30,22,1881
2014,1,30,23,2038
2014,1,31,0,2074
2014,1,31,1,1968
2014,1,31,2,1746
2014,1,31,3,1485
2014,1,31,4,1266
2014,1,31,5,1163
2014,1,31,6,1208
2014,1,31,7,1370
2014,1,31,8,1621
2014,1,31,9,1927
2014,1,31,10,2222
2014,1,31,11,2438
2014,1,31,12,2515
2014,1,31,13,2425
2014,1,31,14,2176
2014,1,31,15,1832
2014,1,31,16,1486
2014,1,31,17,1222
2014,1,31,18,1099
2014,1,31,19,1117
2014,1,31,20,1252
2014,1,31,21,1487
2014,1,31,22,1768
2014,1,31,23,2024
2014,2,1,0,2186
2014,2,1,1,2196
2014,2,1,2,2055
2014,2,1,3,1759
2014,2,1,4,1490
2014,2,1,5,1274
2014,2,1,6,1192
2014,2,1,7,1247
2014,2,1,8,1414
2014,2,1,9,1678
2014,2,1,10,1996
2014,2,1,11,2277
2014,2,1,12,2460
2014,2,1,13,2494
2014,2,1,14,2363
2014,2,1,15,2077
2014,2,1,16,1707
2014,2,1,17,1357
2014,2,1,18,1105
2014,2,1,19,1016
2014,2,1,20,1095
2014,2,1,21,1300
2014,2,1,22,1579
2014,2,1,23,1856
2014,2,2,0,2095
2014,2,2,1,2245
2014,2,2,2,2233
2014,2,2,3,2036
2014,2,2,4,1727
2014,2,2,5,1424
2014,2,2,6,1222
2014,2,2,7,1166
2014,2,2,8,1258
2014,2,2,9,1462
2014,2,2,10,1742
2014,2,2,11,2039
2014,2,2,12,2287
2014,2,2,13,2435
2014,2,2,14,2435
2014,2,2,15,2265
2014,2,2,16,1956
2014,2,2,17,1597
2014,2,2,18,1276
2014,2,2,19,1093
2014,2,2,20,1075
2014,2,2,21,1216
2014,2,2,22,1462
2014,2,2,23,1745
2014,2,3,0,2002
2014,2,3,1,2199
2014,2,3,2,2272
2014,2,3,3,2195
2014,2,3,4,1980
2014,2,3,5,1702
2014,2,3,6,1435
2014,2,3,7,1255
2014,2,3,8,1223
2014,2,3,9,1321
2014,2,3,10,1528
2014,2,3,11,1792
2014,2,3,12,2037
2014,2,3,13,2218
2014,2,3,14,2300
2014,2,3,15,2246
2014,2,3,16,2064
2014,2,3,17,1779
2014,2,3,18,1468
2014,2,3,19,1220
2014,2,3,20,1118
2014,2,3,21,1174
2014,2,3,22,1344
2014,2,3,23,1591
2014,2,4,0,1849
2014,2,4,1,2085
2014,2,4,2,2239
2014,2,4,3,2274
2014,2,4,4,2175
2014,2,4,5,1964
2014,2,4,6,1706
2014,2,4,7,1481
2014,2,4,8,1352
2014,2,4,9,1355
2014,2,4,10,1463
2014,2,4,11,1654
2014,2,4,12,1860
2014,2,4,13,2034
2014,2,4,14,2149
2014,2,4,15,2188
2014,2,4,16,2116
2014,2,4,17,1921
2014,2,4,18,1653
2014,2,4,19,1389
2014,2,4,20,1231
2014,2,4,21,1207
2014,2,4,22,1315
2014,2,4,23,1516
2014,2,5,0,1747
2014,2,5,1,1958
2014,2,5,2,2129
2014,2,5,3,2231
2014,2,5,4,2239
2014,2,5,5,2136
2014,2,5,6,1939
2014,2,5,7,1711
2014,2,5,8,1516
2014,2,5,9,1430
2014,2,5,10,1454
2014,2,5,11,1565
2014,2,5,12,1719
2014,2,5,13,1872
2014,2,5,14,1997
2014,2,5,15,2063
2014,2,5,16,2054
2014,2,5,17,1964
2014,2,5,18,1789
2014,2,5,19,1564
2014,2,5,20,1371
2014,2,5,21,1276
2014,2,5,22,1297
2014,2,5,23,1410
2014,2,6,0,1593
2014,2,6,1,1801
2014,2,6,2,1984
2014,2,6,3,2112
2014,2,6,4,2179
2014,2,6,5,2173
2014,2,6,6,2079
2014,2,6,7,1917
2014,2,6,8,1731
2014,2,6,9,1592
2014,2,6,10,1536
2014,2,6,11,1562
2014,2,6,12,1642
2014,2,6,13,1738
2014,2,6,14,1816
2014,2,6,15,1903
2014,2,6,16,1949
2014,2,6,17,1929
2014,2,6,18,1827
2014,2,6,19,1679
2014,2,6,20,1519
2014,2,6,21,1402
2014,2,6,22,1369
2014,2,6,23,1420
2014,2,7,0,1550
2014,2,7,1,1711
2014,2,7,2,1849
2014,2,7,3,1961
2014,2,7,4,2033
2014,2,7,5,2093
2014,2,7,6,2113
2014,2,7,7,2045
2014,2,7,8,1905
2014,2,7,9,1752
2014,2,7,10,1646
2014,2,7,11,1616
2014,2,7,12,1643
2014,2,7,13,1695
2014,2,7,14,1739
2014,2,7,15,1766
2014,2,7,16,1791
2014,2,7,17,1814
2014,2,7,18,1805
2014,2,7,19,1733
2014,2,7,20,1628
2014,2,7,21,1521
2014,2,7,22,1460
2014,2,7,23,1466
2014,2,8,0,1533
2014,2,8,1,1630
2014,2,8,2,1723
2014,2,8,3,1807
2014,2,8,4,1892
2014,2,8,5,1981
2014,2,8,6,2043
2014,2,8,7,2050
2014,2,8,8,1987
2014,2,8,9,1893
2014,2,8,10,1796
2014,2,8,11,1719
2014,2,8,12,1663
2014,2,8,13,1640
2014,2,8,14,1647
2014,2,8,15,1668
2014,2,8,16,1683
2014,2,8,17,1694
2014,2,8,18,1712
2014,2,8,19,1726
2014,2,8,20,1724
2014,2,8,21,1670
2014,2,8,22,1587
2014,2,8,23,1523
2014,2,9,0,1511
2014,2,9,1,1559
2014,2,9,2,1630
2014,2,9,3,1697
2014,2,9,4,1763
2014,2,9,5,1851
2014,2,9,6,1959
2014,2,9,7,2059
2014,2,9,8,2094
2014,2,9,9,2048
2014,2,9,10,1943
2014,2,9,11,1828
2014,2,9,12,1739
2014,2,9,13,1675
2014,2,9,14,1646
2014,2,9,15,1624
2014,2,9,16,1604
2014,2,9,17,1610
2014,2,9,18,1656
2014,2,9,19,1723
2014,2,9,20,1783
2014,2,9,21,1782
2014,2,9,22,1717
2014,2,9,23,1633
2014,2,10,0,1575
2014,2,10,1,1568
2014,2,10,2,1603
2014,2,10,3,1638
2014,2,10,4,1694
2014,2,10,5,1783
2014,2,10,6,1901
2014,2,10,7,2030
2014,2,10,8,2116
2014,2,10,9,2140
2014,2,10,10,2093
2014,2,10,11,1998
2014,2,10,12,1885
2014,2,10,13,1791
2014,2,10,14,1677
2014,2,10,15,1598
2014,2,10,16,1562
2014,2,10,17,1567
2014,2,10,18,1603
2014,2,10,19,1673
2014,2,10,20,1762
2014,2,10,21,1834
2014,2,10,22,1844
2014,2,10,23,1784
2014,2,11,0,1692
2014,2,11,1,1624
2014,2,11,2,1595
2014,2,11,3,1592
2014,2,11,4,1619
2014,2,11,5,1677
2014,2,11,6,1773
2014,2,11,7,1908
2014,2,11,8,2058
2014,2,11,9,2177
2014,2,11,10,2213
2014,2,11,11,2146
2014,2,11,12,2017
2014,2,11,13,1865
2014,2,11,14,1723
2014,2,11,15,1601
2014,2,11,16,1511
2014,2,11,17,1482
2014,2,11,18,1519
2014,2,11,19,1606
2014,2,11,20,1731
2014,2,11,21,1835
2014,2,11,22,1891
2014,2,11,23,1889
2014,2,12,0,1827
2014,2,12,1,1731
2014,2,12,2,1616
2014,2,12,3,1518
2014,2,12,4,1482
2014,2,12,5,1531
2014,2,12,6,1660
2014,2,12,7,1825
2014,2,12,8,1989
2014,2,12,9,2115
2014,2,12,10,2187
2014,2,12,11,2194
2014,2,12,12,2123
2014,2,12,13,1980
2014,2,12,14,1783
2014,2,12,15,1584
2014,2,12,16,1440
2014,2,12,17,1381
2014,2,12,18,1401
2014,2,12,19,1489
2014,2,12,20,1629
2014,2,12,21,1784
2014,2,12,22,1905
2014,2,12,23,1958
2014,2,13,0,1929
2014,2,13,1,1813
2014,2,13,2,1649
2014,2,13,3,1500
2014,2,13,4,1421
2014,2,13,5,1441
2014,2,13,6,1536
2014,2,13,7,1712
2014,2,13,8,1881
2014,2,13,9,2069
2014,2,13,10,2224
2014,2,13,11,2287
2014,2,13,12,2249
2014,2,13,13,2115
2014,2,13,14,1906
2014,2,13,15,1691
2014,2,13,16,1463
2014,2,13,17,1374
2014,2,13,18,1362
2014,2,13,19,1441
2014,2,13,20,1582
2014,2,13,21,1756
2014,2,13,22,1918
2014,2,13,23,2023
2014,2,14,0,2031
2014,2,14,1,1941
2014,2,14,2,1772
2014,2,14,3,1584
2014,2,14,4,1447
2014,2,14,5,1392
2014,2,14,6,1448
2014,2,14,7,1584
2014,2,14,8,1761
2014,2,14,9,1985
2014,2,14,10,2158
2014,2,14,11,2287
2014,2,14,12,2302
2014,2,14,13,2215
2014,2,14,14,2031
2014,2,14,15,1792
2014,2,14,16,1553
2014,2,14,17,1375
2014,2,14,18,1321
2014,2,14,19,1379
2014,2,14,20,1525
2014,2,14,21,1714
2014,2,14,22,1890
2014,2,14,23,2031
2014,2,15,0,2097
2014,2,15,1,2067
2014,2,15,2,1926
2014,2,15,3,1705
2014,2,15,4,1484
2014,2,15,5,1352
2014,2,15,6,1357
2014,2,15,7,1471
2014,2,15,8,1648
2014,2,15,9,1867
2014,2,15,10,2053
2014,2,15,11,2215
2014,2,15,12,2284
2014,2,15,13,2239
2014,2,15,14,2105
2014,2,15,15,1854
2014,2,15,16,1600
2014,2,15,17,1360
2014,2,15,18,1241
2014,2,15,19,1263
2014,2,15,20,1398
2014,2,15,21,1595
2014,2,15,22,1795
2014,2,15,23,1962
2014,2,16,0,2058
2014,2,16,1,2070
2014,2,16,2,2004
2014,2,16,3,1837
2014,2,16,4,1610
2014,2,16,5,1407
2014,2,16,6,1313
2014,2,16,7,1363
2014,2,16,8,1520
2014,2,16,9,1740
2014,2,16,10,1974
2014,2,16,11,2155
2014,2,16,12,2264
2014,2,16,13,2287
2014,2,16,14,2185
2014,2,16,15,2016
2014,2,16,16,1740
2014,2,16,17,1469
2014,2,16,18,1279
2014,2,16,19,1240
2014,2,16,20,1347
2014,2,16,21,1547
2014,2,16,22,1780
2014,2,16,23,1993
2014,2,17,0,2140
2014,2,17,1,2199
2014,2,17,2,2159
2014,2,17,3,2005
2014,2,17,4,1758
2014,2,17,5,1511
2014,2,17,6,1354
2014,2,17,7,1335
2014,2,17,8,1445
2014,2,17,9,1645
2014,2,17,10,1890
2014,2,17,11,2108
2014,2,17,12,2259
2014,2,17,13,2323
2014,2,17,14,2279
2014,2,17,15,2118
2014,2,17,16,1853
2014,2,17,17,1553
2014,2,17,18,1315
2014,2,17,19,1217
2014,2,17,20,1278
2014,2,17,21,1449
2014,2,17,22,1674
2014,2,17,23,1912
2014,2,18,0,2106
2014,2,18,1,2223
2014,2,18,2,2238
2014,2,18,3,2137
2014,2,18,4,1928
2014,2,18,5,1682
2014,2,18,6,1476
2014,2,18,7,1371
2014,2,18,8,1404
2014,2,18,9,1537
2014,2,18,10,1735
2014,2,18,11,1941
2014,2,18,12,2114
2014,2,18,13,2223
2014,2,18,14,2246
2014,2,18,15,2151
2014,2,18,16,1951
2014,2,18,17,1677
2014,2,18,18,1411
2014,2,18,19,1247
2014,2,18,20,1241
2014,2,18,21,1355
2014,2,18,22,1543
2014,2,18,23,1762
2014,2,19,0,1954
2014,2,19,1,2116
2014,2,19,2,2200
2014,2,19,3,2182
2014,2,19,4,2034
2014,2,19,5,1788
2014,2,19,6,1554
2014,2,19,7,1378
2014,2,19,8,1352
2014,2,19,9,1437
2014,2,19,10,1594
2014,2,19,11,1789
2014,2,19,12,1965
2014,2,19,13,2102
2014,2,19,14,2163
2014,2,19,15,2130
2014,2,19,16,1992
2014,2,19,17,1765
2014,2,19,18,1517
2014,2,19,19,1330
2014,2,19,20,1251
2014,2,19,21,1307
2014,2,19,22,1447
2014,2,19,23,1647
2014,2,20,0,1853
2014,2,20,1,2034
2014,2,20,2,2166
2014,2,20,3,2206
2014,2,20,4,2137
2014,2,20,5,1959
2014,2,20,6,1738
2014,2,20,7,1538
2014,2,20,8,1425
2014,2,20,9,1438
2014,2,20,10,1540
2014,2,20,11,1697
2014,2,20,12,1854
2014,2,20,13,1979
2014,2,20,14,2051
2014,2,20,15,2070
2014,2,20,16,2011
2014,2,20,17,1852
2014,2,20,18,1614
2014,2,20,19,1385
2014,2,20,20,1261
2014,2,20,21,1266
2014,2,20,22,1374
2014,2,20,23,1556
2014,2,21,0,1759
2014,2,21,1,1936
2014,2,21,2,2078
2014,2,21,3,2173
2014,2,21,4,2185
2014,2,21,5,2082
2014,2,21,6,1890
2014,2,21,7,1671
2014,2,21,8,1497
2014,2,21,9,1438
2014,2,21,10,1478
2014,2,21,11,1585
2014,2,21,12,1721
2014,2,21,13,1827
2014,2,21,14,1919
2014,2,21,15,1981
2014,2,21,16,1975
2014,2,21,17,1878
2014,2,21,18,1693
2014,2,21,19,1460
2014,2,21,20,1305
2014,2,21,21,1261
2014,2,21,22,1323
2014,2,21,23,1449
2014,2,22,0,1617
2014,2,22,1,1783
2014,2,22,2,1925
2014,2,22,3,2029
2014,2,22,4,2095
2014,2,22,5,2089
2014,2,22,6,1989
2014,2,22,7,1811
2014,2,22,8,1622
2014,2,22,9,1492
2014,2,22,10,1464
2014,2,22,11,1510
2014,2,22,12,1600
2014,2,22,13,1701
2014,2,22,14,1788
2014,2,22,15,1830
2014,2,22,16,1847
2014,2,22,17,1826
2014,2,22,18,1737
2014,2,22,19,1595
2014,2,22,20,1440
2014,2,22,21,1332
2014,2,22,22,1318
2014,2,22,23,1390
2014,2,23,0,1530
2014,2,23,1,1697
2014,2,23,2,1855
2014,2,23,3,1969
2014,2,23,4,2034
2014,2,23,5,2067
2014,2,23,6,2061
2014,2,23,7,1985
2014,2,23,8,1839
2014,2,23,9,1669
2014,2,23,10,1548
2014,2,23,11,1501
2014,2,23,12,1534
2014,2,23,13,1612
2014,2,23,14,1688
2014,2,23,15,1742
2014,2,23,16,1787
2014,2,23,17,1792
2014,2,23,18,1769
2014,2,23,19,1709
2014,2,23,20,1612
2014,2,23,21,1507
2014,2,23,22,1427
2014,2,23,23,1394
2014,2,24,0,1430
2014,2,24,1,1517
2014,2,24,2,1636
2014,2,24,3,1769
2014,2,24,4,1880
2014,2,24,5,1979
2014,2,24,6,2048
2014,2,24,7,2057
2014,2,24,8,2002
2014,2,24,9,1881
2014,2,24,10,1740
2014,2,24,11,1614
2014,2,24,12,1542
2014,2,24,13,1526
2014,2,24,14,1538
2014,2,24,15,1560
2014,2,24,16,1597
2014,2,24,17,1652
2014,2,24,18,1709
2014,2,24,19,1743
2014,2,24,20,1736
2014,2,24,21,1682
2014,2,24,22,1595
2014,2,24,23,1511
2014,2,25,0,1463
2014,2,25,1,1455
2014,2,25,2,1494
2014,2,25,3,1574
2014,2,25,4,1672
2014,2,25,5,1800
2014,2,25,6,1935
2014,2,25,7,2053
2014,2,25,8,2100
2014,2,25,9,2046
2014,2,25,10,1928
2014,2,25,11,1780
2014,2,25,12,1639
2014,2,25,13,1532
2014,2,25,14,1477
2014,2,25,15,1458
2014,2,25,16,1481
2014,2,25,17,1550
2014,2,25,18,1654
2014,2,25,19,1755
2014,2,25,20,1831
2014,2,25,21,1855
2014,2,25,22,1804
2014,2,25,23,1696
2014,2,26,0,1573
2014,2,26,1,1473
2014,2,26,2,1441
2014,2,26,3,1489
2014,2,26,4,1590
2014,2,26,5,1733
2014,2,26,6,1902
2014,2,26,7,2077
2014,2,26,8,2212
2014,2,26,9,2258
2014,2,26,10,2207
2014,2,26,11,2055
2014,2,26,12,1851
2014,2,26,13,1680
2014,2,26,14,1510
2014,2,26,15,1406
2014,2,26,16,1379
2014,2,26,17,1422
2014,2,26,18,1497
2014,2,26,19,1670
2014,2,26,20,1803
2014,2,26,21,1937
2014,2,26,22,1979
2014,2,26,23,1914
2014,2,27,0,1770
2014,2,27,1,1590
2014,2,27,2,1445
2014,2,27,3,1375
2014,2,27,4,1377
2014,2,27,5,1464
2014,2,27,6,1625
2014,2,27,7,1844
2014,2,27,8,2070
2014,2,27,9,2246
2014,2,27,10,2322
2014,2,27,11,2254
2014,2,27,12,2073
2014,2,27,13,1845
2014,2,27,14,1573
2014,2,27,15,1350
2014,2,27,16,1280
2014,2,27,17,1251
2014,2,27,18,1331
2014,2,27,19,1488
2014,2,27,20,1690
2014,2,27,21,1886
2014,2,27,22,2012
2014,2,27,23,2051
2014,2,28,0,1963
2014,2,28,1,1777
2014,2,28,2,1561
2014,2,28,3,1376
2014,2,28,4,1283
2014,2,28,5,1302
2014,2,28,6,1428
2014,2,28,7,1632
2014,2,28,8,1886
2014,2,28,9,2142
2014,2,28,10,2339
2014,2,28,11,2396
2014,2,28,12,2299
2014,2,28,13,2057
2014,2,28,14,1785
2014,2,28,15,1495
2014,2,28,16,1283
2014,2,28,17,1200
2014,2,28,18,1231
2014,2,28,19,1367
2014,2,28,20,1594
2014,2,28,21,1853
2014,2,28,22,2075
2014,2,28,23,2206
2014,3,1,0,2212
2014,3,1,1,2073
2014,3,1,2,1819
2014,3,1,3,1532
2014,3,1,4,1306
2014,3,1,5,1207
2014,3,1,6,1260
2014,3,1,7,1438
2014,3,1,8,1693
2014,3,1,9,1984
2014,3,1,10,2252
2014,3,1,11,2425
2014,3,1,12,2431
2014,3,1,13,2347
2014,3,1,14,2062
2014,3,1,15,1698
2014,3,1,16,1399
2014,3,1,17,1176
2014,3,1,18,1094
2014,3,1,19,1163
2014,3,1,20,1375
2014,3,1,21,1662
2014,3,1,22,1943
2014,3,1,23,2174
2014,3,2,0,2275
2014,3,2,1,2226
2014,3,2,2,2045
2014,3,2,3,1777
2014,3,2,4,1490
2014,3,2,5,1277
2014,3,2,6,1192
2014,3,2,7,1250
2014,3,2,8,1434
2014,3,2,9,1703
2014,3,2,10,2001
2014,3,2,11,2250
2014,3,2,12,2393
2014,3,2,13,2382
2014,3,2,14,2206
2014,3,2,15,1884
2014,3,2,16,1511
2014,3,2,17,1256
2014,3,2,18,1080
2014,3,2,19,1089
2014,3,2,20,1233
2014,3,2,21,1477
2014,3,2,22,1779
2014,3,2,23,2064
2014,3,3,0,2262
2014,3,3,1,2314
2014,3,3,2,2209
2014,3,3,3,1975
2014,3,3,4,1664
2014,3,3,5,1370
2014,3,3,6,1171
2014,3,3,7,1119
2014,3,3,8,1215
2014,3,3,9,1443
2014,3,3,10,1717
2014,3,3,11,2015
2014,3,3,12,2216
2014,3,3,13,2294
2014,3,3,14,2239
2014,3,3,15,2014
2014,3,3,16,1720
2014,3,3,17,1381
2014,3,3,18,1130
2014,3,3,19,1033
2014,3,3,20,1100
2014,3,3,21,1340
2014,3,3,22,1652
2014,3,3,23,1898
2014,3,4,0,2163
2014,3,4,1,2305
2014,3,4,2,2313
2014,3,4,3,2180
2014,3,4,4,1930
2014,3,4,5,1621
2014,3,4,6,1344
2014,3,4,7,1173
2014,3,4,8,1153
2014,3,4,9,1263
2014,3,4,10,1492
2014,3,4,11,1761
2014,3,4,12,2009
2014,3,4,13,2157
2014,3,4,14,2200
2014,3,4,15,2104
2014,3,4,16,1859
2014,3,4,17,1538
2014,3,4,18,1247
2014,3,4,19,1068
2014,3,4,20,1060
2014,3,4,21,1195
2014,3,4,22,1423
2014,3,4,23,1709
2014,3,5,0,1975
2014,3,5,1,2180
2014,3,5,2,2275
2014,3,5,3,2237
2014,3,5,4,2063
2014,3,5,5,1789
2014,3,5,6,1504
2014,3,5,7,1284
2014,3,5,8,1187
2014,3,5,9,1218
2014,3,5,10,1365
2014,3,5,11,1581
2014,3,5,12,1801
2014,3,5,13,1964
2014,3,5,14,2077
2014,3,5,15,2067
2014,3,5,16,1914
2014,3,5,17,1690
2014,3,5,18,1410
2014,3,5,19,1184
2014,3,5,20,1091
2014,3,5,21,1150
2014,3,5,22,1319
2014,3,5,23,1566
2014,3,6,0,1828
2014,3,6,1,2039
2014,3,6,2,2178
2014,3,6,3,2221
2014,3,6,4,2153
2014,3,6,5,1962
2014,3,6,6,1711
2014,3,6,7,1470
2014,3,6,8,1308
2014,3,6,9,1259
2014,3,6,10,1323
2014,3,6,11,1472
2014,3,6,12,1647
2014,3,6,13,1797
2014,3,6,14,1900
2014,3,6,15,1953
2014,3,6,16,1921
2014,3,6,17,1773
2014,3,6,18,1570
2014,3,6,19,1330
2014,3,6,20,1178
2014,3,6,21,1166
2014,3,6,22,1283
2014,3,6,23,1469
2014,3,7,0,1683
2014,3,7,1,1865
2014,3,7,2,2013
2014,3,7,3,2103
2014,3,7,4,2119
2014,3,7,5,2046
2014,3,7,6,1875
2014,3,7,7,1661
2014,3,7,8,1470
2014,3,7,9,1358
2014,3,7,10,1351
2014,3,7,11,1429
2014,3,7,12,1554
2014,3,7,13,1688
2014,3,7,14,1784
2014,3,7,15,1831
2014,3,7,16,1828
2014,3,7,17,1774
2014,3,7,18,1649
2014,3,7,19,1478
2014,3,7,20,1315
2014,3,7,21,1233
2014,3,7,22,1261
2014,3,7,23,1386
2014,3,8,0,1558
2014,3,8,1,1730
2014,3,8,2,1869
2014,3,8,3,1967
2014,3,8,4,2014
2014,3,8,5,2010
2014,3,8,6,1956
2014,3,8,7,1830
2014,3,8,8,1661
2014,3,8,9,1515
2014,3,8,10,1449
2014,3,8,11,1457
2014,3,8,12,1510
2014,3,8,13,1595
2014,3,8,14,1661
2014,3,8,15,1706
2014,3,8,16,1735
2014,3,8,17,1741
2014,3,8,18,1690
2014,3,8,19,1592
2014,3,8,20,1473
2014,3,8,21,1368
2014,3,8,22,1334
2014,3,8,23,1391
2014,3,9,0,1514
2014,3,9,1,1650
2014,3,9,2,1762
2014,3,9,3,1852
2014,3,9,4,1909
2014,3,9,5,1946
2014,3,9,6,1961
2014,3,9,7,1921
2014,3,9,8,1821
2014,3,9,9,1689
2014,3,9,10,1577
2014,3,9,11,1512
2014,3,9,12,1497
2014,3,9,13,1534
2014,3,9,14,1575
2014,3,9,15,1614
2014,3,9,16,1656
2014,3,9,17,1678
2014,3,9,18,1679
2014,3,9,19,1650
2014,3,9,20,1587
2014,3,9,21,1494
2014,3,9,22,1419
2014,3,9,23,1399
2014,3,10,0,1442
2014,3,10,1,1525
2014,3,10,2,1610
2014,3,10,3,1695
2014,3,10,4,1763
2014,3,10,5,1823
2014,3,10,6,1892
2014,3,10,7,1923
2014,3,10,8,1892
2014,3,10,9,1802
2014,3,10,10,1691
2014,3,10,11,1594
2014,3,10,12,1537
2014,3,10,13,1520
2014,3,10,14,1534
2014,3,10,15,1533
2014,3,10,16,1550
2014,3,10,17,1580
2014,3,10,18,1612
2014,3,10,19,1652
2014,3,10,20,1668
2014,3,10,21,1634
2014,3,10,22,1567
2014,3,10,23,1503
2014,3,11,0,1479
2014,3,11,1,1502
2014,3,11,2,1548
2014,3,11,3,1609
2014,3,11,4,1680
2014,3,11,5,1761
2014,3,11,6,1853
2014,3,11,7,1929
2014,3,11,8,1965
2014,3,11,9,1942
2014,3,11,10,1868
2014,3,11,11,1767
2014,3,11,12,1679
2014,3,11,13,1591
2014,3,11,14,1531
2014,3,11,15,1499
2014,3,11,16,1498
2014,3,11,17,1540
2014,3,11,18,1610
2014,3,11,19,1682
2014,3,11,20,1745
2014,3,11,21,1770
2014,3,11,22,1735
2014,3,11,23,1659
2014,3,12,0,1585
2014,3,12,1,1525
2014,3,12,2,1501
2014,3,12,3,1525
2014,3,12,4,1585
2014,3,12,5,1668
2014,3,12,6,1773
2014,3,12,7,1887
2014,3,12,8,1977
2014,3,12,9,2022
2014,3,12,10,2007
2014,3,12,11,1911
2014,3,12,12,1807
2014,3,12,13,1664
2014,3,12,14,1533
2014,3,12,15,1445
2014,3,12,16,1406
2014,3,12,17,1423
2014,3,12,18,1492
2014,3,12,19,1606
2014,3,12,20,1723
2014,3,12,21,1806
2014,3,12,22,1823
2014,3,12,23,1776
2014,3,13,0,1678
2014,3,13,1,1560
2014,3,13,2,1463
2014,3,13,3,1410
2014,3,13,4,1422
2014,3,13,5,1494
2014,3,13,6,1621
2014,3,13,7,1785
2014,3,13,8,1938
2014,3,13,9,2041
2014,3,13,10,2075
2014,3,13,11,2027
2014,3,13,12,1910
2014,3,13,13,1748
2014,3,13,14,1582
2014,3,13,15,1436
2014,3,13,16,1355
2014,3,13,17,1360
2014,3,13,18,1432
2014,3,13,19,1568
2014,3,13,20,1723
2014,3,13,21,1856
2014,3,13,22,1934
2014,3,13,23,1934
2014,3,14,0,1855
2014,3,14,1,1711
2014,3,14,2,1551
2014,3,14,3,1433
2014,3,14,4,1389
2014,3,14,5,1431
2014,3,14,6,1547
2014,3,14,7,1705
2014,3,14,8,1883
2014,3,14,9,2040
2014,3,14,10,2140
2014,3,14,11,2146
2014,3,14,12,2040
2014,3,14,13,1891
2014,3,14,14,1673
2014,3,14,15,1460
2014,3,14,16,1342
2014,3,14,17,1296
2014,3,14,18,1332
2014,3,14,19,1453
2014,3,14,20,1639
2014,3,14,21,1836
2014,3,14,22,1981
2014,3,14,23,2036
2014,3,15,0,1977
2014,3,15,1,1833
2014,3,15,2,1637
2014,3,15,3,1452
2014,3,15,4,1331
2014,3,15,5,1304
2014,3,15,6,1387
2014,3,15,7,1549
2014,3,15,8,1754
2014,3,15,9,1947
2014,3,15,10,2097
2014,3,15,11,2170
2014,3,15,12,2145
2014,3,15,13,2032
2014,3,15,14,1783
2014,3,15,15,1509
2014,3,15,16,1342
2014,3,15,17,1243
2014,3,15,18,1257
2014,3,15,19,1365
2014,3,15,20,1554
2014,3,15,21,1774
2014,3,15,22,1965
2014,3,15,23,2085
2014,3,16,0,2098
2014,3,16,1,1998
2014,3,16,2,1796
2014,3,16,3,1554
2014,3,16,4,1349
2014,3,16,5,1242
2014,3,16,6,1270
2014,3,16,7,1398
2014,3,16,8,1599
2014,3,16,9,1834
2014,3,16,10,2037
2014,3,16,11,2156
2014,3,16,12,2165
2014,3,16,13,2057
2014,3,16,14,1848
2014,3,16,15,1583
2014,3,16,16,1330
2014,3,16,17,1211
2014,3,16,18,1159
2014,3,16,19,1243
2014,3,16,20,1421
2014,3,16,21,1658
2014,3,16,22,1889
2014,3,16,23,2066
2014,3,17,0,2141
2014,3,17,1,2089
2014,3,17,2,1921
2014,3,17,3,1675
2014,3,17,4,1424
2014,3,17,5,1246
2014,3,17,6,1196
2014,3,17,7,1268
2014,3,17,8,1445
2014,3,17,9,1689
2014,3,17,10,1938
2014,3,17,11,2127
2014,3,17,12,2198
2014,3,17,13,2147
2014,3,17,14,1974
2014,3,17,15,1713
2014,3,17,16,1461
2014,3,17,17,1245
2014,3,17,18,1148
2014,3,17,19,1180
2014,3,17,20,1323
2014,3,17,21,1556
2014,3,17,22,1815
2014,3,17,23,2040
2014,3,18,0,2179
2014,3,18,1,2184
2014,3,18,2,2066
2014,3,18,3,1830
2014,3,18,4,1540
2014,3,18,5,1301
2014,3,18,6,1173
2014,3,18,7,1178
2014,3,18,8,1294
2014,3,18,9,1505
2014,3,18,10,1748
2014,3,18,11,1960
2014,3,18,12,2092
2014,3,18,13,2143
2014,3,18,14,2043
2014,3,18,15,1829
2014,3,18,16,1550
2014,3,18,17,1268
2014,3,18,18,1121
2014,3,18,19,1108
2014,3,18,20,1217
2014,3,18,21,1424
2014,3,18,22,1684
2014,3,18,23,1947
2014,3,19,0,2147
2014,3,19,1,2232
2014,3,19,2,2178
2014,3,19,3,1993
2014,3,19,4,1716
2014,3,19,5,1430
2014,3,19,6,1223
2014,3,19,7,1145
2014,3,19,8,1205
2014,3,19,9,1374
2014,3,19,10,1616
2014,3,19,11,1857
2014,3,19,12,2024
2014,3,19,13,2112
2014,3,19,14,2084
2014,3,19,15,1936
2014,3,19,16,1690
2014,3,19,17,1415
2014,3,19,18,1202
2014,3,19,19,1090
2014,3,19,20,1149
2014,3,19,21,1336
2014,3,19,22,1598
2014,3,19,23,1879
2014,3,20,0,2107
2014,3,20,1,2233
2014,3,20,2,2249
2014,3,20,3,2155
2014,3,20,4,1937
2014,3,20,5,1653
2014,3,20,6,1390
2014,3,20,7,1234
2014,3,20,8,1221
2014,3,20,9,1317
2014,3,20,10,1499
2014,3,20,11,1709
2014,3,20,12,1894
2014,3,20,13,2024
2014,3,20,14,2057
2014,3,20,15,1996
2014,3,20,16,1811
2014,3,20,17,1572
2014,3,20,18,1326
2014,3,20,19,1159
2014,3,20,20,1151
2014,3,20,21,1282
2014,3,20,22,1495
2014,3,20,23,1755
2014,3,21,0,1996
2014,3,21,1,2171
2014,3,21,2,2246
2014,3,21,3,2223
2014,3,21,4,2086
2014,3,21,5,1849
2014,3,21,6,1579
2014,3,21,7,1348
2014,3,21,8,1235
2014,3,21,9,1253
2014,3,21,10,1381
2014,3,21,11,1578
2014,3,21,12,1774
2014,3,21,13,1915
2014,3,21,14,1988
2014,3,21,15,1966
2014,3,21,16,1860
2014,3,21,17,1680
2014,3,21,18,1463
2014,3,21,19,1219
2014,3,21,20,1147
2014,3,21,21,1206
2014,3,21,22,1377
2014,3,21,23,1604
2014,3,22,0,1838
2014,3,22,1,2029
2014,3,22,2,2161
2014,3,22,3,2218
2014,3,22,4,2179
2014,3,22,5,2014
2014,3,22,6,1769
2014,3,22,7,1518
2014,3,22,8,1346
2014,3,22,9,1299
2014,3,22,10,1355
2014,3,22,11,1492
2014,3,22,12,1641
2014,3,22,13,1777
2014,3,22,14,1902
2014,3,22,15,1948
2014,3,22,16,1921
2014,3,22,17,1787
2014,3,22,18,1588
2014,3,22,19,1396
2014,3,22,20,1269
2014,3,22,21,1254
2014,3,22,22,1333
2014,3,22,23,1482
2014,3,23,0,1677
2014,3,23,1,1876
2014,3,23,2,2046
2014,3,23,3,2170
2014,3,23,4,2204
2014,3,23,5,2131
2014,3,23,6,1967
2014,3,23,7,1756
2014,3,23,8,1565
2014,3,23,9,1436
2014,3,23,10,1395
2014,3,23,11,1444
2014,3,23,12,1556
2014,3,23,13,1677
2014,3,23,14,1777
2014,3,23,15,1853
2014,3,23,16,1876
2014,3,23,17,1852
2014,3,23,18,1750
2014,3,23,19,1603
2014,3,23,20,1451
2014,3,23,21,1356
2014,3,23,22,1351
2014,3,23,23,1431
2014,3,24,0,1576
2014,3,24,1,1743
2014,3,24,2,1908
2014,3,24,3,2047
2014,3,24,4,2130
2014,3,24,5,2148
2014,3,24,6,2090
2014,3,24,7,1956
2014,3,24,8,1774
2014,3,24,9,1607
2014,3,24,10,1494
2014,3,24,11,1451
2014,3,24,12,1480
2014,3,24,13,1546
2014,3,24,14,1617
2014,3,24,15,1681
2014,3,24,16,1740
2014,3,24,17,1780
2014,3,24,18,1774
2014,3,24,19,1701
2014,3,24,20,1583
2014,3,24,21,1467
2014,3,24,22,1401
2014,3,24,23,1412
2014,3,25,0,1470
2014,3,25,1,1557
2014,3,25,2,1670
2014,3,25,3,1805
2014,3,25,4,1947
2014,3,25,5,2063
2014,3,25,6,2124
2014,3,25,7,2098
2014,3,25,8,1986
2014,3,25,9,1821
2014,3,25,10,1655
2014,3,25,11,1533
2014,3,25,12,1471
2014,3,25,13,1469
2014,3,25,14,1500
2014,3,25,15,1549
2014,3,25,16,1622
2014,3,25,17,1701
2014,3,25,18,1779
2014,3,25,19,1816
2014,3,25,20,1783
2014,3,25,21,1697
2014,3,25,22,1588
2014,3,25,23,1502
2014,3,26,0,1464
2014,3,26,1,1491
2014,3,26,2,1568
2014,3,26,3,1678
2014,3,26,4,1801
2014,3,26,5,1947
2014,3,26,6,2079
2014,3,26,7,2157
2014,3,26,8,2157
2014,3,26,9,2068
2014,3,26,10,1924
2014,3,26,11,1741
2014,3,26,12,1593
2014,3,26,13,1492
2014,3,26,14,1444
2014,3,26,15,1444
2014,3,26,16,1489
2014,3,26,17,1591
2014,3,26,18,1737
2014,3,26,19,1871
2014,3,26,20,1942
2014,3,26,21,1930
2014,3,26,22,1837
2014,3,26,23,1709
2014,3,27,0,1594
2014,3,27,1,1509
2014,3,27,2,1481
2014,3,27,3,1508
2014,3,27,4,1594
2014,3,27,5,1741
2014,3,27,6,1923
2014,3,27,7,2104
2014,3,27,8,2234
2014,3,27,9,2259
2014,3,27,10,2161
2014,3,27,11,1972
2014,3,27,12,1751
2014,3,27,13,1555
2014,3,27,14,1439
2014,3,27,15,1372
2014,3,27,16,1379
2014,3,27,17,1457
2014,3,27,18,1606
2014,3,27,19,1799
2014,3,27,20,1971
2014,3,27,21,2063
2014,3,27,22,2043
2014,3,27,23,1932
2014,3,28,0,1780
2014,3,28,1,1614
2014,3,28,2,1470
2014,3,28,3,1397
2014,3,28,4,1405
2014,3,28,5,1510
2014,3,28,6,1692
2014,3,28,7,1907
2014,3,28,8,2106
2014,3,28,9,2248
2014,3,28,10,2274
2014,3,28,11,2150
2014,3,28,12,1967
2014,3,28,13,1720
2014,3,28,14,1486
2014,3,28,15,1319
2014,3,28,16,1253
2014,3,28,17,1289
2014,3,28,18,1416
2014,3,28,19,1618
2014,3,28,20,1865
2014,3,28,21,2079
2014,3,28,22,2186
2014,3,28,23,2152
2014,3,29,0,1999
2014,3,29,1,1777
2014,3,29,2,1542
2014,3,29,3,1359
2014,3,29,4,1269
2014,3,29,5,1291
2014,3,29,6,1415
2014,3,29,7,1637
2014,3,29,8,1889
2014,3,29,9,2114
2014,3,29,10,2266
2014,3,29,11,2271
2014,3,29,12,2153
2014,3,29,13,1889
2014,3,29,14,1574
2014,3,29,15,1318
2014,3,29,16,1186
2014,3,29,17,1165
2014,3,29,18,1252
2014,3,29,19,1433
2014,3,29,20,1691
2014,3,29,21,1972
2014,3,29,22,2202
2014,3,29,23,2315
2014,3,30,0,2266
2014,3,30,1,2061
2014,3,30,2,1776
2014,3,30,3,1493
2014,3,30,4,1295
2014,3,30,5,1231
2014,3,30,6,1297
2014,3,30,7,1456
2014,3,30,8,1687
2014,3,30,9,1941
2014,3,30,10,2177
2014,3,30,11,2313
2014,3,30,12,2331
2014,3,30,13,2121
2014,3,30,14,1791
2014,3,30,15,1533
2014,3,30,16,1273
2014,3,30,17,1161
2014,3,30,18,1187
2014,3,30,19,1340
2014,3,30,20,1588
2014,3,30,21,1895
2014,3,30,22,2173
2014,3,30,23,2366
2014,3,31,0,2417
2014,3,31,1,2307
2014,3,31,2,2060
2014,3,31,3,1744
2014,3,31,4,1455
2014,3,31,5,1258
2014,3,31,6,1191
2014,3,31,7,1265
2014,3,31,8,1464
2014,3,31,9,1720
2014,3,31,10,1973
2014,3,31,11,2178
2014,3,31,12,2267
2014,3,31,13,2207
2014,3,31,14,1985
2014,3,31,15,1658
2014,3,31,16,1329
2014,3,31,17,1144
2014,3,31,18,1088
2014,3,31,19,1189
2014,3,31,20,1397
2014,3,31,21,1685
2014,3,31,22,1990
2014,3,31,23,2256
2014,4,1,0,2417
2014,4,1,1,2420
2014,4,1,2,2247
2014,4,1,3,1971
2014,4,1,4,1612
2014,4,1,5,1346
2014,4,1,6,1189
2014,4,1,7,1185
2014,4,1,8,1305
2014,4,1,9,1509
2014,4,1,10,1758
2014,4,1,11,2006
2014,4,1,12,2165
2014,4,1,13,2213
2014,4,1,14,2112
2014,4,1,15,1863
2014,4,1,16,1533
2014,4,1,17,1269
2014,4,1,18,1126
2014,4,1,19,1137
2014,4,1,20,1284
2014,4,1,21,1534
2014,4,1,22,1814
2014,4,1,23,2070
2014,4,2,0,2305
2014,4,2,1,2437
2014,4,2,2,2397
2014,4,2,3,2203
2014,4,2,4,1852
2014,4,2,5,1547
2014,4,2,6,1303
2014,4,2,7,1208
2014,4,2,8,1237
2014,4,2,9,1360
2014,4,2,10,1569
2014,4,2,11,1811
2014,4,2,12,2010
2014,4,2,13,2125
2014,4,2,14,2109
2014,4,2,15,1970
2014,4,2,16,1703
2014,4,2,17,1435
2014,4,2,18,1219
2014,4,2,19,1149
2014,4,2,20,1233
2014,4,2,21,1435
2014,4,2,22,1697
2014,4,2,23,1949
2014,4,3,0,2161
2014,4,3,1,2310
2014,4,3,2,2360
2014,4,3,3,2280
2014,4,3,4,2059
2014,4,3,5,1745
2014,4,3,6,1440
2014,4,3,7,1247
2014,4,3,8,1220
2014,4,3,9,1313
2014,4,3,10,1481
2014,4,3,11,1665
2014,4,3,12,1835
2014,4,3,13,1959
2014,4,3,14,2030
2014,4,3,15,1998
2014,4,3,16,1844
2014,4,3,17,1580
2014,4,3,18,1323
2014,4,3,19,1177
2014,4,3,20,1186
2014,4,3,21,1328
2014,4,3,22,1539
2014,4,3,23,1771
2014,4,4,0,1994
2014,4,4,1,2171
2014,4,4,2,2280
2014,4,4,3,2283
2014,4,4,4,2159
2014,4,4,5,1922
2014,4,4,6,1631
2014,4,4,7,1399
2014,4,4,8,1295
2014,4,4,9,1317
2014,4,4,10,1426
2014,4,4,11,1575
2014,4,4,12,1723
2014,4,4,13,1817
2014,4,4,14,1916
2014,4,4,15,1954
2014,4,4,16,1892
2014,4,4,17,1723
2014,4,4,18,1505
2014,4,4,19,1315
2014,4,4,20,1236
2014,4,4,21,1310
2014,4,4,22,1477
2014,4,4,23,1688
2014,4,5,0,1893
2014,4,5,1,2064
2014,4,5,2,2181
2014,4,5,3,2226
2014,4,5,4,2175
2014,4,5,5,2033
2014,4,5,6,1824
2014,4,5,7,1607
2014,4,5,8,1446
2014,4,5,9,1389
2014,4,5,10,1429
2014,4,5,11,1527
2014,4,5,12,1650
2014,4,5,13,1757
2014,4,5,14,1866
2014,4,5,15,1914
2014,4,5,16,1912
2014,4,5,17,1816
2014,4,5,18,1652
2014,4,5,19,1483
2014,4,5,20,1386
2014,4,5,21,1393
2014,4,5,22,1490
2014,4,5,23,1633
2014,4,6,0,1793
2014,4,6,1,1945
2014,4,6,2,2055
2014,4,6,3,2124
2014,4,6,4,2141
2014,4,6,5,2093
2014,4,6,6,1964
2014,4,6,7,1780
2014,4,6,8,1613
2014,4,6,9,1523
2014,4,6,10,1514
2014,4,6,11,1558
2014,4,6,12,1637
2014,4,6,13,1716
2014,4,6,14,1779
2014,4,6,15,1819
2014,4,6,16,1850
2014,4,6,17,1828
2014,4,6,18,1745
2014,4,6,19,1626
2014,4,6,20,1508
2014,4,6,21,1458
2014,4,6,22,1486
2014,4,6,23,1566
2014,4,7,0,1680
2014,4,7,1,1807
2014,4,7,2,1929
2014,4,7,3,2006
2014,4,7,4,2043
2014,4,7,5,2037
2014,4,7,6,1977
2014,4,7,7,1861
2014,4,7,8,1718
2014,4,7,9,1611
2014,4,7,10,1558
2014,4,7,11,1554
2014,4,7,12,1579
2014,4,7,13,1608
2014,4,7,14,1656
2014,4,7,15,1701
2014,4,7,16,1745
2014,4,7,17,1768
2014,4,7,18,1749
2014,4,7,19,1700
2014,4,7,20,1624
2014,4,7,21,1552
2014,4,7,22,1527
2014,4,7,23,1559
2014,4,8,0,1637
2014,4,8,1,1733
2014,4,8,2,1818
2014,4,8,3,1893
2014,4,8,4,1951
2014,4,8,5,1992
2014,4,8,6,2001
2014,4,8,7,1963
2014,4,8,8,1873
2014,4,8,9,1762
2014,4,8,10,1672
2014,4,8,11,1616
2014,4,8,12,1595
2014,4,8,13,1587
2014,4,8,14,1600
2014,4,8,15,1632
2014,4,8,16,1675
2014,4,8,17,1733
2014,4,8,18,1781
2014,4,8,19,1792
2014,4,8,20,1762
2014,4,8,21,1709
2014,4,8,22,1657
2014,4,8,23,1626
2014,4,9,0,1628
2014,4,9,1,1657
2014,4,9,2,1711
2014,4,9,3,1782
2014,4,9,4,1849
2014,4,9,5,1916
2014,4,9,6,1963
2014,4,9,7,1980
2014,4,9,8,1957
2014,4,9,9,1888
2014,4,9,10,1805
2014,4,9,11,1713
2014,4,9,12,1646
2014,4,9,13,1586
2014,4,9,14,1557
2014,4,9,15,1571
2014,4,9,16,1613
2014,4,9,17,1679
2014,4,9,18,1752
2014,4,9,19,1828
2014,4,9,20,1862
2014,4,9,21,1848
2014,4,9,22,1791
2014,4,9,23,1714
2014,4,10,0,1654
2014,4,10,1,1634
2014,4,10,2,1648
2014,4,10,3,1685
2014,4,10,4,1741
2014,4,10,5,1818
2014,4,10,6,1905
2014,4,10,7,1979
2014,4,10,8,2023
2014,4,10,9,2015
2014,4,10,10,1953
2014,4,10,11,1848
2014,4,10,12,1726
2014,4,10,13,1621
2014,4,10,14,1547
2014,4,10,15,1518
2014,4,10,16,1542
2014,4,10,17,1614
2014,4,10,18,1724
2014,4,10,19,1842
2014,4,10,20,1932
2014,4,10,21,1971
2014,4,10,22,1960
2014,4,10,23,1884
2014,4,11,0,1767
2014,4,11,1,1655
2014,4,11,2,1584
2014,4,11,3,1567
2014,4,11,4,1612
2014,4,11,5,1695
2014,4,11,6,1790
2014,4,11,7,1879
2014,4,11,8,1967
2014,4,11,9,2029
2014,4,11,10,2020
2014,4,11,11,1943
2014,4,11,12,1796
2014,4,11,13,1624
2014,4,11,14,1494
2014,4,11,15,1434
2014,4,11,16,1440
2014,4,11,17,1498
2014,4,11,18,1599
2014,4,11,19,1737
2014,4,11,20,1877
2014,4,11,21,1982
2014,4,11,22,2013
2014,4,11,23,1962
2014,4,12,0,1845
2014,4,12,1,1707
2014,4,12,2,1589
2014,4,12,3,1523
2014,4,12,4,1512
2014,4,12,5,1570
2014,4,12,6,1668
2014,4,12,7,1803
2014,4,12,8,1952
2014,4,12,9,2062
2014,4,12,10,2120
2014,4,12,11,2090
2014,4,12,12,1972
2014,4,12,13,1797
2014,4,12,14,1615
2014,4,12,15,1476
2014,4,12,16,1415
2014,4,12,17,1445
2014,4,12,18,1556
2014,4,12,19,1726
2014,4,12,20,1919
2014,4,12,21,2086
2014,4,12,22,2185
2014,4,12,23,2182
2014,4,13,0,2078
2014,4,13,1,1903
2014,4,13,2,1710
2014,4,13,3,1563
2014,4,13,4,1480
2014,4,13,5,1479
2014,4,13,6,1556
2014,4,13,7,1699
2014,4,13,8,1891
2014,4,13,9,2060
2014,4,13,10,2170
2014,4,13,11,2187
2014,4,13,12,2102
2014,4,13,13,1932
2014,4,13,14,1711
2014,4,13,15,1507
2014,4,13,16,1380
2014,4,13,17,1366
2014,4,13,18,1465
2014,4,13,19,1648
2014,4,13,20,1868
2014,4,13,21,2081
2014,4,13,22,2243
2014,4,13,23,2303
2014,4,14,0,2241
2014,4,14,1,2075
2014,4,14,2,1839
2014,4,14,3,1609
2014,4,14,4,1455
2014,4,14,5,1408
2014,4,14,6,1455
2014,4,14,7,1582
2014,4,14,8,1773
2014,4,14,9,1986
2014,4,14,10,2149
2014,4,14,11,2227
2014,4,14,12,2200
2014,4,14,13,2058
2014,4,14,14,1810
2014,4,14,15,1570
2014,4,14,16,1382
2014,4,14,17,1309
2014,4,14,18,1360
2014,4,14,19,1509
2014,4,14,20,1742
2014,4,14,21,2007
2014,4,14,22,2227
2014,4,14,23,2341
2014,4,15,0,2321
2014,4,15,1,2190
2014,4,15,2,1966
2014,4,15,3,1715
2014,4,15,4,1489
2014,4,15,5,1350
2014,4,15,6,1333
2014,4,15,7,1426
2014,4,15,8,1616
2014,4,15,9,1847
2014,4,15,10,2051
2014,4,15,11,2181
2014,4,15,12,2208
2014,4,15,13,2114
2014,4,15,14,1945
2014,4,15,15,1678
2014,4,15,16,1439
2014,4,15,17,1304
2014,4,15,18,1274
2014,4,15,19,1396
2014,4,15,20,1612
2014,4,15,21,1883
2014,4,15,22,2143
2014,4,15,23,2327
2014,4,16,0,2400
2014,4,16,1,2345
2014,4,16,2,2162
2014,4,16,3,1889
2014,4,16,4,1609
2014,4,16,5,1400
2014,4,16,6,1303
2014,4,16,7,1340
2014,4,16,8,1484
2014,4,16,9,1692
2014,4,16,10,1915
2014,4,16,11,2104
2014,4,16,12,2210
2014,4,16,13,2195
2014,4,16,14,2030
2014,4,16,15,1818
2014,4,16,16,1546
2014,4,16,17,1347
2014,4,16,18,1269
2014,4,16,19,1323
2014,4,16,20,1485
2014,4,16,21,1737
2014,4,16,22,2037
2014,4,16,23,2288
2014,4,17,0,2435
2014,4,17,1,2461
2014,4,17,2,2345
2014,4,17,3,2109
2014,4,17,4,1803
2014,4,17,5,1519
2014,4,17,6,1332
2014,4,17,7,1285
2014,4,17,8,1381
2014,4,17,9,1564
2014,4,17,10,1789
2014,4,17,11,1995
2014,4,17,12,2144
2014,4,17,13,2202
2014,4,17,14,2161
2014,4,17,15,1987
2014,4,17,16,1728
2014,4,17,17,1476
2014,4,17,18,1305
2014,4,17,19,1290
2014,4,17,20,1410
2014,4,17,21,1638
2014,4,17,22,1924
2014,4,17,23,2194
2014,4,18,0,2394
2014,4,18,1,2501
2014,4,18,2,2475
2014,4,18,3,2312
2014,4,18,4,2038
2014,4,18,5,1724
2014,4,18,6,1454
2014,4,18,7,1313
2014,4,18,8,1316
2014,4,18,9,1444
2014,4,18,10,1646
2014,4,18,11,1856
2014,4,18,12,2019
2014,4,18,13,2135
2014,4,18,14,2157
2014,4,18,15,2067
2014,4,18,16,1864
2014,4,18,17,1641
2014,4,18,18,1418
2014,4,18,19,1314
2014,4,18,20,1354
2014,4,18,21,1515
2014,4,18,22,1747
2014,4,18,23,2007
2014,4,19,0,2231
2014,4,19,1,2404
2014,4,19,2,2483
2014,4,19,3,2438
2014,4,19,4,2256
2014,4,19,5,1967
2014,4,19,6,1652
2014,4,19,7,1429
2014,4,19,8,1357
2014,4,19,9,1419
2014,4,19,10,1568
2014,4,19,11,1744
2014,4,19,12,1906
2014,4,19,13,2044
2014,4,19,14,2137
2014,4,19,15,2141
2014,4,19,16,2025
2014,4,19,17,1781
2014,4,19,18,1569
2014,4,19,19,1401
2014,4,19,20,1363
2014,4,19,21,1451
2014,4,19,22,1619
2014,4,19,23,1850
2014,4,20,0,2080
2014,4,20,1,2279
2014,4,20,2,2419
2014,4,20,3,2455
2014,4,20,4,2366
2014,4,20,5,2154
2014,4,20,6,1864
2014,4,20,7,1598
2014,4,20,8,1434
2014,4,20,9,1403
2014,4,20,10,1475
2014,4,20,11,1601
2014,4,20,12,1741
2014,4,20,13,1873
2014,4,20,14,2002
2014,4,20,15,2094
2014,4,20,16,2090
2014,4,20,17,1952
2014,4,20,18,1750
2014,4,20,19,1554
2014,4,20,20,1445
2014,4,20,21,1461
2014,4,20,22,1571
2014,4,20,23,1736
2014,4,21,0,1928
2014,4,21,1,2111
2014,4,21,2,2300
2014,4,21,3,2415
2014,4,21,4,2439
2014,4,21,5,2348
2014,4,21,6,2142
2014,4,21,7,1898
2014,4,21,8,1682
2014,4,21,9,1549
2014,4,21,10,1522
2014,4,21,11,1579
2014,4,21,12,1691
2014,4,21,13,1816
2014,4,21,14,1931
2014,4,21,15,2009
2014,4,21,16,2051
2014,4,21,17,2027
2014,4,21,18,1930
2014,4,21,19,1781
2014,4,21,20,1631
2014,4,21,21,1547
2014,4,21,22,1540
2014,4,21,23,1619
2014,4,22,0,1769
2014,4,22,1,1943
2014,4,22,2,2114
2014,4,22,3,2244
2014,4,22,4,2331
2014,4,22,5,2351
2014,4,22,6,2267
2014,4,22,7,2092
2014,4,22,8,1879
2014,4,22,9,1686
2014,4,22,10,1575
2014,4,22,11,1547
2014,4,22,12,1605
2014,4,22,13,1698
2014,4,22,14,1807
2014,4,22,15,1908
2014,4,22,16,1968
2014,4,22,17,2025
2014,4,22,18,2035
2014,4,22,19,1976
2014,4,22,20,1849
2014,4,22,21,1711
2014,4,22,22,1619
2014,4,22,23,1610
2014,4,23,0,1685
2014,4,23,1,1810
2014,4,23,2,1949
2014,4,23,3,2078
2014,4,23,4,2199
2014,4,23,5,2295
2014,4,23,6,2319
2014,4,23,7,2254
2014,4,23,8,2107
2014,4,23,9,1918
2014,4,23,10,1749
2014,4,23,11,1643
2014,4,23,12,1607
2014,4,23,13,1623
2014,4,23,14,1689
2014,4,23,15,1769
2014,4,23,16,1868
2014,4,23,17,1974
2014,4,23,18,2074
2014,4,23,19,2105
2014,4,23,20,2055
2014,4,23,21,1949
2014,4,23,22,1823
2014,4,23,23,1727
2014,4,24,0,1693
2014,4,24,1,1711
2014,4,24,2,1784
2014,4,24,3,1890
2014,4,24,4,2011
2014,4,24,5,2135
2014,4,24,6,2233
2014,4,24,7,2291
2014,4,24,8,2270
2014,4,24,9,2151
2014,4,24,10,1970
2014,4,24,11,1791
2014,4,24,12,1668
2014,4,24,13,1614
2014,4,24,14,1624
2014,4,24,15,1664
2014,4,24,16,1735
2014,4,24,17,1857
2014,4,24,18,2010
2014,4,24,19,2150
2014,4,24,20,2225
2014,4,24,21,2194
2014,4,24,22,2068
2014,4,24,23,1910
2014,4,25,0,1782
2014,4,25,1,1708
2014,4,25,2,1684
2014,4,25,3,1709
2014,4,25,4,1789
2014,4,25,5,1921
2014,4,25,6,2084
2014,4,25,7,2229
2014,4,25,8,2311
2014,4,25,9,2292
2014,4,25,10,2179
2014,4,25,11,1999
2014,4,25,12,1810
2014,4,25,13,1649
2014,4,25,14,1550
2014,4,25,15,1542
2014,4,25,16,1611
2014,4,25,17,1734
2014,4,25,18,1907
2014,4,25,19,2091
2014,4,25,20,2254
2014,4,25,21,2339
2014,4,25,22,2296
2014,4,25,23,2148
2014,4,26,0,1945
2014,4,26,1,1760
2014,4,26,2,1640
2014,4,26,3,1594
2014,4,26,4,1615
2014,4,26,5,1698
2014,4,26,6,1838
2014,4,26,7,2025
2014,4,26,8,2199
2014,4,26,9,2310
2014,4,26,10,2312
2014,4,26,11,2194
2014,4,26,12,2002
2014,4,26,13,1770
2014,4,26,14,1588
2014,4,26,15,1487
2014,4,26,16,1511
2014,4,26,17,1611
2014,4,26,18,1782
2014,4,26,19,1988
2014,4,26,20,2208
2014,4,26,21,2394
2014,4,26,22,2476
2014,4,26,23,2413
2014,4,27,0,2212
2014,4,27,1,1961
2014,4,27,2,1735
2014,4,27,3,1584
2014,4,27,4,1521
2014,4,27,5,1551
2014,4,27,6,1661
2014,4,27,7,1834
2014,4,27,8,2036
2014,4,27,9,2224
2014,4,27,10,2334
2014,4,27,11,2317
2014,4,27,12,2176
2014,4,27,13,1940
2014,4,27,14,1687
2014,4,27,15,1515
2014,4,27,16,1453
2014,4,27,17,1502
2014,4,27,18,1647
2014,4,27,19,1863
2014,4,27,20,2114
2014,4,27,21,2352
2014,4,27,22,2513
2014,4,27,23,2559
2014,4,28,0,2467
2014,4,28,1,2254
2014,4,28,2,1987
2014,4,28,3,1731
2014,4,28,4,1557
2014,4,28,5,1500
2014,4,28,6,1542
2014,4,28,7,1674
2014,4,28,8,1868
2014,4,28,9,2085
2014,4,28,10,2271
2014,4,28,11,2364
2014,4,28,12,2319
2014,4,28,13,2146
2014,4,28,14,1836
2014,4,28,15,1592
2014,4,28,16,1456
2014,4,28,17,1443
2014,4,28,18,1543
2014,4,28,19,1713
2014,4,28,20,1947
2014,4,28,21,2215
2014,4,28,22,2473
2014,4,28,23,2624
2014,4,29,0,2615
2014,4,29,1,2457
2014,4,29,2,2200
2014,4,29,3,1908
2014,4,29,4,1670
2014,4,29,5,1514
2014,4,29,6,1463
2014,4,29,7,1527
2014,4,29,8,1697
2014,4,29,9,1927
2014,4,29,10,2154
2014,4,29,11,2319
2014,4,29,12,2370
2014,4,29,13,2268
2014,4,29,14,2057
2014,4,29,15,1746
2014,4,29,16,1530
2014,4,29,17,1414
2014,4,29,18,1446
2014,4,29,19,1592
2014,4,29,20,1821
2014,4,29,21,2094
2014,4,29,22,2345
2014,4,29,23,2535
2014,4,30,0,2622
2014,4,30,1,2585
2014,4,30,2,2412
2014,4,30,3,2125
2014,4,30,4,1820
2014,4,30,5,1577
2014,4,30,6,1455
2014,4,30,7,1464
2014,4,30,8,1582
2014,4,30,9,1764
2014,4,30,10,1988
2014,4,30,11,2169
2014,4,30,12,2293
2014,4,30,13,2299
2014,4,30,14,2169
2014,4,30,15,1931
2014,4,30,16,1670
2014,4,30,17,1479
2014,4,30,18,1428
2014,4,30,19,1507
2014,4,30,20,1696
2014,4,30,21,1943
2014,4,30,22,2206
2014,4,30,23,2428
2014,5,1,0,2572
2014,5,1,1,2613
2014,5,1,2,2538
2014,5,1,3,2321
2014,5,1,4,2026
2014,5,1,5,1743
2014,5,1,6,1537
2014,5,1,7,1471
2014,5,1,8,1519
2014,5,1,9,1665
2014,5,1,10,1857
2014,5,1,11,2045
2014,5,1,12,2193
2014,5,1,13,2265
2014,5,1,14,2227
2014,5,1,15,2073
2014,5,1,16,1844
2014,5,1,17,1576
2014,5,1,18,1450
2014,5,1,19,1439
2014,5,1,20,1556
2014,5,1,21,1779
2014,5,1,22,2041
2014,5,1,23,2266
2014,5,2,0,2424
2014,5,2,1,2514
2014,5,2,2,2519
2014,5,2,3,2414
2014,5,2,4,2173
2014,5,2,5,1882
2014,5,2,6,1630
2014,5,2,7,1490
2014,5,2,8,1478
2014,5,2,9,1552
2014,5,2,10,1706
2014,5,2,11,1896
2014,5,2,12,2067
2014,5,2,13,2174
2014,5,2,14,2177
2014,5,2,15,2076
2014,5,2,16,1891
2014,5,2,17,1676
2014,5,2,18,1510
2014,5,2,19,1443
2014,5,2,20,1499
2014,5,2,21,1659
2014,5,2,22,1884
2014,5,2,23,2119
2014,5,3,0,2316
2014,5,3,1,2440
2014,5,3,2,2486
2014,5,3,3,2440
2014,5,3,4,2286
2014,5,3,5,2042
2014,5,3,6,1784
2014,5,3,7,1593
2014,5,3,8,1527
2014,5,3,9,1572
2014,5,3,10,1703
2014,5,3,11,1865
2014,5,3,12,2007
2014,5,3,13,2106
2014,5,3,14,2148
2014,5,3,15,2129
2014,5,3,16,2025
2014,5,3,17,1848
2014,5,3,18,1663
2014,5,3,19,1534
2014,5,3,20,1521
2014,5,3,21,1610
2014,5,3,22,1775
2014,5,3,23,1980
2014,5,4,0,2176
2014,5,4,1,2331
2014,5,4,2,2418
2014,5,4,3,2423
2014,5,4,4,2347
2014,5,4,5,2181
2014,5,4,6,1962
2014,5,4,7,1753
2014,5,4,8,1615
2014,5,4,9,1579
2014,5,4,10,1642
2014,5,4,11,1777
2014,5,4,12,1923
2014,5,4,13,2033
2014,5,4,14,2093
2014,5,4,15,2113
2014,5,4,16,2071
2014,5,4,17,1958
2014,5,4,18,1803
2014,5,4,19,1642
2014,5,4,20,1556
2014,5,4,21,1589
2014,5,4,22,1722
2014,5,4,23,1905
2014,5,5,0,2081
2014,5,5,1,2232
2014,5,5,2,2325
2014,5,5,3,2367
2014,5,5,4,2357
2014,5,5,5,2265
2014,5,5,6,2085
2014,5,5,7,1872
2014,5,5,8,1711
2014,5,5,9,1648
2014,5,5,10,1673
2014,5,5,11,1757
2014,5,5,12,1861
2014,5,5,13,1952
2014,5,5,14,2008
2014,5,5,15,2042
2014,5,5,16,2064
2014,5,5,17,2036
2014,5,5,18,1944
2014,5,5,19,1802
2014,5,5,20,1681
2014,5,5,21,1629
2014,5,5,22,1686
2014,5,5,23,1824
2014,5,6,0,1966
2014,5,6,1,2095
2014,5,6,2,2191
2014,5,6,3,2260
2014,5,6,4,2299
2014,5,6,5,2279
2014,5,6,6,2190
2014,5,6,7,2033
2014,5,6,8,1858
2014,5,6,9,1733
2014,5,6,10,1689
2014,5,6,11,1716
2014,5,6,12,1791
2014,5,6,13,1852
2014,5,6,14,1916
2014,5,6,15,1977
2014,5,6,16,2017
2014,5,6,17,2037
2014,5,6,18,2007
2014,5,6,19,1935
2014,5,6,20,1832
2014,5,6,21,1742
2014,5,6,22,1734
2014,5,6,23,1791
2014,5,7,0,1879
2014,5,7,1,1986
2014,5,7,2,2079
2014,5,7,3,2159
2014,5,7,4,2223
2014,5,7,5,2249
2014,5,7,6,2211
2014,5,7,7,2105
2014,5,7,8,1979
2014,5,7,9,1869
2014,5,7,10,1787
2014,5,7,11,1741
2014,5,7,12,1741
2014,5,7,13,1764
2014,5,7,14,1820
2014,5,7,15,1882
2014,5,7,16,1944
2014,5,7,17,2016
2014,5,7,18,2048
2014,5,7,19,2017
2014,5,7,20,1939
2014,5,7,21,1860
2014,5,7,22,1815
2014,5,7,23,1800
2014,5,8,0,1812
2014,5,8,1,1862
2014,5,8,2,1941
2014,5,8,3,2035
2014,5,8,4,2133
2014,5,8,5,2202
2014,5,8,6,2217
2014,5,8,7,2181
2014,5,8,8,2094
2014,5,8,9,1996
2014,5,8,10,1912
2014,5,8,11,1840
2014,5,8,12,1790
2014,5,8,13,1775
2014,5,8,14,1795
2014,5,8,15,1855
2014,5,8,16,1932
2014,5,8,17,2018
2014,5,8,18,2100
2014,5,8,19,2137
2014,5,8,20,2124
2014,5,8,21,2065
2014,5,8,22,1984
2014,5,8,23,1909
2014,5,9,0,1855
2014,5,9,1,1851
2014,5,9,2,1890
2014,5,9,3,1949
2014,5,9,4,2029
2014,5,9,5,2113
2014,5,9,6,2172
2014,5,9,7,2195
2014,5,9,8,2179
2014,5,9,9,2126
2014,5,9,10,2034
2014,5,9,11,1917
2014,5,9,12,1805
2014,5,9,13,1724
2014,5,9,14,1686
2014,5,9,15,1717
2014,5,9,16,1804
2014,5,9,17,1919
2014,5,9,18,2031
2014,5,9,19,2121
2014,5,9,20,2169
2014,5,9,21,2159
2014,5,9,22,2100
2014,5,9,23,1997
2014,5,10,0,1883
2014,5,10,1,1802
2014,5,10,2,1781
2014,5,10,3,1822
2014,5,10,4,1891
2014,5,10,5,1983
2014,5,10,6,2074
2014,5,10,7,2150
2014,5,10,8,2195
2014,5,10,9,2178
2014,5,10,10,2102
2014,5,10,11,1975
2014,5,10,12,1823
2014,5,10,13,1695
2014,5,10,14,1617
2014,5,10,15,1617
2014,5,10,16,1687
2014,5,10,17,1801
2014,5,10,18,1950
2014,5,10,19,2106
2014,5,10,20,2221
2014,5,10,21,2256
2014,5,10,22,2217
2014,5,10,23,2114
2014,5,11,0,1970
2014,5,11,1,1837
2014,5,11,2,1754
2014,5,11,3,1722
2014,5,11,4,1754
2014,5,11,5,1835
2014,5,11,6,1945
2014,5,11,7,2064
2014,5,11,8,2176
2014,5,11,9,2231
2014,5,11,10,2207
2014,5,11,11,2106
2014,5,11,12,1955
2014,5,11,13,1783
2014,5,11,14,1638
2014,5,11,15,1576
2014,5,11,16,1591
2014,5,11,17,1683
2014,5,11,18,1857
2014,5,11,19,2045
2014,5,11,20,2216
2014,5,11,21,2333
2014,5,11,22,2357
2014,5,11,23,2292
2014,5,12,0,2142
2014,5,12,1,1950
2014,5,12,2,1777
2014,5,12,3,1653
2014,5,12,4,1627
2014,5,12,5,1688
2014,5,12,6,1800
2014,5,12,7,1947
2014,5,12,8,2099
2014,5,12,9,2222
2014,5,12,10,2266
2014,5,12,11,2215
2014,5,12,12,2084
2014,5,12,13,1896
2014,5,12,14,1694
2014,5,12,15,1556
2014,5,12,16,1512
2014,5,12,17,1560
2014,5,12,18,1728
2014,5,12,19,1945
2014,5,12,20,2164
2014,5,12,21,2356
2014,5,12,22,2459
2014,5,12,23,2443
2014,5,13,0,2310
2014,5,13,1,2106
2014,5,13,2,1886
2014,5,13,3,1685
2014,5,13,4,1571
2014,5,13,5,1568
2014,5,13,6,1653
2014,5,13,7,1815
2014,5,13,8,1992
2014,5,13,9,2158
2014,5,13,10,2282
2014,5,13,11,2312
2014,5,13,12,2207
2014,5,13,13,2022
2014,5,13,14,1791
2014,5,13,15,1566
2014,5,13,16,1483
2014,5,13,17,1480
2014,5,13,18,1589
2014,5,13,19,1788
2014,5,13,20,2042
2014,5,13,21,2295
2014,5,13,22,2479
2014,5,13,23,2558
2014,5,14,0,2509
2014,5,14,1,2330
2014,5,14,2,2073
2014,5,14,3,1811
2014,5,14,4,1603
2014,5,14,5,1511
2014,5,14,6,1532
2014,5,14,7,1646
2014,5,14,8,1830
2014,5,14,9,2042
2014,5,14,10,2231
2014,5,14,11,2339
2014,5,14,12,2324
2014,5,14,13,2180
2014,5,14,14,1935
2014,5,14,15,1678
2014,5,14,16,1486
2014,5,14,17,1414
2014,5,14,18,1475
2014,5,14,19,1649
2014,5,14,20,1901
2014,5,14,21,2191
2014,5,14,22,2447
2014,5,14,23,2601
2014,5,15,0,2626
2014,5,15,1,2510
2014,5,15,2,2289
2014,5,15,3,2003
2014,5,15,4,1732
2014,5,15,5,1533
2014,5,15,6,1459
2014,5,15,7,1513
2014,5,15,8,1670
2014,5,15,9,1882
2014,5,15,10,2100
2014,5,15,11,2270
2014,5,15,12,2335
2014,5,15,13,2274
2014,5,15,14,2079
2014,5,15,15,1806
2014,5,15,16,1555
2014,5,15,17,1392
2014,5,15,18,1377
2014,5,15,19,1505
2014,5,15,20,1742
2014,5,15,21,2023
2014,5,15,22,2304
2014,5,15,23,2534
2014,5,16,0,2662
2014,5,16,1,2656
2014,5,16,2,2505
2014,5,16,3,2225
2014,5,16,4,1903
2014,5,16,5,1636
2014,5,16,6,1483
2014,5,16,7,1454
2014,5,16,8,1543
2014,5,16,9,1717
2014,5,16,10,1938
2014,5,16,11,2156
2014,5,16,12,2293
2014,5,16,13,2317
2014,5,16,14,2198
2014,5,16,15,1970
2014,5,16,16,1698
2014,5,16,17,1461
2014,5,16,18,1357
2014,5,16,19,1402
2014,5,16,20,1568
2014,5,16,21,1826
2014,5,16,22,2112
2014,5,16,23,2371
2014,5,17,0,2567
2014,5,17,1,2656
2014,5,17,2,2610
2014,5,17,3,2413
2014,5,17,4,2104
2014,5,17,5,1790
2014,5,17,6,1540
2014,5,17,7,1413
2014,5,17,8,1422
2014,5,17,9,1549
2014,5,17,10,1760
2014,5,17,11,1983
2014,5,17,12,2169
2014,5,17,13,2269
2014,5,17,14,2247
2014,5,17,15,2108
2014,5,17,16,1871
2014,5,17,17,1612
2014,5,17,18,1426
2014,5,17,19,1361
2014,5,17,20,1442
2014,5,17,21,1649
2014,5,17,22,1928
2014,5,17,23,2208
2014,5,18,0,2437
2014,5,18,1,2583
2014,5,18,2,2632
2014,5,18,3,2553
2014,5,18,4,2336
2014,5,18,5,2029
2014,5,18,6,1713
2014,5,18,7,1501
2014,5,18,8,1426
2014,5,18,9,1483
2014,5,18,10,1631
2014,5,18,11,1825
2014,5,18,12,2018
2014,5,18,13,2175
2014,5,18,14,2250
2014,5,18,15,2216
2014,5,18,16,2058
2014,5,18,17,1816
2014,5,18,18,1585
2014,5,18,19,1429
2014,5,18,20,1402
2014,5,18,21,1499
2014,5,18,22,1697
2014,5,18,23,1950
2014,5,19,0,2201
2014,5,19,1,2422
2014,5,19,2,2581
2014,5,19,3,2614
2014,5,19,4,2492
2014,5,19,5,2247
2014,5,19,6,1944
2014,5,19,7,1679
2014,5,19,8,1518
2014,5,19,9,1478
2014,5,19,10,1530
2014,5,19,11,1661
2014,5,19,12,1832
2014,5,19,13,2005
2014,5,19,14,2144
2014,5,19,15,2222
2014,5,19,16,2187
2014,5,19,17,2009
2014,5,19,18,1800
2014,5,19,19,1605
2014,5,19,20,1499
2014,5,19,21,1500
2014,5,19,22,1600
2014,5,19,23,1778
2014,5,20,0,1986
2014,5,20,1,2199
2014,5,20,2,2390
2014,5,20,3,2505
2014,5,20,4,2515
2014,5,20,5,2393
2014,5,20,6,2156
2014,5,20,7,1890
2014,5,20,8,1689
2014,5,20,9,1567
2014,5,20,10,1534
2014,5,20,11,1594
2014,5,20,12,1719
2014,5,20,13,1872
2014,5,20,14,2008
2014,5,20,15,2123
2014,5,20,16,2192
2014,5,20,17,2180
2014,5,20,18,2066
2014,5,20,19,1890
2014,5,20,20,1707
2014,5,20,21,1602
2014,5,20,22,1600
2014,5,20,23,1690
2014,5,21,0,1839
2014,5,21,1,2002
2014,5,21,2,2175
2014,5,21,3,2330
2014,5,21,4,2451
2014,5,21,5,2470
2014,5,21,6,2354
2014,5,21,7,2147
2014,5,21,8,1915
2014,5,21,9,1738
2014,5,21,10,1642
2014,5,21,11,1629
2014,5,21,12,1680
2014,5,21,13,1773
2014,5,21,14,1908
2014,5,21,15,2038
2014,5,21,16,2165
2014,5,21,17,2245
2014,5,21,18,2236
2014,5,21,19,2125
2014,5,21,20,1964
2014,5,21,21,1793
2014,5,21,22,1698
2014,5,21,23,1707
2014,5,22,0,1784
2014,5,22,1,1897
2014,5,22,2,2021
2014,5,22,3,2139
2014,5,22,4,2274
2014,5,22,5,2387
2014,5,22,6,2416
2014,5,22,7,2313
2014,5,22,8,2122
2014,5,22,9,1924
2014,5,22,10,1774
2014,5,22,11,1689
2014,5,22,12,1662
2014,5,22,13,1705
2014,5,22,14,1789
2014,5,22,15,1910
2014,5,22,16,2057
2014,5,22,17,2185
2014,5,22,18,2274
2014,5,22,19,2279
2014,5,22,20,2193
2014,5,22,21,2044
2014,5,22,22,1883
2014,5,22,23,1768
2014,5,23,0,1723
2014,5,23,1,1755
2014,5,23,2,1836
2014,5,23,3,1938
2014,5,23,4,2059
2014,5,23,5,2187
2014,5,23,6,2288
2014,5,23,7,2324
2014,5,23,8,2256
2014,5,23,9,2108
2014,5,23,10,1934
2014,5,23,11,1777
2014,5,23,12,1673
2014,5,23,13,1633
2014,5,23,14,1641
2014,5,23,15,1740
2014,5,23,16,1884
2014,5,23,17,2042
2014,5,23,18,2210
2014,5,23,19,2319
2014,5,23,20,2343
2014,5,23,21,2268
2014,5,23,22,2128
2014,5,23,23,1966
2014,5,24,0,1832
2014,5,24,1,1744
2014,5,24,2,1735
2014,5,24,3,1782
2014,5,24,4,1867
2014,5,24,5,1982
2014,5,24,6,2113
2014,5,24,7,2233
2014,5,24,8,2293
2014,5,24,9,2247
2014,5,24,10,2109
2014,5,24,11,1926
2014,5,24,12,1758
2014,5,24,13,1636
2014,5,24,14,1588
2014,5,24,15,1627
2014,5,24,16,1731
2014,5,24,17,1894
2014,5,24,18,2081
2014,5,24,19,2259
2014,5,24,20,2380
2014,5,24,21,2406
2014,5,24,22,2336
2014,5,24,23,2183
2014,5,25,0,2002
2014,5,25,1,1832
2014,5,25,2,1708
2014,5,25,3,1662
2014,5,25,4,1706
2014,5,25,5,1811
2014,5,25,6,1942
2014,5,25,7,2088
2014,5,25,8,2198
2014,5,25,9,2247
2014,5,25,10,2213
2014,5,25,11,2085
2014,5,25,12,1902
2014,5,25,13,1708
2014,5,25,14,1568
2014,5,25,15,1517
2014,5,25,16,1559
2014,5,25,17,1690
2014,5,25,18,1888
2014,5,25,19,2121
2014,5,25,20,2322
2014,5,25,21,2441
2014,5,25,22,2455
2014,5,25,23,2360
2014,5,26,0,2183
2014,5,26,1,1976
2014,5,26,2,1795
2014,5,26,3,1669
2014,5,26,4,1611
2014,5,26,5,1633
2014,5,26,6,1727
2014,5,26,7,1866
2014,5,26,8,2031
2014,5,26,9,2174
2014,5,26,10,2240
2014,5,26,11,2191
2014,5,26,12,2037
2014,5,26,13,1825
2014,5,26,14,1616
2014,5,26,15,1493
2014,5,26,16,1475
2014,5,26,17,1555
2014,5,26,18,1724
2014,5,26,19,1939
2014,5,26,20,2163
2014,5,26,21,2356
2014,5,26,22,2461
2014,5,26,23,2456
2014,5,27,0,2338
2014,5,27,1,2129
2014,5,27,2,1896
2014,5,27,3,1693
2014,5,27,4,1572
2014,5,27,5,1540
2014,5,27,6,1589
2014,5,27,7,1700
2014,5,27,8,1861
2014,5,27,9,2035
2014,5,27,10,2177
2014,5,27,11,2225
2014,5,27,12,2147
2014,5,27,13,1965
2014,5,27,14,1727
2014,5,27,15,1527
2014,5,27,16,1423
2014,5,27,17,1446
2014,5,27,18,1582
2014,5,27,19,1796
2014,5,27,20,2043
2014,5,27,21,2269
2014,5,27,22,2432
2014,5,27,23,2506
2014,5,28,0,2464
2014,5,28,1,2305
2014,5,28,2,2068
2014,5,28,3,1813
2014,5,28,4,1606
2014,5,28,5,1487
2014,5,28,6,1478
2014,5,28,7,1557
2014,5,28,8,1701
2014,5,28,9,1887
2014,5,28,10,2066
2014,5,28,11,2178
2014,5,28,12,2189
2014,5,28,13,2084
2014,5,28,14,1873
2014,5,28,15,1646
2014,5,28,16,1478
2014,5,28,17,1429
2014,5,28,18,1492
2014,5,28,19,1646
2014,5,28,20,1858
2014,5,28,21,2101
2014,5,28,22,2327
2014,5,28,23,2486
2014,5,29,0,2525
2014,5,29,1,2425
2014,5,29,2,2214
2014,5,29,3,1954
2014,5,29,4,1710
2014,5,29,5,1537
2014,5,29,6,1465
2014,5,29,7,1490
2014,5,29,8,1595
2014,5,29,9,1764
2014,5,29,10,1954
2014,5,29,11,2118
2014,5,29,12,2208
2014,5,29,13,2183
2014,5,29,14,2029
2014,5,29,15,1790
2014,5,29,16,1565
2014,5,29,17,1436
2014,5,29,18,1438
2014,5,29,19,1543
2014,5,29,20,1724
2014,5,29,21,1943
2014,5,29,22,2159
2014,5,29,23,2358
2014,5,30,0,2473
2014,5,30,1,2464
2014,5,30,2,2340
2014,5,30,3,2113
2014,5,30,4,1845
2014,5,30,5,1600
2014,5,30,6,1442
2014,5,30,7,1405
2014,5,30,8,1476
2014,5,30,9,1626
2014,5,30,10,1819
2014,5,30,11,1990
2014,5,30,12,2118
2014,5,30,13,2163
2014,5,30,14,2082
2014,5,30,15,1893
2014,5,30,16,1653
2014,5,30,17,1471
2014,5,30,18,1401
2014,5,30,19,1456
2014,5,30,20,1587
2014,5,30,21,1780
2014,5,30,22,2016
2014,5,30,23,2239
2014,5,31,0,2406
2014,5,31,1,2475
2014,5,31,2,2426
2014,5,31,3,2266
2014,5,31,4,2030
2014,5,31,5,1769
2014,5,31,6,1556
2014,5,31,7,1466
2014,5,31,8,1494
2014,5,31,9,1609
2014,5,31,10,1777
2014,5,31,11,1947
2014,5,31,12,2088
2014,5,31,13,2173
2014,5,31,14,2164
2014,5,31,15,2045
2014,5,31,16,1837
2014,5,31,17,1630
2014,5,31,18,1501
2014,5,31,19,1483
2014,5,31,20,1560
2014,5,31,21,1713
2014,5,31,22,1917
2014,5,31,23,2139
2014,6,1,0,2318
2014,6,1,1,2424
2014,6,1,2,2431
2014,6,1,3,2335
2014,6,1,4,2152
2014,6,1,5,1915
2014,6,1,6,1678
2014,6,1,7,1520
2014,6,1,8,1485
2014,6,1,9,1554
2014,6,1,10,1686
2014,6,1,11,1838
2014,6,1,12,1976
2014,6,1,13,2074
2014,6,1,14,2117
2014,6,1,15,2089
2014,6,1,16,1966
2014,6,1,17,1774
2014,6,1,18,1597
2014,6,1,19,1498
2014,6,1,20,1504
2014,6,1,21,1614
2014,6,1,22,1787
2014,6,1,23,1998
2014,6,2,0,2192
2014,6,2,1,2322
2014,6,2,2,2371
2014,6,2,3,2333
2014,6,2,4,2217
2014,6,2,5,2032
2014,6,2,6,1815
2014,6,2,7,1620
2014,6,2,8,1527
2014,6,2,9,1552
2014,6,2,10,1658
2014,6,2,11,1801
2014,6,2,12,1935
2014,6,2,13,2033
2014,6,2,14,2095
2014,6,2,15,2114
2014,6,2,16,2054
2014,6,2,17,1912
2014,6,2,18,1746
2014,6,2,19,1616
2014,6,2,20,1554
2014,6,2,21,1582
2014,6,2,22,1704
2014,6,2,23,1899
2014,6,3,0,2096
2014,6,3,1,2236
2014,6,3,2,2298
2014,6,3,3,2306
2014,6,3,4,2258
2014,6,3,5,2136
2014,6,3,6,1957
2014,6,3,7,1757
2014,6,3,8,1610
2014,6,3,9,1569
2014,6,3,10,1632
2014,6,3,11,1758
2014,6,3,12,1892
2014,6,3,13,1993
2014,6,3,14,2060
2014,6,3,15,2100
2014,6,3,16,2093
2014,6,3,17,2020
2014,6,3,18,1879
2014,6,3,19,1735
2014,6,3,20,1636
2014,6,3,21,1612
2014,6,3,22,1672
2014,6,3,23,1822
2014,6,4,0,2001
2014,6,4,1,2163
2014,6,4,2,2265
2014,6,4,3,2296
2014,6,4,4,2277
2014,6,4,5,2203
2014,6,4,6,2059
2014,6,4,7,1871
2014,6,4,8,1714
2014,6,4,9,1641
2014,6,4,10,1652
2014,6,4,11,1712
2014,6,4,12,1794
2014,6,4,13,1890
2014,6,4,14,1983
2014,6,4,15,2066
2014,6,4,16,2110
2014,6,4,17,2092
2014,6,4,18,2005
2014,6,4,19,1885
2014,6,4,20,1760
2014,6,4,21,1688
2014,6,4,22,1697
2014,6,4,23,1779
2014,6,5,0,1912
2014,6,5,1,2046
2014,6,5,2,2153
2014,6,5,3,2220
2014,6,5,4,2249
2014,6,5,5,2226
2014,6,5,6,2146
2014,6,5,7,2008
2014,6,5,8,1855
2014,6,5,9,1736
2014,6,5,10,1692
2014,6,5,11,1711
2014,6,5,12,1764
2014,6,5,13,1845
2014,6,5,14,1933
2014,6,5,15,2026
2014,6,5,16,2100
2014,6,5,17,2124
2014,6,5,18,2088
2014,6,5,19,2009
2014,6,5,20,1900
2014,6,5,21,1800
2014,6,5,22,1749
2014,6,5,23,1771
2014,6,6,0,1838
2014,6,6,1,1930
2014,6,6,2,2030
2014,6,6,3,2119
2014,6,6,4,2183
2014,6,6,5,2209
2014,6,6,6,2174
2014,6,6,7,2074
2014,6,6,8,1931
2014,6,6,9,1805
2014,6,6,10,1734
2014,6,6,11,1710
2014,6,6,12,1719
2014,6,6,13,1750
2014,6,6,14,1816
2014,6,6,15,1919
2014,6,6,16,2021
2014,6,6,17,2105
2014,6,6,18,2147
2014,6,6,19,2124
2014,6,6,20,2046
2014,6,6,21,1949
2014,6,6,22,1854
2014,6,6,23,1807
2014,6,7,0,1810
2014,6,7,1,1852
2014,6,7,2,1931
2014,6,7,3,2014
2014,6,7,4,2091
2014,6,7,5,2170
2014,6,7,6,2184
2014,6,7,7,2137
2014,6,7,8,2051
2014,6,7,9,1945
2014,6,7,10,1863
2014,6,7,11,1803
2014,6,7,12,1754
2014,6,7,13,1726
2014,6,7,14,1743
2014,6,7,15,1819
2014,6,7,16,1943
2014,6,7,17,2077
2014,6,7,18,2185
2014,6,7,19,2239
2014,6,7,20,2212
2014,6,7,21,2135
2014,6,7,22,2020
2014,6,7,23,1905
2014,6,8,0,1824
2014,6,8,1,1797
2014,6,8,2,1822
2014,6,8,3,1879
2014,6,8,4,1964
2014,6,8,5,2058
2014,6,8,6,2131
2014,6,8,7,2156
2014,6,8,8,2125
2014,6,8,9,2054
2014,6,8,10,1957
2014,6,8,11,1841
2014,6,8,12,1743
2014,6,8,13,1682
2014,6,8,14,1676
2014,6,8,15,1730
2014,6,8,16,1832
2014,6,8,17,1967
2014,6,8,18,2119
2014,6,8,19,2247
2014,6,8,20,2300
2014,6,8,21,2267
2014,6,8,22,2156
2014,6,8,23,2021
2014,6,9,0,1888
2014,6,9,1,1802
2014,6,9,2,1766
2014,6,9,3,1767
2014,6,9,4,1817
2014,6,9,5,1899
2014,6,9,6,2004
2014,6,9,7,2098
2014,6,9,8,2146
2014,6,9,9,2134
2014,6,9,10,2064
2014,6,9,11,1943
2014,6,9,12,1805
2014,6,9,13,1687
2014,6,9,14,1624
2014,6,9,15,1636
2014,6,9,16,1716
2014,6,9,17,1848
2014,6,9,18,2017
2014,6,9,19,2198
2014,6,9,20,2340
2014,6,9,21,2399
2014,6,9,22,2352
2014,6,9,23,2226
2014,6,10,0,2045
2014,6,10,1,1883
2014,6,10,2,1757
2014,6,10,3,1699
2014,6,10,4,1708
2014,6,10,5,1760
2014,6,10,6,1850
2014,6,10,7,1965
2014,6,10,8,2073
2014,6,10,9,2125
2014,6,10,10,2116
2014,6,10,11,2042
2014,6,10,12,1901
2014,6,10,13,1742
2014,6,10,14,1602
2014,6,10,15,1534
2014,6,10,16,1556
2014,6,10,17,1673
2014,6,10,18,1861
2014,6,10,19,2079
2014,6,10,20,2281
2014,6,10,21,2403
2014,6,10,22,2423
2014,6,10,23,2355
2014,6,11,0,2204
2014,6,11,1,2010
2014,6,11,2,1811
2014,6,11,3,1656
2014,6,11,4,1579
2014,6,11,5,1596
2014,6,11,6,1691
2014,6,11,7,1817
2014,6,11,8,1953
2014,6,11,9,2068
2014,6,11,10,2141
2014,6,11,11,2140
2014,6,11,12,2032
2014,6,11,13,1842
2014,6,11,14,1636
2014,6,11,15,1494
2014,6,11,16,1462
2014,6,11,17,1528
2014,6,11,18,1681
2014,6,11,19,1902
2014,6,11,20,2144
2014,6,11,21,2361
2014,6,11,22,2497
2014,6,11,23,2515
2014,6,12,0,2407
2014,6,12,1,2196
2014,6,12,2,1952
2014,6,12,3,1735
2014,6,12,4,1582
2014,6,12,5,1522
2014,6,12,6,1541
2014,6,12,7,1644
2014,6,12,8,1803
2014,6,12,9,1992
2014,6,12,10,2153
2014,6,12,11,2223
2014,6,12,12,2161
2014,6,12,13,1983
2014,6,12,14,1757
2014,6,12,15,1561
2014,6,12,16,1442
2014,6,12,17,1417
2014,6,12,18,1504
2014,6,12,19,1703
2014,6,12,20,1975
2014,6,12,21,2242
2014,6,12,22,2476
2014,6,12,23,2597
2014,6,13,0,2578
2014,6,13,1,2417
2014,6,13,2,2165
2014,6,13,3,1888
2014,6,13,4,1667
2014,6,13,5,1511
2014,6,13,6,1476
2014,6,13,7,1531
2014,6,13,8,1676
2014,6,13,9,1872
2014,6,13,10,2077
2014,6,13,11,2235
2014,6,13,12,2279
2014,6,13,13,2173
2014,6,13,14,1959
2014,6,13,15,1702
2014,6,13,16,1490
2014,6,13,17,1386
2014,6,13,18,1402
2014,6,13,19,1540
2014,6,13,20,1773
2014,6,13,21,2066
2014,6,13,22,2350
2014,6,13,23,2563
2014,6,14,0,2647
2014,6,14,1,2599
2014,6,14,2,2408
2014,6,14,3,2112
2014,6,14,4,1802
2014,6,14,5,1554
2014,6,14,6,1431
2014,6,14,7,1427
2014,6,14,8,1530
2014,6,14,9,1706
2014,6,14,10,1907
2014,6,14,11,2097
2014,6,14,12,2250
2014,6,14,13,2279
2014,6,14,14,2150
2014,6,14,15,1918
2014,6,14,16,1656
2014,6,14,17,1446
2014,6,14,18,1363
2014,6,14,19,1427
2014,6,14,20,1607
2014,6,14,21,1871
2014,6,14,22,2178
2014,6,14,23,2451
2014,6,15,0,2639
2014,6,15,1,2705
2014,6,15,2,2633
2014,6,15,3,2411
2014,6,15,4,2077
2014,6,15,5,1749
2014,6,15,6,1514
2014,6,15,7,1414
2014,6,15,8,1444
2014,6,15,9,1570
2014,6,15,10,1763
2014,6,15,11,1975
2014,6,15,12,2171
2014,6,15,13,2298
2014,6,15,14,2298
2014,6,15,15,2146
2014,6,15,16,1892
2014,6,15,17,1606
2014,6,15,18,1401
2014,6,15,19,1351
2014,6,15,20,1444
2014,6,15,21,1661
2014,6,15,22,1940
2014,6,15,23,2217
2014,6,16,0,2445
2014,6,16,1,2606
2014,6,16,2,2669
2014,6,16,3,2586
2014,6,16,4,2345
2014,6,16,5,2015
2014,6,16,6,1708
2014,6,16,7,1499
2014,6,16,8,1431
2014,6,16,9,1483
2014,6,16,10,1634
2014,6,16,11,1845
2014,6,16,12,2067
2014,6,16,13,2253
2014,6,16,14,2338
2014,6,16,15,2297
2014,6,16,16,2124
2014,6,16,17,1861
2014,6,16,18,1605
2014,6,16,19,1434
2014,6,16,20,1411
2014,6,16,21,1530
2014,6,16,22,1747
2014,6,16,23,2000
2014,6,17,0,2241
2014,6,17,1,2446
2014,6,17,2,2580
2014,6,17,3,2613
2014,6,17,4,2495
2014,6,17,5,2237
2014,6,17,6,1936
2014,6,17,7,1672
2014,6,17,8,1520
2014,6,17,9,1482
2014,6,17,10,1556
2014,6,17,11,1712
2014,6,17,12,1911
2014,6,17,13,2112
2014,6,17,14,2269
2014,6,17,15,2326
2014,6,17,16,2257
2014,6,17,17,2083
2014,6,17,18,1860
2014,6,17,19,1653
2014,6,17,20,1513
2014,6,17,21,1492
2014,6,17,22,1585
2014,6,17,23,1773
2014,6,18,0,1998
2014,6,18,1,2221
2014,6,18,2,2410
2014,6,18,3,2518
2014,6,18,4,2522
2014,6,18,5,2373
2014,6,18,6,2114
2014,6,18,7,1837
2014,6,18,8,1626
2014,6,18,9,1532
2014,6,18,10,1514
2014,6,18,11,1576
2014,6,18,12,1729
2014,6,18,13,1921
2014,6,18,14,2094
2014,6,18,15,2230
2014,6,18,16,2293
2014,6,18,17,2241
2014,6,18,18,2094
2014,6,18,19,1902
2014,6,18,20,1720
2014,6,18,21,1599
2014,6,18,22,1590
2014,6,18,23,1693
2014,6,19,0,1850
2014,6,19,1,2035
2014,6,19,2,2212
2014,6,19,3,2363
2014,6,19,4,2461
2014,6,19,5,2461
2014,6,19,6,2318
2014,6,19,7,2061
2014,6,19,8,1794
2014,6,19,9,1607
2014,6,19,10,1550
2014,6,19,11,1590
2014,6,19,12,1695
2014,6,19,13,1824
2014,6,19,14,1971
2014,6,19,15,2134
2014,6,19,16,2277
2014,6,19,17,2344
2014,6,19,18,2287
2014,6,19,19,2133
2014,6,19,20,1931
2014,6,19,21,1770
2014,6,19,22,1692
2014,6,19,23,1702
2014,6,20,0,1785
2014,6,20,1,1894
2014,6,20,2,2021
2014,6,20,3,2150
2014,6,20,4,2282
2014,6,20,5,2362
2014,6,20,6,2331
2014,6,20,7,2191
2014,6,20,8,1978
2014,6,20,9,1755
2014,6,20,10,1609
2014,6,20,11,1557
2014,6,20,12,1588
2014,6,20,13,1682
2014,6,20,14,1820
2014,6,20,15,1989
2014,6,20,16,2136
2014,6,20,17,2249
2014,6,20,18,2308
2014,6,20,19,2273
2014,6,20,20,2144
2014,6,20,21,1976
2014,6,20,22,1816
2014,6,20,23,1713
2014,6,21,0,1698
2014,6,21,1,1750
2014,6,21,2,1841
2014,6,21,3,1945
2014,6,21,4,2047
2014,6,21,5,2151
2014,6,21,6,2207
2014,6,21,7,2201
2014,6,21,8,2101
2014,6,21,9,1939
2014,6,21,10,1771
2014,6,21,11,1643
2014,6,21,12,1593
2014,6,21,13,1615
2014,6,21,14,1702
2014,6,21,15,1822
2014,6,21,16,1959
2014,6,21,17,2103
2014,6,21,18,2222
2014,6,21,19,2299
2014,6,21,20,2295
2014,6,21,21,2208
2014,6,21,22,2046
2014,6,21,23,1885
2014,6,22,0,1781
2014,6,22,1,1740
2014,6,22,2,1770
2014,6,22,3,1829
2014,6,22,4,1895
2014,6,22,5,1982
2014,6,22,6,2078
2014,6,22,7,2161
2014,6,22,8,2172
2014,6,22,9,2093
2014,6,22,10,1956
2014,6,22,11,1804
2014,6,22,12,1690
2014,6,22,13,1634
2014,6,22,14,1643
2014,6,22,15,1711
2014,6,22,16,1835
2014,6,22,17,2001
2014,6,22,18,2165
2014,6,22,19,2311
2014,6,22,20,2392
2014,6,22,21,2371
2014,6,22,22,2259
2014,6,22,23,2106
2014,6,23,0,1960
2014,6,23,1,1842
2014,6,23,2,1781
2014,6,23,3,1762
2014,6,23,4,1785
2014,6,23,5,1854
2014,6,23,6,1958
2014,6,23,7,2062
2014,6,23,8,2129
2014,6,23,9,2135
2014,6,23,10,2065
2014,6,23,11,1937
2014,6,23,12,1786
2014,6,23,13,1648
2014,6,23,14,1581
2014,6,23,15,1597
2014,6,23,16,1671
2014,6,23,17,1796
2014,6,23,18,1969
2014,6,23,19,2159
2014,6,23,20,2322
2014,6,23,21,2412
2014,6,23,22,2388
2014,6,23,23,2263
2014,6,24,0,2076
2014,6,24,1,1897
2014,6,24,2,1773
2014,6,24,3,1703
2014,6,24,4,1682
2014,6,24,5,1695
2014,6,24,6,1763
2014,6,24,7,1881
2014,6,24,8,2005
2014,6,24,9,2091
2014,6,24,10,2098
2014,6,24,11,2016
2014,6,24,12,1878
2014,6,24,13,1723
2014,6,24,14,1593
2014,6,24,15,1528
2014,6,24,16,1546
2014,6,24,17,1643
2014,6,24,18,1811
2014,6,24,19,2014
2014,6,24,20,2211
2014,6,24,21,2357
2014,6,24,22,2426
2014,6,24,23,2402
2014,6,25,0,2273
2014,6,25,1,2089
2014,6,25,2,1911
2014,6,25,3,1763
2014,6,25,4,1668
2014,6,25,5,1631
2014,6,25,6,1666
2014,6,25,7,1751
2014,6,25,8,1873
2014,6,25,9,1999
2014,6,25,10,2092
2014,6,25,11,2103
2014,6,25,12,2009
2014,6,25,13,1841
2014,6,25,14,1657
2014,6,25,15,1521
2014,6,25,16,1475
2014,6,25,17,1528
2014,6,25,18,1661
2014,6,25,19,1858
2014,6,25,20,2062
2014,6,25,21,2252
2014,6,25,22,2391
2014,6,25,23,2445
2014,6,26,0,2404
2014,6,26,1,2259
2014,6,26,2,2048
2014,6,26,3,1832
2014,6,26,4,1675
2014,6,26,5,1594
2014,6,26,6,1593
2014,6,26,7,1665
2014,6,26,8,1780
2014,6,26,9,1911
2014,6,26,10,2046
2014,6,26,11,2127
2014,6,26,12,2117
2014,6,26,13,1989
2014,6,26,14,1780
2014,6,26,15,1569
2014,6,26,16,1448
2014,6,26,17,1437
2014,6,26,18,1535
2014,6,26,19,1711
2014,6,26,20,1922
2014,6,26,21,2136
2014,6,26,22,2329
2014,6,26,23,2442
2014,6,27,0,2459
2014,6,27,1,2359
2014,6,27,2,2173
2014,6,27,3,1941
2014,6,27,4,1724
2014,6,27,5,1566
2014,6,27,6,1503
2014,6,27,7,1530
2014,6,27,8,1643
2014,6,27,9,1811
2014,6,27,10,1970
2014,6,27,11,2077
2014,6,27,12,2126
2014,6,27,13,2077
2014,6,27,14,1920
2014,6,27,15,1714
2014,6,27,16,1527
2014,6,27,17,1439
2014,6,27,18,1476
2014,6,27,19,1612
2014,6,27,20,1812
2014,6,27,21,2040
2014,6,27,22,2265
2014,6,27,23,2435
2014,6,28,0,2523
2014,6,28,1,2503
2014,6,28,2,2373
2014,6,28,3,2148
2014,6,28,4,1901
2014,6,28,5,1696
2014,6,28,6,1587
2014,6,28,7,1576
2014,6,28,8,1637
2014,6,28,9,1764
2014,6,28,10,1939
2014,6,28,11,2107
2014,6,28,12,2226
2014,6,28,13,2220
2014,6,28,14,2085
2014,6,28,15,1876
2014,6,28,16,1660
2014,6,28,17,1508
2014,6,28,18,1466
2014,6,28,19,1552
2014,6,28,20,1735
2014,6,28,21,1964
2014,6,28,22,2200
2014,6,28,23,2406
2014,6,29,0,2524
2014,6,29,1,2546
2014,6,29,2,2467
2014,6,29,3,2290
2014,6,29,4,2055
2014,6,29,5,1814
2014,6,29,6,1645
2014,6,29,7,1578
2014,6,29,8,1600
2014,6,29,9,1708
2014,6,29,10,1873
2014,6,29,11,2059
2014,6,29,12,2207
2014,6,29,13,2258
2014,6,29,14,2199
2014,6,29,15,2045
2014,6,29,16,1830
2014,6,29,17,1626
2014,6,29,18,1509
2014,6,29,19,1533
2014,6,29,20,1676
2014,6,29,21,1881
2014,6,29,22,2111
2014,6,29,23,2322
2014,6,30,0,2469
2014,6,30,1,2543
2014,6,30,2,2536
2014,6,30,3,2433
2014,6,30,4,2217
2014,6,30,5,1946
2014,6,30,6,1700
2014,6,30,7,1551
2014,6,30,8,1534
2014,6,30,9,1627
2014,6,30,10,1797
2014,6,30,11,1975
2014,6,30,12,2117
2014,6,30,13,2207
2014,6,30,14,2213
2014,6,30,15,2130
2014,6,30,16,1967
2014,6,30,17,1758
2014,6,30,18,1590
2014,6,30,19,1537
2014,6,30,20,1608
2014,6,30,21,1775
2014,6,30,22,1982
2014,6,30,23,2203
2014,7,1,0,2395
2014,7,1,1,2514
2014,7,1,2,2554
2014,7,1,3,2493
2014,7,1,4,2314
2014,7,1,5,2049
2014,7,1,6,1785
2014,7,1,7,1598
2014,7,1,8,1534
2014,7,1,9,1584
2014,7,1,10,1724
2014,7,1,11,1887
2014,7,1,12,2036
2014,7,1,13,2174
2014,7,1,14,2241
2014,7,1,15,2214
2014,7,1,16,2095
2014,7,1,17,1902
2014,7,1,18,1727
2014,7,1,19,1630
2014,7,1,20,1637
2014,7,1,21,1734
2014,7,1,22,1898
2014,7,1,23,2108
2014,7,2,0,2297
2014,7,2,1,2437
2014,7,2,2,2509
2014,7,2,3,2498
2014,7,2,4,2399
2014,7,2,5,2203
2014,7,2,6,1959
2014,7,2,7,1733
2014,7,2,8,1591
2014,7,2,9,1580
2014,7,2,10,1680
2014,7,2,11,1847
2014,7,2,12,2023
2014,7,2,13,2160
2014,7,2,14,2243
2014,7,2,15,2267
2014,7,2,16,2224
2014,7,2,17,2105
2014,7,2,18,1935
2014,7,2,19,1775
2014,7,2,20,1692
2014,7,2,21,1725
2014,7,2,22,1856
2014,7,2,23,2052
2014,7,3,0,2219
2014,7,3,1,2338
2014,7,3,2,2423
2014,7,3,3,2459
2014,7,3,4,2422
2014,7,3,5,2277
2014,7,3,6,2061
2014,7,3,7,1823
2014,7,3,8,1641
2014,7,3,9,1580
2014,7,3,10,1615
2014,7,3,11,1742
2014,7,3,12,1908
2014,7,3,13,2064
2014,7,3,14,2180
2014,7,3,15,2239
2014,7,3,16,2223
2014,7,3,17,2145
2014,7,3,18,2026
2014,7,3,19,1885
2014,7,3,20,1773
2014,7,3,21,1731
2014,7,3,22,1775
2014,7,3,23,1898
2014,7,4,0,2053
2014,7,4,1,2209
2014,7,4,2,2325
2014,7,4,3,2375
2014,7,4,4,2363
2014,7,4,5,2267
2014,7,4,6,2100
2014,7,4,7,1895
2014,7,4,8,1706
2014,7,4,9,1587
2014,7,4,10,1568
2014,7,4,11,1641
2014,7,4,12,1783
2014,7,4,13,1949
2014,7,4,14,2084
2014,7,4,15,2169
2014,7,4,16,2208
2014,7,4,17,2200
2014,7,4,18,2138
2014,7,4,19,2021
2014,7,4,20,1888
2014,7,4,21,1785
2014,7,4,22,1750
2014,7,4,23,1804
2014,7,5,0,1920
2014,7,5,1,2041
2014,7,5,2,2161
2014,7,5,3,2242
2014,7,5,4,2259
2014,7,5,5,2217
2014,7,5,6,2115
2014,7,5,7,1964
2014,7,5,8,1792
2014,7,5,9,1639
2014,7,5,10,1559
2014,7,5,11,1572
2014,7,5,12,1651
2014,7,5,13,1775
2014,7,5,14,1909
2014,7,5,15,2029
2014,7,5,16,2120
2014,7,5,17,2167
2014,7,5,18,2164
2014,7,5,19,2095
2014,7,5,20,1972
2014,7,5,21,1854
2014,7,5,22,1775
2014,7,5,23,1762
2014,7,6,0,1824
2014,7,6,1,1916
2014,7,6,2,2003
2014,7,6,3,2074
2014,7,6,4,2139
2014,7,6,5,2174
2014,7,6,6,2135
2014,7,6,7,2028
2014,7,6,8,1877
2014,7,6,9,1721
2014,7,6,10,1621
2014,7,6,11,1601
2014,7,6,12,1634
2014,7,6,13,1695
2014,7,6,14,1795
2014,7,6,15,1919
2014,7,6,16,2049
2014,7,6,17,2172
2014,7,6,18,2243
2014,7,6,19,2236
2014,7,6,20,2154
2014,7,6,21,2036
2014,7,6,22,1919
2014,7,6,23,1830
2014,7,7,0,1792
2014,7,7,1,1804
2014,7,7,2,1859
2014,7,7,3,1933
2014,7,7,4,2005
2014,7,7,5,2064
2014,7,7,6,2095
2014,7,7,7,2076
2014,7,7,8,1996
2014,7,7,9,1871
2014,7,7,10,1738
2014,7,7,11,1631
2014,7,7,12,1589
2014,7,7,13,1599
2014,7,7,14,1662
2014,7,7,15,1783
2014,7,7,16,1936
2014,7,7,17,2100
2014,7,7,18,2236
2014,7,7,19,2319
2014,7,7,20,2318
2014,7,7,21,2237
2014,7,7,22,2114
2014,7,7,23,1976
2014,7,8,0,1855
2014,7,8,1,1773
2014,7,8,2,1753
2014,7,8,3,1788
2014,7,8,4,1861
2014,7,8,5,1934
2014,7,8,6,1996
2014,7,8,7,2026
2014,7,8,8,2010
2014,7,8,9,1948
2014,7,8,10,1835
2014,7,8,11,1706
2014,7,8,12,1604
2014,7,8,13,1556
2014,7,8,14,1566
2014,7,8,15,1643
2014,7,8,16,1765
2014,7,8,17,1936
2014,7,8,18,2123
2014,7,8,19,2288
2014,7,8,20,2398
2014,7,8,21,2408
2014,7,8,22,2333
2014,7,8,23,2191
2014,7,9,0,2024
2014,7,9,1,1866
2014,7,9,2,1758
2014,7,9,3,1726
2014,7,9,4,1766
2014,7,9,5,1848
2014,7,9,6,1949
2014,7,9,7,2048
2014,7,9,8,2111
2014,7,9,9,2125
2014,7,9,10,2064
2014,7,9,11,1945
2014,7,9,12,1798
2014,7,9,13,1666
2014,7,9,14,1581
2014,7,9,15,1585
2014,7,9,16,1666
2014,7,9,17,1821
2014,7,9,18,2032
2014,7,9,19,2280
2014,7,9,20,2494
2014,7,9,21,2598
2014,7,9,22,2570
2014,7,9,23,2431
2014,7,10,0,2231
2014,7,10,1,2017
2014,7,10,2,1835
2014,7,10,3,1727
2014,7,10,4,1686
2014,7,10,5,1714
2014,7,10,6,1811
2014,7,10,7,1948
2014,7,10,8,2096
2014,7,10,9,2202
2014,7,10,10,2221
2014,7,10,11,2124
2014,7,10,12,1942
2014,7,10,13,1741
2014,7,10,14,1597
2014,7,10,15,1529
2014,7,10,16,1550
2014,7,10,17,1664
2014,7,10,18,1868
2014,7,10,19,2138
2014,7,10,20,2434
2014,7,10,21,2656
2014,7,10,22,2745
2014,7,10,23,2685
2014,7,11,0,2495
2014,7,11,1,2234
2014,7,11,2,1972
2014,7,11,3,1754
2014,7,11,4,1618
2014,7,11,5,1587
2014,7,11,6,1663
2014,7,11,7,1799
2014,7,11,8,1958
2014,7,11,9,2115
2014,7,11,10,2222
2014,7,11,11,2225
2014,7,11,12,2114
2014,7,11,13,1926
2014,7,11,14,1707
2014,7,11,15,1530
2014,7,11,16,1444
2014,7,11,17,1477
2014,7,11,18,1631
2014,7,11,19,1897
2014,7,11,20,2227
2014,7,11,21,2520
2014,7,11,22,2721
2014,7,11,23,2798
2014,7,12,0,2709
2014,7,12,1,2488
2014,7,12,2,2191
2014,7,12,3,1890
2014,7,12,4,1650
2014,7,12,5,1494
2014,7,12,6,1461
2014,7,12,7,1554
2014,7,12,8,1751
2014,7,12,9,1978
2014,7,12,10,2180
2014,7,12,11,2297
2014,7,12,12,2302
2014,7,12,13,2177
2014,7,12,14,1939
2014,7,12,15,1668
2014,7,12,16,1450
2014,7,12,17,1384
2014,7,12,18,1465
2014,7,12,19,1675
2014,7,12,20,1962
2014,7,12,21,2284
2014,7,12,22,2597
2014,7,12,23,2818
2014,7,13,0,2875
2014,7,13,1,2761
2014,7,13,2,2490
2014,7,13,3,2143
2014,7,13,4,1812
2014,7,13,5,1568
2014,7,13,6,1461
2014,7,13,7,1475
2014,7,13,8,1612
2014,7,13,9,1832
2014,7,13,10,2077
2014,7,13,11,2299
2014,7,13,12,2422
2014,7,13,13,2397
2014,7,13,14,2211
2014,7,13,15,1929
2014,7,13,16,1642
2014,7,13,17,1442
2014,7,13,18,1395
2014,7,13,19,1509
2014,7,13,20,1738
2014,7,13,21,2041
2014,7,13,22,2380
2014,7,13,23,2679
2014,7,14,0,2857
2014,7,14,1,2869
2014,7,14,2,2701
2014,7,14,3,2399
2014,7,14,4,2042
2014,7,14,5,1707
2014,7,14,6,1462
2014,7,14,7,1377
2014,7,14,8,1444
2014,7,14,9,1633
2014,7,14,10,1892
2014,7,14,11,2166
2014,7,14,12,2388
2014,7,14,13,2486
2014,7,14,14,2431
2014,7,14,15,2225
2014,7,14,16,1917
2014,7,14,17,1614
2014,7,14,18,1436
2014,7,14,19,1427
2014,7,14,20,1572
2014,7,14,21,1827
2014,7,14,22,2140
2014,7,14,23,2450
2014,7,15,0,2704
2014,7,15,1,2861
2014,7,15,2,2855
2014,7,15,3,2665
2014,7,15,4,2321
2014,7,15,5,1916
2014,7,15,6,1572
2014,7,15,7,1388
2014,7,15,8,1384
2014,7,15,9,1523
2014,7,15,10,1769
2014,7,15,11,2053
2014,7,15,12,2320
2014,7,15,13,2503
2014,7,15,14,2564
2014,7,15,15,2460
2014,7,15,16,2195
2014,7,15,17,1876
2014,7,15,18,1608
2014,7,15,19,1474
2014,7,15,20,1515
2014,7,15,21,1689
2014,7,15,22,1953
2014,7,15,23,2244
2014,7,16,0,2502
2014,7,16,1,2699
2014,7,16,2,2795
2014,7,16,3,2734
2014,7,16,4,2500
2014,7,16,5,2142
2014,7,16,6,1777
2014,7,16,7,1508
2014,7,16,8,1387
2014,7,16,9,1441
2014,7,16,10,1640
2014,7,16,11,1912
2014,7,16,12,2173
2014,7,16,13,2371
2014,7,16,14,2498
2014,7,16,15,2500
2014,7,16,16,2366
2014,7,16,17,2127
2014,7,16,18,1864
2014,7,16,19,1663
2014,7,16,20,1577
2014,7,16,21,1630
2014,7,16,22,1795
2014,7,16,23,2008
2014,7,17,0,2221
2014,7,17,1,2409
2014,7,17,2,2548
2014,7,17,3,2590
2014,7,17,4,2503
2014,7,17,5,2274
2014,7,17,6,1972
2014,7,17,7,1681
2014,7,17,8,1480
2014,7,17,9,1427
2014,7,17,10,1515
2014,7,17,11,1709
2014,7,17,12,1934
2014,7,17,13,2149
2014,7,17,14,2337
2014,7,17,15,2445
2014,7,17,16,2458
2014,7,17,17,2344
2014,7,17,18,2144
2014,7,17,19,1913
2014,7,17,20,1737
2014,7,17,21,1657
2014,7,17,22,1686
2014,7,17,23,1791
2014,7,18,0,1949
2014,7,18,1,2120
2014,7,18,2,2274
2014,7,18,3,2385
2014,7,18,4,2410
2014,7,18,5,2318
2014,7,18,6,2108
2014,7,18,7,1846
2014,7,18,8,1612
2014,7,18,9,1481
2014,7,18,10,1480
2014,7,18,11,1580
2014,7,18,12,1753
2014,7,18,13,1955
2014,7,18,14,2149
2014,7,18,15,2308
2014,7,18,16,2396
2014,7,18,17,2392
2014,7,18,18,2296
2014,7,18,19,2126
2014,7,18,20,1934
2014,7,18,21,1778
2014,7,18,22,1695
2014,7,18,23,1693
2014,7,19,0,1759
2014,7,19,1,1877
2014,7,19,2,2011
2014,7,19,3,2139
2014,7,19,4,2230
2014,7,19,5,2232
2014,7,19,6,2141
2014,7,19,7,1960
2014,7,19,8,1744
2014,7,19,9,1571
2014,7,19,10,1490
2014,7,19,11,1520
2014,7,19,12,1626
2014,7,19,13,1789
2014,7,19,14,1959
2014,7,19,15,2122
2014,7,19,16,2261
2014,7,19,17,2353
2014,7,19,18,2362
2014,7,19,19,2282
2014,7,19,20,2133
2014,7,19,21,1963
2014,7,19,22,1822
2014,7,19,23,1748
2014,7,20,0,1742
2014,7,20,1,1781
2014,7,20,2,1863
2014,7,20,3,1949
2014,7,20,4,2029
2014,7,20,5,2088
2014,7,20,6,2090
2014,7,20,7,2018
2014,7,20,8,1875
2014,7,20,9,1706
2014,7,20,10,1573
2014,7,20,11,1513
2014,7,20,12,1552
2014,7,20,13,1658
2014,7,20,14,1797
2014,7,20,15,1931
2014,7,20,16,2053
2014,7,20,17,2173
2014,7,20,18,2269
2014,7,20,19,2306
2014,7,20,20,2248
2014,7,20,21,2113
2014,7,20,22,1954
2014,7,20,23,1828
2014,7,21,0,1764
2014,7,21,1,1749
2014,7,21,2,1771
2014,7,21,3,1809
2014,7,21,4,1853
2014,7,21,5,1908
2014,7,21,6,1967
2014,7,21,7,1991
2014,7,21,8,1940
2014,7,21,9,1820
2014,7,21,10,1683
2014,7,21,11,1575
2014,7,21,12,1530
2014,7,21,13,1552
2014,7,21,14,1618
2014,7,21,15,1714
2014,7,21,16,1828
2014,7,21,17,1961
2014,7,21,18,2092
2014,7,21,19,2205
2014,7,21,20,2256
2014,7,21,21,2226
2014,7,21,22,2126
2014,7,21,23,1989
2014,7,22,0,1846
2014,7,22,1,1737
2014,7,22,2,1685
2014,7,22,3,1686
2014,7,22,4,1725
2014,7,22,5,1773
2014,7,22,6,1823
2014,7,22,7,1872
2014,7,22,8,1901
2014,7,22,9,1880
2014,7,22,10,1811
2014,7,22,11,1701
2014,7,22,12,1590
2014,7,22,13,1520
2014,7,22,14,1507
2014,7,22,15,1561
2014,7,22,16,1664
2014,7,22,17,1778
2014,7,22,18,1935
2014,7,22,19,2094
2014,7,22,20,2226
2014,7,22,21,2282
2014,7,22,22,2236
2014,7,22,23,2115
2014,7,23,0,1968
2014,7,23,1,1834
2014,7,23,2,1734
2014,7,23,3,1663
2014,7,23,4,1629
2014,7,23,5,1646
2014,7,23,6,1708
2014,7,23,7,1807
2014,7,23,8,1897
2014,7,23,9,1949
2014,7,23,10,1947
2014,7,23,11,1873
2014,7,23,12,1758
2014,7,23,13,1633
2014,7,23,14,1539
2014,7,23,15,1505
2014,7,23,16,1536
2014,7,23,17,1643
2014,7,23,18,1806
2014,7,23,19,1987
2014,7,23,20,2156
2014,7,23,21,2284
2014,7,23,22,2331
2014,7,23,23,2279
2014,7,24,0,2141
2014,7,24,1,1971
2014,7,24,2,1806
2014,7,24,3,1667
2014,7,24,4,1580
2014,7,24,5,1556
2014,7,24,6,1606
2014,7,24,7,1703
2014,7,24,8,1819
2014,7,24,9,1920
2014,7,24,10,1977
2014,7,24,11,1966
2014,7,24,12,1872
2014,7,24,13,1712
2014,7,24,14,1555
2014,7,24,15,1459
2014,7,24,16,1445
2014,7,24,17,1522
2014,7,24,18,1661
2014,7,24,19,1840
2014,7,24,20,2026
2014,7,24,21,2194
2014,7,24,22,2317
2014,7,24,23,2353
2014,7,25,0,2278
2014,7,25,1,2100
2014,7,25,2,1894
2014,7,25,3,1716
2014,7,25,4,1604
2014,7,25,5,1554
2014,7,25,6,1552
2014,7,25,7,1598
2014,7,25,8,1699
2014,7,25,9,1837
2014,7,25,10,1973
2014,7,25,11,2038
2014,7,25,12,1987
2014,7,25,13,1838
2014,7,25,14,1650
2014,7,25,15,1494
2014,7,25,16,1402
2014,7,25,17,1416
2014,7,25,18,1519
2014,7,25,19,1692
2014,7,25,20,1907
2014,7,25,21,2123
2014,7,25,22,2292
2014,7,25,23,2370
2014,7,26,0,2345
2014,7,26,1,2218
2014,7,26,2,2033
2014,7,26,3,1826
2014,7,26,4,1646
2014,7,26,5,1526
2014,7,26,6,1480
2014,7,26,7,1510
2014,7,26,8,1619
2014,7,26,9,1778
2014,7,26,10,1952
2014,7,26,11,2067
2014,7,26,12,2067
2014,7,26,13,1967
2014,7,26,14,1796
2014,7,26,15,1616
2014,7,26,16,1472
2014,7,26,17,1416
2014,7,26,18,1465
2014,7,26,19,1603
2014,7,26,20,1808
2014,7,26,21,2030
2014,7,26,22,2220
2014,7,26,23,2339
2014,7,27,0,2379
2014,7,27,1,2332
2014,7,27,2,2185
2014,7,27,3,1986
2014,7,27,4,1759
2014,7,27,5,1583
2014,7,27,6,1488
2014,7,27,7,1494
2014,7,27,8,1579
2014,7,27,9,1727
2014,7,27,10,1909
2014,7,27,11,2063
2014,7,27,12,2141
2014,7,27,13,2108
2014,7,27,14,1962
2014,7,27,15,1747
2014,7,27,16,1536
2014,7,27,17,1402
2014,7,27,18,1402
2014,7,27,19,1510
2014,7,27,20,1694
2014,7,27,21,1913
2014,7,27,22,2121
2014,7,27,23,2289
2014,7,28,0,2387
2014,7,28,1,2392
2014,7,28,2,2284
2014,7,28,3,2085
2014,7,28,4,1839
2014,7,28,5,1618
2014,7,28,6,1475
2014,7,28,7,1442
2014,7,28,8,1510
2014,7,28,9,1649
2014,7,28,10,1830
2014,7,28,11,2011
2014,7,28,12,2137
2014,7,28,13,2161
2014,7,28,14,2065
2014,7,28,15,1888
2014,7,28,16,1667
2014,7,28,17,1487
2014,7,28,18,1400
2014,7,28,19,1434
2014,7,28,20,1580
2014,7,28,21,1794
2014,7,28,22,2030
2014,7,28,23,2227
2014,7,29,0,2351
2014,7,29,1,2379
2014,7,29,2,2325
2014,7,29,3,2176
2014,7,29,4,1957
2014,7,29,5,1722
2014,7,29,6,1535
2014,7,29,7,1439
2014,7,29,8,1457
2014,7,29,9,1574
2014,7,29,10,1767
2014,7,29,11,1967
2014,7,29,12,2103
2014,7,29,13,2153
2014,7,29,14,2108
2014,7,29,15,1984
2014,7,29,16,1797
2014,7,29,17,1599
2014,7,29,18,1447
2014,7,29,19,1391
2014,7,29,20,1466
2014,7,29,21,1650
2014,7,29,22,1896
2014,7,29,23,2127
2014,7,30,0,2283
2014,7,30,1,2343
2014,7,30,2,2313
2014,7,30,3,2208
2014,7,30,4,2031
2014,7,30,5,1797
2014,7,30,6,1575
2014,7,30,7,1436
2014,7,30,8,1419
2014,7,30,9,1520
2014,7,30,10,1707
2014,7,30,11,1915
2014,7,30,12,2082
2014,7,30,13,2182
2014,7,30,14,2185
2014,7,30,15,2104
2014,7,30,16,1935
2014,7,30,17,1716
2014,7,30,18,1512
2014,7,30,19,1406
2014,7,30,20,1440
2014,7,30,21,1592
2014,7,30,22,1805
2014,7,30,23,2015
2014,7,31,0,2177
2014,7,31,1,2282
2014,7,31,2,2313
2014,7,31,3,2254
2014,7,31,4,2102
2014,7,31,5,1876
2014,7,31,6,1646
2014,7,31,7,1470
2014,7,31,8,1409
2014,7,31,9,1465
2014,7,31,10,1610
2014,7,31,11,1803
2014,7,31,12,1981
2014,7,31,13,2115
2014,7,31,14,2171
2014,7,31,15,2133
2014,7,31,16,2011
2014,7,31,17,1838
2014,7,31,18,1656
2014,7,31,19,1509
2014,7,31,20,1449
2014,7,31,21,1498
2014,7,31,22,1658
2014,7,31,23,1880
2014,8,1,0,2080
2014,8,1,1,2204
2014,8,1,2,2244
2014,8,1,3,2219
2014,8,1,4,2126
2014,8,1,5,1953
2014,8,1,6,1727
2014,8,1,7,1512
2014,8,1,8,1393
2014,8,1,9,1411
2014,8,1,10,1540
2014,8,1,11,1728
2014,8,1,12,1909
2014,8,1,13,2054
2014,8,1,14,2155
2014,8,1,15,2188
2014,8,1,16,2134
2014,8,1,17,1995
2014,8,1,18,1802
2014,8,1,19,1622
2014,8,1,20,1515
2014,8,1,21,1509
2014,8,1,22,1602
2014,8,1,23,1773
2014,8,2,0,1958
2014,8,2,1,2098
2014,8,2,2,2169
2014,8,2,3,2171
2014,8,2,4,2126
2014,8,2,5,2010
2014,8,2,6,1827
2014,8,2,7,1613
2014,8,2,8,1465
2014,8,2,9,1433
2014,8,2,10,1513
2014,8,2,11,1661
2014,8,2,12,1829
2014,8,2,13,1990
2014,8,2,14,2123
2014,8,2,15,2204
2014,8,2,16,2201
2014,8,2,17,2140
2014,8,2,18,1988
2014,8,2,19,1822
2014,8,2,20,1683
2014,8,2,21,1615
2014,8,2,22,1644
2014,8,2,23,1754
2014,8,3,0,1889
2014,8,3,1,2001
2014,8,3,2,2090
2014,8,3,3,2125
2014,8,3,4,2125
2014,8,3,5,2062
2014,8,3,6,1929
2014,8,3,7,1741
2014,8,3,8,1566
2014,8,3,9,1474
2014,8,3,10,1484
2014,8,3,11,1576
2014,8,3,12,1728
2014,8,3,13,1880
2014,8,3,14,2016
2014,8,3,15,2123
2014,8,3,16,2173
2014,8,3,17,2179
2014,8,3,18,2119
2014,8,3,19,1991
2014,8,3,20,1837
2014,8,3,21,1718
2014,8,3,22,1672
2014,8,3,23,1700
2014,8,4,0,1793
2014,8,4,1,1915
2014,8,4,2,2032
2014,8,4,3,2112
2014,8,4,4,2141
2014,8,4,5,2114
2014,8,4,6,2023
2014,8,4,7,1889
2014,8,4,8,1727
2014,8,4,9,1591
2014,8,4,10,1537
2014,8,4,11,1566
2014,8,4,12,1663
2014,8,4,13,1795
2014,8,4,14,1928
2014,8,4,15,2055
2014,8,4,16,2145
2014,8,4,17,2200
2014,8,4,18,2186
2014,8,4,19,2107
2014,8,4,20,1975
2014,8,4,21,1845
2014,8,4,22,1754
2014,8,4,23,1725
2014,8,5,0,1745
2014,8,5,1,1805
2014,8,5,2,1880
2014,8,5,3,1947
2014,8,5,4,2000
2014,8,5,5,2022
2014,8,5,6,1995
2014,8,5,7,1923
2014,8,5,8,1815
2014,8,5,9,1695
2014,8,5,10,1605
2014,8,5,11,1573
2014,8,5,12,1591
2014,8,5,13,1655
2014,8,5,14,1758
2014,8,5,15,1888
2014,8,5,16,2028
2014,8,5,17,2156
2014,8,5,18,2245
2014,8,5,19,2254
2014,8,5,20,2182
2014,8,5,21,2061
2014,8,5,22,1931
2014,8,5,23,1818
2014,8,6,0,1747
2014,8,6,1,1735
2014,8,6,2,1771
2014,8,6,3,1827
2014,8,6,4,1879
2014,8,6,5,1932
2014,8,6,6,1974
2014,8,6,7,1984
2014,8,6,8,1940
2014,8,6,9,1842
2014,8,6,10,1720
2014,8,6,11,1629
2014,8,6,12,1592
2014,8,6,13,1597
2014,8,6,14,1646
2014,8,6,15,1744
2014,8,6,16,1875
2014,8,6,17,2033
2014,8,6,18,2186
2014,8,6,19,2297
2014,8,6,20,2328
2014,8,6,21,2265
2014,8,6,22,2145
2014,8,6,23,2001
2014,8,7,0,1857
2014,8,7,1,1749
2014,8,7,2,1698
2014,8,7,3,1694
2014,8,7,4,1735
2014,8,7,5,1811
2014,8,7,6,1910
2014,8,7,7,1983
2014,8,7,8,2008
2014,8,7,9,1975
2014,8,7,10,1887
2014,8,7,11,1773
2014,8,7,12,1652
2014,8,7,13,1565
2014,8,7,14,1526
2014,8,7,15,1569
2014,8,7,16,1679
2014,8,7,17,1852
2014,8,7,18,2066
2014,8,7,19,2256
2014,8,7,20,2368
2014,8,7,21,2400
2014,8,7,22,2346
2014,8,7,23,2207
2014,8,8,0,2029
2014,8,8,1,1848
2014,8,8,2,1692
2014,8,8,3,1609
2014,8,8,4,1599
2014,8,8,5,1660
2014,8,8,6,1787
2014,8,8,7,1924
2014,8,8,8,2049
2014,8,8,9,2120
2014,8,8,10,2113
2014,8,8,11,2018
2014,8,8,12,1856
2014,8,8,13,1680
2014,8,8,14,1544
2014,8,8,15,1495
2014,8,8,16,1549
2014,8,8,17,1691
2014,8,8,18,1894
2014,8,8,19,2128
2014,8,8,20,2341
2014,8,8,21,2496
2014,8,8,22,2550
2014,8,8,23,2464
2014,8,9,0,2266
2014,8,9,1,2026
2014,8,9,2,1794
2014,8,9,3,1619
2014,8,9,4,1531
2014,8,9,5,1528
2014,8,9,6,1607
2014,8,9,7,1754
2014,8,9,8,1937
2014,8,9,9,2101
2014,8,9,10,2209
2014,8,9,11,2195
2014,8,9,12,2065
2014,8,9,13,1852
2014,8,9,14,1624
2014,8,9,15,1454
2014,8,9,16,1390
2014,8,9,17,1458
2014,8,9,18,1626
2014,8,9,19,1860
2014,8,9,20,2134
2014,8,9,21,2404
2014,8,9,22,2594
2014,8,9,23,2654
2014,8,10,0,2562
2014,8,10,1,2324
2014,8,10,2,2017
2014,8,10,3,1713
2014,8,10,4,1497
2014,8,10,5,1406
2014,8,10,6,1432
2014,8,10,7,1562
2014,8,10,8,1764
2014,8,10,9,1991
2014,8,10,10,2186
2014,8,10,11,2294
2014,8,10,12,2252
2014,8,10,13,2067
2014,8,10,14,1798
2014,8,10,15,1529
2014,8,10,16,1337
2014,8,10,17,1275
2014,8,10,18,1362
2014,8,10,19,1574
2014,8,10,20,1855
2014,8,10,21,2157
2014,8,10,22,2425
2014,8,10,23,2603
2014,8,11,0,2628
2014,8,11,1,2478
2014,8,11,2,2202
2014,8,11,3,1888
2014,8,11,4,1600
2014,8,11,5,1402
2014,8,11,6,1336
2014,8,11,7,1396
2014,8,11,8,1569
2014,8,11,9,1811
2014,8,11,10,2060
2014,8,11,11,2272
2014,8,11,12,2371
2014,8,11,13,2314
2014,8,11,14,2104
2014,8,11,15,1806
2014,8,11,16,1541
2014,8,11,17,1333
2014,8,11,18,1302
2014,8,11,19,1420
2014,8,11,20,1651
2014,8,11,21,1947
2014,8,11,22,2245
2014,8,11,23,2495
2014,8,12,0,2636
2014,8,12,1,2626
2014,8,12,2,2431
2014,8,12,3,2102
2014,8,12,4,1747
2014,8,12,5,1473
2014,8,12,6,1324
2014,8,12,7,1304
2014,8,12,8,1404
2014,8,12,9,1609
2014,8,12,10,1886
2014,8,12,11,2172
2014,8,12,12,2387
2014,8,12,13,2452
2014,8,12,14,2330
2014,8,12,15,2058
2014,8,12,16,1732
2014,8,12,17,1445
2014,8,12,18,1281
2014,8,12,19,1271
2014,8,12,20,1392
2014,8,12,21,1630
2014,8,12,22,1938
2014,8,12,23,2233
2014,8,13,0,2454
2014,8,13,1,2557
2014,8,13,2,2514
2014,8,13,3,2298
2014,8,13,4,1965
2014,8,13,5,1615
2014,8,13,6,1345
2014,8,13,7,1220
2014,8,13,8,1257
2014,8,13,9,1430
2014,8,13,10,1700
2014,8,13,11,2003
2014,8,13,12,2279
2014,8,13,13,2448
2014,8,13,14,2468
2014,8,13,15,2311
2014,8,13,16,2014
2014,8,13,17,1684
2014,8,13,18,1411
2014,8,13,19,1274
2014,8,13,20,1289
2014,8,13,21,1431
2014,8,13,22,1674
2014,8,13,23,1960
2014,8,14,0,2217
2014,8,14,1,2395
2014,8,14,2,2453
2014,8,14,3,2364
2014,8,14,4,2120
2014,8,14,5,1790
2014,8,14,6,1476
2014,8,14,7,1273
2014,8,14,8,1237
2014,8,14,9,1349
2014,8,14,10,1560
2014,8,14,11,1823
2014,8,14,12,2093
2014,8,14,13,2321
2014,8,14,14,2454
2014,8,14,15,2451
2014,8,14,16,2283
2014,8,14,17,2015
2014,8,14,18,1733
2014,8,14,19,1509
2014,8,14,20,1396
2014,8,14,21,1394
2014,8,14,22,1509
2014,8,14,23,1728
2014,8,15,0,1975
2014,8,15,1,2193
2014,8,15,2,2330
2014,8,15,3,2352
2014,8,15,4,2242
2014,8,15,5,2005
2014,8,15,6,1712
2014,8,15,7,1440
2014,8,15,8,1282
2014,8,15,9,1285
2014,8,15,10,1424
2014,8,15,11,1650
2014,8,15,12,1905
2014,8,15,13,2127
2014,8,15,14,2293
2014,8,15,15,2385
2014,8,15,16,2365
2014,8,15,17,2195
2014,8,15,18,1939
2014,8,15,19,1675
2014,8,15,20,1493
2014,8,15,21,1426
2014,8,15,22,1471
2014,8,15,23,1611
2014,8,16,0,1800
2014,8,16,1,1989
2014,8,16,2,2127
2014,8,16,3,2189
2014,8,16,4,2176
2014,8,16,5,2054
2014,8,16,6,1843
2014,8,16,7,1598
2014,8,16,8,1401
2014,8,16,9,1315
2014,8,16,10,1369
2014,8,16,11,1537
2014,8,16,12,1736
2014,8,16,13,1941
2014,8,16,14,2111
2014,8,16,15,2227
2014,8,16,16,2276
2014,8,16,17,2229
2014,8,16,18,2080
2014,8,16,19,1878
2014,8,16,20,1687
2014,8,16,21,1560
2014,8,16,22,1527
2014,8,16,23,1569
2014,8,17,0,1681
2014,8,17,1,1823
2014,8,17,2,1940
2014,8,17,3,2008
2014,8,17,4,2036
2014,8,17,5,2011
2014,8,17,6,1920
2014,8,17,7,1759
2014,8,17,8,1573
2014,8,17,9,1446
2014,8,17,10,1436
2014,8,17,11,1525
2014,8,17,12,1669
2014,8,17,13,1809
2014,8,17,14,1953
2014,8,17,15,2067
2014,8,17,16,2173
2014,8,17,17,2233
2014,8,17,18,2195
2014,8,17,19,2065
2014,8,17,20,1887
2014,8,17,21,1736
2014,8,17,22,1652
2014,8,17,23,1639
2014,8,18,0,1682
2014,8,18,1,1749
2014,8,18,2,1817
2014,8,18,3,1864
2014,8,18,4,1908
2014,8,18,5,1951
2014,8,18,6,1955
2014,8,18,7,1880
2014,8,18,8,1736
2014,8,18,9,1586
2014,8,18,10,1509
2014,8,18,11,1525
2014,8,18,12,1598
2014,8,18,13,1704
2014,8,18,14,1822
2014,8,18,15,1942
2014,8,18,16,2052
2014,8,18,17,2138
2014,8,18,18,2188
2014,8,18,19,2164
2014,8,18,20,2066
2014,8,18,21,1929
2014,8,18,22,1798
2014,8,18,23,1717
2014,8,19,0,1690
2014,8,19,1,1696
2014,8,19,2,1720
2014,8,19,3,1761
2014,8,19,4,1813
2014,8,19,5,1857
2014,8,19,6,1884
2014,8,19,7,1873
2014,8,19,8,1817
2014,8,19,9,1719
2014,8,19,10,1632
2014,8,19,11,1583
2014,8,19,12,1573
2014,8,19,13,1602
2014,8,19,14,1673
2014,8,19,15,1776
2014,8,19,16,1893
2014,8,19,17,2000
2014,8,19,18,2081
2014,8,19,19,2117
2014,8,19,20,2101
2014,8,19,21,2041
2014,8,19,22,1947
2014,8,19,23,1845
2014,8,20,0,1754
2014,8,20,1,1693
2014,8,20,2,1665
2014,8,20,3,1674
2014,8,20,4,1707
2014,8,20,5,1751
2014,8,20,6,1796
2014,8,20,7,1846
2014,8,20,8,1877
2014,8,20,9,1850
2014,8,20,10,1783
2014,8,20,11,1701
2014,8,20,12,1642
2014,8,20,13,1610
2014,8,20,14,1606
2014,8,20,15,1656
2014,8,20,16,1752
2014,8,20,17,1867
2014,8,20,18,1985
2014,8,20,19,2078
2014,8,20,20,2128
2014,8,20,21,2143
2014,8,20,22,2104
2014,8,20,23,2011
2014,8,21,0,1879
2014,8,21,1,1740
2014,8,21,2,1649
2014,8,21,3,1619
2014,8,21,4,1638
2014,8,21,5,1676
2014,8,21,6,1728
2014,8,21,7,1797
2014,8,21,8,1864
2014,8,21,9,1907
2014,8,21,10,1901
2014,8,21,11,1841
2014,8,21,12,1736
2014,8,21,13,1635
2014,8,21,14,1578
2014,8,21,15,1590
2014,8,21,16,1661
2014,8,21,17,1765
2014,8,21,18,1883
2014,8,21,19,2010
2014,8,21,20,2122
2014,8,21,21,2210
2014,8,21,22,2234
2014,8,21,23,2157
2014,8,22,0,2011
2014,8,22,1,1858
2014,8,22,2,1721
2014,8,22,3,1619
2014,8,22,4,1586
2014,8,22,5,1604
2014,8,22,6,1665
2014,8,22,7,1757
2014,8,22,8,1860
2014,8,22,9,1953
2014,8,22,10,1996
2014,8,22,11,1983
2014,8,22,12,1890
2014,8,22,13,1743
2014,8,22,14,1605
2014,8,22,15,1538
2014,8,22,16,1551
2014,8,22,17,1621
2014,8,22,18,1749
2014,8,22,19,1909
2014,8,22,20,2067
2014,8,22,21,2197
2014,8,22,22,2265
2014,8,22,23,2247
2014,8,23,0,2147
2014,8,23,1,1987
2014,8,23,2,1785
2014,8,23,3,1606
2014,8,23,4,1515
2014,8,23,5,1512
2014,8,23,6,1567
2014,8,23,7,1660
2014,8,23,8,1785
2014,8,23,9,1916
2014,8,23,10,2017
2014,8,23,11,2042
2014,8,23,12,1980
2014,8,23,13,1837
2014,8,23,14,1664
2014,8,23,15,1521
2014,8,23,16,1451
2014,8,23,17,1478
2014,8,23,18,1583
2014,8,23,19,1738
2014,8,23,20,1919
2014,8,23,21,2095
2014,8,23,22,2232
2014,8,23,23,2278
2014,8,24,0,2220
2014,8,24,1,2077
2014,8,24,2,1867
2014,8,24,3,1655
2014,8,24,4,1510
2014,8,24,5,1451
2014,8,24,6,1464
2014,8,24,7,1550
2014,8,24,8,1682
2014,8,24,9,1853
2014,8,24,10,2017
2014,8,24,11,2115
2014,8,24,12,2107
2014,8,24,13,1990
2014,8,24,14,1801
2014,8,24,15,1600
2014,8,24,16,1454
2014,8,24,17,1417
2014,8,24,18,1486
2014,8,24,19,1619
2014,8,24,20,1790
2014,8,24,21,1976
2014,8,24,22,2144
2014,8,24,23,2263
2014,8,25,0,2280
2014,8,25,1,2165
2014,8,25,2,1956
2014,8,25,3,1718
2014,8,25,4,1509
2014,8,25,5,1381
2014,8,25,6,1375
2014,8,25,7,1463
2014,8,25,8,1607
2014,8,25,9,1787
2014,8,25,10,1959
2014,8,25,11,2087
2014,8,25,12,2138
2014,8,25,13,2082
2014,8,25,14,1902
2014,8,25,15,1671
2014,8,25,16,1479
2014,8,25,17,1380
2014,8,25,18,1400
2014,8,25,19,1514
2014,8,25,20,1690
2014,8,25,21,1890
2014,8,25,22,2073
2014,8,25,23,2207
2014,8,26,0,2262
2014,8,26,1,2220
2014,8,26,2,2061
2014,8,26,3,1828
2014,8,26,4,1575
2014,8,26,5,1391
2014,8,26,6,1341
2014,8,26,7,1400
2014,8,26,8,1525
2014,8,26,9,1705
2014,8,26,10,1896
2014,8,26,11,2072
2014,8,26,12,2180
2014,8,26,13,2183
2014,8,26,14,2055
2014,8,26,15,1825
2014,8,26,16,1580
2014,8,26,17,1411
2014,8,26,18,1381
2014,8,26,19,1454
2014,8,26,20,1601
2014,8,26,21,1801
2014,8,26,22,2000
2014,8,26,23,2163
2014,8,27,0,2263
2014,8,27,1,2280
2014,8,27,2,2183
2014,8,27,3,1970
2014,8,27,4,1687
2014,8,27,5,1444
2014,8,27,6,1325
2014,8,27,7,1346
2014,8,27,8,1462
2014,8,27,9,1630
2014,8,27,10,1832
2014,8,27,11,2033
2014,8,27,12,2196
2014,8,27,13,2263
2014,8,27,14,2190
2014,8,27,15,1995
2014,8,27,16,1724
2014,8,27,17,1479
2014,8,27,18,1369
2014,8,27,19,1404
2014,8,27,20,1528
2014,8,27,21,1724
2014,8,27,22,1937
2014,8,27,23,2122
2014,8,28,0,2250
2014,8,28,1,2308
2014,8,28,2,2258
2014,8,28,3,2085
2014,8,28,4,1834
2014,8,28,5,1581
2014,8,28,6,1397
2014,8,28,7,1346
2014,8,28,8,1418
2014,8,28,9,1564
2014,8,28,10,1765
2014,8,28,11,1977
2014,8,28,12,2169
2014,8,28,13,2283
2014,8,28,14,2277
2014,8,28,15,2134
2014,8,28,16,1871
2014,8,28,17,1596
2014,8,28,18,1415
2014,8,28,19,1370
2014,8,28,20,1451
2014,8,28,21,1621
2014,8,28,22,1838
2014,8,28,23,2038
2014,8,29,0,2194
2014,8,29,1,2286
2014,8,29,2,2281
2014,8,29,3,2151
2014,8,29,4,1942
2014,8,29,5,1703
2014,8,29,6,1485
2014,8,29,7,1376
2014,8,29,8,1397
2014,8,29,9,1518
2014,8,29,10,1712
2014,8,29,11,1947
2014,8,29,12,2163
2014,8,29,13,2310
2014,8,29,14,2330
2014,8,29,15,2234
2014,8,29,16,2064
2014,8,29,17,1847
2014,8,29,18,1646
2014,8,29,19,1503
2014,8,29,20,1480
2014,8,29,21,1576
2014,8,29,22,1755
2014,8,29,23,1948
2014,8,30,0,2108
2014,8,30,1,2227
2014,8,30,2,2261
2014,8,30,3,2207
2014,8,30,4,2068
2014,8,30,5,1864
2014,8,30,6,1630
2014,8,30,7,1452
2014,8,30,8,1394
2014,8,30,9,1456
2014,8,30,10,1614
2014,8,30,11,1835
2014,8,30,12,2057
2014,8,30,13,2231
2014,8,30,14,2305
2014,8,30,15,2281
2014,8,30,16,2162
2014,8,30,17,1962
2014,8,30,18,1744
2014,8,30,19,1564
2014,8,30,20,1490
2014,8,30,21,1542
2014,8,30,22,1672
2014,8,30,23,1822
2014,8,31,0,1958
2014,8,31,1,2072
2014,8,31,2,2135
2014,8,31,3,2132
2014,8,31,4,2055
2014,8,31,5,1899
2014,8,31,6,1698
2014,8,31,7,1515
2014,8,31,8,1420
2014,8,31,9,1442
2014,8,31,10,1548
2014,8,31,11,1733
2014,8,31,12,1933
2014,8,31,13,2105
2014,8,31,14,2222
2014,8,31,15,2262
2014,8,31,16,2207
2014,8,31,17,2078
2014,8,31,18,1905
2014,8,31,19,1719
2014,8,31,20,1585
2014,8,31,21,1560
2014,8,31,22,1619
2014,8,31,23,1729
2014,9,1,0,1847
2014,9,1,1,1966
2014,9,1,2,2050
2014,9,1,3,2089
2014,9,1,4,2068
2014,9,1,5,1976
2014,9,1,6,1820
2014,9,1,7,1628
2014,9,1,8,1474
2014,9,1,9,1419
2014,9,1,10,1470
2014,9,1,11,1619
2014,9,1,12,1818
2014,9,1,13,1983
2014,9,1,14,2112
2014,9,1,15,2186
2014,9,1,16,2202
2014,9,1,17,2145
2014,9,1,18,2021
2014,9,1,19,1853
2014,9,1,20,1697
2014,9,1,21,1612
2014,9,1,22,1599
2014,9,1,23,1649
2014,9,2,0,1744
2014,9,2,1,1843
2014,9,2,2,1926
2014,9,2,3,1995
2014,9,2,4,2022
2014,9,2,5,1996
2014,9,2,6,1901
2014,9,2,7,1739
2014,9,2,8,1574
2014,9,2,9,1462
2014,9,2,10,1440
2014,9,2,11,1520
2014,9,2,12,1686
2014,9,2,13,1861
2014,9,2,14,1989
2014,9,2,15,2093
2014,9,2,16,2147
2014,9,2,17,2171
2014,9,2,18,2127
2014,9,2,19,2005
2014,9,2,20,1843
2014,9,2,21,1701
2014,9,2,22,1627
2014,9,2,23,1617
2014,9,3,0,1658
2014,9,3,1,1731
2014,9,3,2,1795
2014,9,3,3,1854
2014,9,3,4,1913
2014,9,3,5,1939
2014,9,3,6,1910
2014,9,3,7,1822
2014,9,3,8,1705
2014,9,3,9,1597
2014,9,3,10,1528
2014,9,3,11,1527
2014,9,3,12,1600
2014,9,3,13,1700
2014,9,3,14,1859
2014,9,3,15,1942
2014,9,3,16,2030
2014,9,3,17,2097
2014,9,3,18,2147
2014,9,3,19,2138
2014,9,3,20,2045
2014,9,3,21,1907
2014,9,3,22,1772
2014,9,3,23,1681
2014,9,4,0,1646
2014,9,4,1,1668
2014,9,4,2,1708
2014,9,4,3,1731
2014,9,4,4,1772
2014,9,4,5,1834
2014,9,4,6,1891
2014,9,4,7,1907
2014,9,4,8,1855
2014,9,4,9,1755
2014,9,4,10,1659
2014,9,4,11,1606
2014,9,4,12,1591
2014,9,4,13,1610
2014,9,4,14,1669
2014,9,4,15,1754
2014,9,4,16,1853
2014,9,4,17,1971
2014,9,4,18,2089
2014,9,4,19,2156
2014,9,4,20,2150
2014,9,4,21,2075
2014,9,4,22,1951
2014,9,4,23,1805
2014,9,5,0,1686
2014,9,5,1,1614
2014,9,5,2,1592
2014,9,5,3,1608
2014,9,5,4,1648
2014,9,5,5,1702
2014,9,5,6,1780
2014,9,5,7,1882
2014,9,5,8,1936
2014,9,5,9,1897
2014,9,5,10,1802
2014,9,5,11,1691
2014,9,5,12,1592
2014,9,5,13,1526
2014,9,5,14,1516
2014,9,5,15,1573
2014,9,5,16,1666
2014,9,5,17,1797
2014,9,5,18,1971
2014,9,5,19,2126
2014,9,5,20,2216
2014,9,5,21,2225
2014,9,5,22,2139
2014,9,5,23,1968
2014,9,6,0,1789
2014,9,6,1,1626
2014,9,6,2,1499
2014,9,6,3,1462
2014,9,6,4,1501
2014,9,6,5,1580
2014,9,6,6,1690
2014,9,6,7,1830
2014,9,6,8,1952
2014,9,6,9,2004
2014,9,6,10,1977
2014,9,6,11,1878
2014,9,6,12,1736
2014,9,6,13,1591
2014,9,6,14,1480
2014,9,6,15,1426
2014,9,6,16,1452
2014,9,6,17,1571
2014,9,6,18,1776
2014,9,6,19,2014
2014,9,6,20,2204
2014,9,6,21,2318
2014,9,6,22,2316
2014,9,6,23,2205
2014,9,7,0,2014
2014,9,7,1,1796
2014,9,7,2,1578
2014,9,7,3,1411
2014,9,7,4,1363
2014,9,7,5,1414
2014,9,7,6,1538
2014,9,7,7,1712
2014,9,7,8,1894
2014,9,7,9,2045
2014,9,7,10,2126
2014,9,7,11,2094
2014,9,7,12,1956
2014,9,7,13,1735
2014,9,7,14,1510
2014,9,7,15,1351
2014,9,7,16,1280
2014,9,7,17,1326
2014,9,7,18,1480
2014,9,7,19,1715
2014,9,7,20,1989
2014,9,7,21,2226
2014,9,7,22,2368
2014,9,7,23,2351
2014,9,8,0,2191
2014,9,8,1,1941
2014,9,8,2,1661
2014,9,8,3,1421
2014,9,8,4,1286
2014,9,8,5,1261
2014,9,8,6,1338
2014,9,8,7,1509
2014,9,8,8,1727
2014,9,8,9,1966
2014,9,8,10,2167
2014,9,8,11,2261
2014,9,8,12,2210
2014,9,8,13,2015
2014,9,8,14,1742
2014,9,8,15,1470
2014,9,8,16,1307
2014,9,8,17,1248
2014,9,8,18,1328
2014,9,8,19,1507
2014,9,8,20,1752
2014,9,8,21,2031
2014,9,8,22,2279
2014,9,8,23,2407
2014,9,9,0,2384
2014,9,9,1,2199
2014,9,9,2,1893
2014,9,9,3,1562
2014,9,9,4,1306
2014,9,9,5,1186
2014,9,9,6,1207
2014,9,9,7,1347
2014,9,9,8,1582
2014,9,9,9,1861
2014,9,9,10,2130
2014,9,9,11,2329
2014,9,9,12,2383
2014,9,9,13,2260
2014,9,9,14,2021
2014,9,9,15,1708
2014,9,9,16,1422
2014,9,9,17,1236
2014,9,9,18,1203
2014,9,9,19,1319
2014,9,9,20,1504
2014,9,9,21,1778
2014,9,9,22,2067
2014,9,9,23,2313
2014,9,10,0,2437
2014,9,10,1,2380
2014,9,10,2,2140
2014,9,10,3,1803
2014,9,10,4,1473
2014,9,10,5,1242
2014,9,10,6,1148
2014,9,10,7,1200
2014,9,10,8,1369
2014,9,10,9,1639
2014,9,10,10,1949
2014,9,10,11,2235
2014,9,10,12,2412
2014,9,10,13,2422
2014,9,10,14,2262
2014,9,10,15,1960
2014,9,10,16,1628
2014,9,10,17,1360
2014,9,10,18,1199
2014,9,10,19,1190
2014,9,10,20,1305
2014,9,10,21,1525
2014,9,10,22,1808
2014,9,10,23,2081
2014,9,11,0,2286
2014,9,11,1,2351
2014,9,11,2,2227
2014,9,11,3,1942
2014,9,11,4,1596
2014,9,11,5,1317
2014,9,11,6,1164
2014,9,11,7,1151
2014,9,11,8,1253
2014,9,11,9,1456
2014,9,11,10,1731
2014,9,11,11,2051
2014,9,11,12,2315
2014,9,11,13,2449
2014,9,11,14,2399
2014,9,11,15,2168
2014,9,11,16,1844
2014,9,11,17,1541
2014,9,11,18,1324
2014,9,11,19,1227
2014,9,11,20,1259
2014,9,11,21,1407
2014,9,11,22,1626
2014,9,11,23,1863
2014,9,12,0,2082
2014,9,12,1,2241
2014,9,12,2,2266
2014,9,12,3,2112
2014,9,12,4,1818
2014,9,12,5,1494
2014,9,12,6,1248
2014,9,12,7,1156
2014,9,12,8,1212
2014,9,12,9,1371
2014,9,12,10,1611
2014,9,12,11,1888
2014,9,12,12,2146
2014,9,12,13,2340
2014,9,12,14,2415
2014,9,12,15,2328
2014,9,12,16,2093
2014,9,12,17,1778
2014,9,12,18,1498
2014,9,12,19,1320
2014,9,12,20,1279
2014,9,12,21,1365
2014,9,12,22,1546
2014,9,12,23,1758
2014,9,13,0,1908
2014,9,13,1,2041
2014,9,13,2,2137
2014,9,13,3,2140
2014,9,13,4,2002
2014,9,13,5,1735
2014,9,13,6,1445
2014,9,13,7,1256
2014,9,13,8,1223
2014,9,13,9,1338
2014,9,13,10,1529
2014,9,13,11,1774
2014,9,13,12,1979
2014,9,13,13,2156
2014,9,13,14,2301
2014,9,13,15,2352
2014,9,13,16,2272
2014,9,13,17,2043
2014,9,13,18,1750
2014,9,13,19,1504
2014,9,13,20,1384
2014,9,13,21,1380
2014,9,13,22,1472
2014,9,13,23,1624
2014,9,14,0,1770
2014,9,14,1,1894
2014,9,14,2,1982
2014,9,14,3,2050
2014,9,14,4,2038
2014,9,14,5,1891
2014,9,14,6,1648
2014,9,14,7,1414
2014,9,14,8,1309
2014,9,14,9,1340
2014,9,14,10,1470
2014,9,14,11,1643
2014,9,14,12,1816
2014,9,14,13,1971
2014,9,14,14,2084
2014,9,14,15,2218
2014,9,14,16,2225
2014,9,14,17,2125
2014,9,14,18,1930
2014,9,14,19,1703
2014,9,14,20,1547
2014,9,14,21,1500
2014,9,14,22,1517
2014,9,14,23,1584
2014,9,15,0,1686
2014,9,15,1,1787
2014,9,15,2,1864
2014,9,15,3,1926
2014,9,15,4,1972
2014,9,15,5,1952
2014,9,15,6,1825
2014,9,15,7,1631
2014,9,15,8,1478
2014,9,15,9,1442
2014,9,15,10,1508
2014,9,15,11,1623
2014,9,15,12,1752
2014,9,15,13,1857
2014,9,15,14,1999
2014,9,15,15,2103
2014,9,15,16,2170
2014,9,15,17,2186
2014,9,15,18,2101
2014,9,15,19,1919
2014,9,15,20,1730
2014,9,15,21,1625
2014,9,15,22,1615
2014,9,15,23,1659
2014,9,16,0,1707
2014,9,16,1,1755
2014,9,16,2,1807
2014,9,16,3,1873
2014,9,16,4,1932
2014,9,16,5,1957
2014,9,16,6,1908
2014,9,16,7,1785
2014,9,16,8,1627
2014,9,16,9,1526
2014,9,16,10,1526
2014,9,16,11,1597
2014,9,16,12,1712
2014,9,16,13,1815
2014,9,16,14,1894
2014,9,16,15,1966
2014,9,16,16,2047
2014,9,16,17,2102
2014,9,16,18,2118
2014,9,16,19,2031
2014,9,16,20,1896
2014,9,16,21,1771
2014,9,16,22,1693
2014,9,16,23,1668
2014,9,17,0,1676
2014,9,17,1,1707
2014,9,17,2,1755
2014,9,17,3,1792
2014,9,17,4,1830
2014,9,17,5,1871
2014,9,17,6,1896
2014,9,17,7,1876
2014,9,17,8,1799
2014,9,17,9,1708
2014,9,17,10,1644
2014,9,17,11,1640
2014,9,17,12,1684
2014,9,17,13,1739
2014,9,17,14,1795
2014,9,17,15,1850
2014,9,17,16,1907
2014,9,17,17,1995
2014,9,17,18,2072
2014,9,17,19,2091
2014,9,17,20,2032
2014,9,17,21,1941
2014,9,17,22,1856
2014,9,17,23,1780
2014,9,18,0,1726
2014,9,18,1,1686
2014,9,18,2,1681
2014,9,18,3,1697
2014,9,18,4,1740
2014,9,18,5,1807
2014,9,18,6,1873
2014,9,18,7,1910
2014,9,18,8,1906
2014,9,18,9,1864
2014,9,18,10,1809
2014,9,18,11,1750
2014,9,18,12,1714
2014,9,18,13,1693
2014,9,18,14,1703
2014,9,18,15,1729
2014,9,18,16,1784
2014,9,18,17,1878
2014,9,18,18,1967
2014,9,18,19,2051
2014,9,18,20,2076
2014,9,18,21,2059
2014,9,18,22,1999
2014,9,18,23,1905
2014,9,19,0,1803
2014,9,19,1,1717
2014,9,19,2,1654
2014,9,19,3,1639
2014,9,19,4,1666
2014,9,19,5,1732
2014,9,19,6,1823
2014,9,19,7,1910
2014,9,19,8,1970
2014,9,19,9,1983
2014,9,19,10,1954
2014,9,19,11,1891
2014,9,19,12,1806
2014,9,19,13,1717
2014,9,19,14,1659
2014,9,19,15,1647
2014,9,19,16,1676
2014,9,19,17,1754
2014,9,19,18,1855
2014,9,19,19,1983
2014,9,19,20,2086
2014,9,19,21,2134
2014,9,19,22,2106
2014,9,19,23,2008
2014,9,20,0,1879
2014,9,20,1,1734
2014,9,20,2,1613
2014,9,20,3,1543
2014,9,20,4,1515
2014,9,20,5,1547
2014,9,20,6,1640
2014,9,20,7,1768
2014,9,20,8,1888
2014,9,20,9,1955
2014,9,20,10,1960
2014,9,20,11,1914
2014,9,20,12,1819
2014,9,20,13,1705
2014,9,20,14,1579
2014,9,20,15,1525
2014,9,20,16,1553
2014,9,20,17,1621
2014,9,20,18,1721
2014,9,20,19,1856
2014,9,20,20,1996
2014,9,20,21,2108
2014,9,20,22,2149
2014,9,20,23,2091
2014,9,21,0,1943
2014,9,21,1,1753
2014,9,21,2,1587
2014,9,21,3,1479
2014,9,21,4,1431
2014,9,21,5,1451
2014,9,21,6,1549
2014,9,21,7,1691
2014,9,21,8,1847
2014,9,21,9,1974
2014,9,21,10,2050
2014,9,21,11,2042
2014,9,21,12,1941
2014,9,21,13,1792
2014,9,21,14,1609
2014,9,21,15,1513
2014,9,21,16,1485
2014,9,21,17,1535
2014,9,21,18,1646
2014,9,21,19,1803
2014,9,21,20,1974
2014,9,21,21,2115
2014,9,21,22,2188
2014,9,21,23,2184
2014,9,22,0,2083
2014,9,22,1,1909
2014,9,22,2,1698
2014,9,22,3,1518
2014,9,22,4,1426
2014,9,22,5,1427
2014,9,22,6,1518
2014,9,22,7,1661
2014,9,22,8,1828
2014,9,22,9,2001
2014,9,22,10,2140
2014,9,22,11,2190
2014,9,22,12,2118
2014,9,22,13,1954
2014,9,22,14,1754
2014,9,22,15,1573
2014,9,22,16,1465
2014,9,22,17,1458
2014,9,22,18,1553
2014,9,22,19,1726
2014,9,22,20,1929
2014,9,22,21,2113
2014,9,22,22,2227
2014,9,22,23,2252
2014,9,23,0,2187
2014,9,23,1,2039
2014,9,23,2,1828
2014,9,23,3,1599
2014,9,23,4,1418
2014,9,23,5,1357
2014,9,23,6,1425
2014,9,23,7,1577
2014,9,23,8,1768
2014,9,23,9,1953
2014,9,23,10,2114
2014,9,23,11,2221
2014,9,23,12,2231
2014,9,23,13,2094
2014,9,23,14,1878
2014,9,23,15,1667
2014,9,23,16,1476
2014,9,23,17,1414
2014,9,23,18,1471
2014,9,23,19,1604
2014,9,23,20,1788
2014,9,23,21,1984
2014,9,23,22,2152
2014,9,23,23,2258
2014,9,24,0,2247
2014,9,24,1,2147
2014,9,24,2,1953
2014,9,24,3,1713
2014,9,24,4,1496
2014,9,24,5,1366
2014,9,24,6,1359
2014,9,24,7,1457
2014,9,24,8,1633
2014,9,24,9,1843
2014,9,24,10,2047
2014,9,24,11,2208
2014,9,24,12,2272
2014,9,24,13,2197
2014,9,24,14,2011
2014,9,24,15,1760
2014,9,24,16,1513
2014,9,24,17,1359
2014,9,24,18,1329
2014,9,24,19,1407
2014,9,24,20,1564
2014,9,24,21,1773
2014,9,24,22,1975
2014,9,24,23,2125
2014,9,25,0,2198
2014,9,25,1,2164
2014,9,25,2,2016
2014,9,25,3,1788
2014,9,25,4,1532
2014,9,25,5,1336
2014,9,25,6,1262
2014,9,25,7,1315
2014,9,25,8,1477
2014,9,25,9,1710
2014,9,25,10,1945
2014,9,25,11,2130
2014,9,25,12,2231
2014,9,25,13,2218
2014,9,25,14,2084
2014,9,25,15,1860
2014,9,25,16,1612
2014,9,25,17,1412
2014,9,25,18,1310
2014,9,25,19,1332
2014,9,25,20,1463
2014,9,25,21,1666
2014,9,25,22,1881
2014,9,25,23,2036
2014,9,26,0,2120
2014,9,26,1,2137
2014,9,26,2,2063
2014,9,26,3,1878
2014,9,26,4,1616
2014,9,26,5,1372
2014,9,26,6,1252
2014,9,26,7,1287
2014,9,26,8,1430
2014,9,26,9,1644
2014,9,26,10,1875
2014,9,26,11,2076
2014,9,26,12,2212
2014,9,26,13,2258
2014,9,26,14,2171
2014,9,26,15,1987
2014,9,26,16,1704
2014,9,26,17,1435
2014,9,26,18,1264
2014,9,26,19,1240
2014,9,26,20,1346
2014,9,26,21,1518
2014,9,26,22,1712
2014,9,26,23,1897
2014,9,27,0,2039
2014,9,27,1,2103
2014,9,27,2,2054
2014,9,27,3,1881
2014,9,27,4,1625
2014,9,27,5,1371
2014,9,27,6,1210
2014,9,27,7,1182
2014,9,27,8,1295
2014,9,27,9,1495
2014,9,27,10,1740
2014,9,27,11,1970
2014,9,27,12,2148
2014,9,27,13,2250
2014,9,27,14,2238
2014,9,27,15,2088
2014,9,27,16,1828
2014,9,27,17,1534
2014,9,27,18,1299
2014,9,27,19,1199
2014,9,27,20,1244
2014,9,27,21,1387
2014,9,27,22,1593
2014,9,27,23,1801
2014,9,28,0,1967
2014,9,28,1,2069
2014,9,28,2,2086
2014,9,28,3,1997
2014,9,28,4,1804
2014,9,28,5,1573
2014,9,28,6,1380
2014,9,28,7,1289
2014,9,28,8,1314
2014,9,28,9,1455
2014,9,28,10,1673
2014,9,28,11,1933
2014,9,28,12,2135
2014,9,28,13,2262
2014,9,28,14,2288
2014,9,28,15,2213
2014,9,28,16,2037
2014,9,28,17,1803
2014,9,28,18,1555
2014,9,28,19,1381
2014,9,28,20,1322
2014,9,28,21,1385
2014,9,28,22,1535
2014,9,28,23,1723
2014,9,29,0,1886
2014,9,29,1,1994
2014,9,29,2,2041
2014,9,29,3,2025
2014,9,29,4,1926
2014,9,29,5,1742
2014,9,29,6,1522
2014,9,29,7,1348
2014,9,29,8,1295
2014,9,29,9,1388
2014,9,29,10,1578
2014,9,29,11,1800
2014,9,29,12,1980
2014,9,29,13,2143
2014,9,29,14,2230
2014,9,29,15,2230
2014,9,29,16,2143
2014,9,29,17,1978
2014,9,29,18,1749
2014,9,29,19,1537
2014,9,29,20,1397
2014,9,29,21,1363
2014,9,29,22,1433
2014,9,29,23,1581
2014,9,30,0,1756
2014,9,30,1,1894
2014,9,30,2,1966
2014,9,30,3,1981
2014,9,30,4,1938
2014,9,30,5,1829
2014,9,30,6,1674
2014,9,30,7,1503
2014,9,30,8,1399
2014,9,30,9,1405
2014,9,30,10,1524
2014,9,30,11,1710
2014,9,30,12,1900
2014,9,30,13,2051
2014,9,30,14,2156
2014,9,30,15,2223
2014,9,30,16,2225
2014,9,30,17,2133
2014,9,30,18,1945
2014,9,30,19,1727
2014,9,30,20,1555
2014,9,30,21,1479
2014,9,30,22,1493
2014,9,30,23,1563
2014,10,1,0,1658
2014,10,1,1,1761
2014,10,1,2,1853
2014,10,1,3,1931
2014,10,1,4,1962
2014,10,1,5,1928
2014,10,1,6,1819
2014,10,1,7,1660
2014,10,1,8,1524
2014,10,1,9,1476
2014,10,1,10,1527
2014,10,1,11,1650
2014,10,1,12,1810
2014,10,1,13,1947
2014,10,1,14,2087
2014,10,1,15,2173
2014,10,1,16,2227
2014,10,1,17,2211
2014,10,1,18,2109
2014,10,1,19,1927
2014,10,1,20,1748
2014,10,1,21,1622
2014,10,1,22,1573
2014,10,1,23,1595
2014,10,2,0,1655
2014,10,2,1,1716
2014,10,2,2,1793
2014,10,2,3,1870
2014,10,2,4,1938
2014,10,2,5,1966
2014,10,2,6,1925
2014,10,2,7,1813
2014,10,2,8,1680
2014,10,2,9,1591
2014,10,2,10,1573
2014,10,2,11,1619
2014,10,2,12,1711
2014,10,2,13,1818
2014,10,2,14,1936
2014,10,2,15,2037
2014,10,2,16,2163
2014,10,2,17,2209
2014,10,2,18,2209
2014,10,2,19,2146
2014,10,2,20,2025
2014,10,2,21,1878
2014,10,2,22,1737
2014,10,2,23,1645
2014,10,3,0,1617
2014,10,3,1,1641
2014,10,3,2,1689
2014,10,3,3,1750
2014,10,3,4,1843
2014,10,3,5,1926
2014,10,3,6,1994
2014,10,3,7,2004
2014,10,3,8,1939
2014,10,3,9,1820
2014,10,3,10,1713
2014,10,3,11,1649
2014,10,3,12,1633
2014,10,3,13,1654
2014,10,3,14,1709
2014,10,3,15,1826
2014,10,3,16,1952
2014,10,3,17,2100
2014,10,3,18,2193
2014,10,3,19,2210
2014,10,3,20,2175
2014,10,3,21,2073
2014,10,3,22,1923
2014,10,3,23,1762
2014,10,4,0,1618
2014,10,4,1,1538
2014,10,4,2,1533
2014,10,4,3,1585
2014,10,4,4,1674
2014,10,4,5,1795
2014,10,4,6,1919
2014,10,4,7,2014
2014,10,4,8,2053
2014,10,4,9,2010
2014,10,4,10,1902
2014,10,4,11,1763
2014,10,4,12,1638
2014,10,4,13,1568
2014,10,4,14,1569
2014,10,4,15,1637
2014,10,4,16,1739
2014,10,4,17,1882
2014,10,4,18,2031
2014,10,4,19,2160
2014,10,4,20,2229
2014,10,4,21,2216
2014,10,4,22,2115
2014,10,4,23,1948
2014,10,5,0,1742
2014,10,5,1,1564
2014,10,5,2,1478
2014,10,5,3,1479
2014,10,5,4,1547
2014,10,5,5,1676
2014,10,5,6,1840
2014,10,5,7,1989
2014,10,5,8,2103
2014,10,5,9,2160
2014,10,5,10,2127
2014,10,5,11,2003
2014,10,5,12,1826
2014,10,5,13,1657
2014,10,5,14,1532
2014,10,5,15,1479
2014,10,5,16,1528
2014,10,5,17,1662
2014,10,5,18,1850
2014,10,5,19,2048
2014,10,5,20,2210
2014,10,5,21,2296
2014,10,5,22,2274
2014,10,5,23,2141
2014,10,6,0,1932
2014,10,6,1,1701
2014,10,6,2,1499
2014,10,6,3,1383
2014,10,6,4,1387
2014,10,6,5,1504
2014,10,6,6,1689
2014,10,6,7,1900
2014,10,6,8,2106
2014,10,6,9,2263
2014,10,6,10,2326
2014,10,6,11,2266
2014,10,6,12,2086
2014,10,6,13,1843
2014,10,6,14,1601
2014,10,6,15,1438
2014,10,6,16,1386
2014,10,6,17,1443
2014,10,6,18,1589
2014,10,6,19,1825
2014,10,6,20,2055
2014,10,6,21,2253
2014,10,6,22,2349
2014,10,6,23,2309
2014,10,7,0,2136
2014,10,7,1,1870
2014,10,7,2,1598
2014,10,7,3,1393
2014,10,7,4,1308
2014,10,7,5,1353
2014,10,7,6,1500
2014,10,7,7,1723
2014,10,7,8,1986
2014,10,7,9,2223
2014,10,7,10,2392
2014,10,7,11,2424
2014,10,7,12,2295
2014,10,7,13,2083
2014,10,7,14,1765
2014,10,7,15,1530
2014,10,7,16,1368
2014,10,7,17,1336
2014,10,7,18,1418
2014,10,7,19,1592
2014,10,7,20,1837
2014,10,7,21,2096
2014,10,7,22,2299
2014,10,7,23,2379
2014,10,8,0,2313
2014,10,8,1,2107
2014,10,8,2,1820
2014,10,8,3,1545
2014,10,8,4,1357
2014,10,8,5,1301
2014,10,8,6,1378
2014,10,8,7,1552
2014,10,8,8,1814
2014,10,8,9,2113
2014,10,8,10,2386
2014,10,8,11,2548
2014,10,8,12,2578
2014,10,8,13,2359
2014,10,8,14,2065
2014,10,8,15,1756
2014,10,8,16,1489
2014,10,8,17,1341
2014,10,8,18,1326
2014,10,8,19,1425
2014,10,8,20,1629
2014,10,8,21,1892
2014,10,8,22,2161
2014,10,8,23,2376
2014,10,9,0,2445
2014,10,9,1,2337
2014,10,9,2,2073
2014,10,9,3,1742
2014,10,9,4,1467
2014,10,9,5,1320
2014,10,9,6,1327
2014,10,9,7,1471
2014,10,9,8,1716
2014,10,9,9,2020
2014,10,9,10,2327
2014,10,9,11,2572
2014,10,9,12,2683
2014,10,9,13,2640
2014,10,9,14,2428
2014,10,9,15,2093
2014,10,9,16,1741
2014,10,9,17,1467
2014,10,9,18,1357
2014,10,9,19,1397
2014,10,9,20,1547
2014,10,9,21,1763
2014,10,9,22,2005
2014,10,9,23,2236
2014,10,10,0,2401
2014,10,10,1,2436
2014,10,10,2,2297
2014,10,10,3,2000
2014,10,10,4,1662
2014,10,10,5,1404
2014,10,10,6,1318
2014,10,10,7,1391
2014,10,10,8,1581
2014,10,10,9,1850
2014,10,10,10,2152
2014,10,10,11,2427
2014,10,10,12,2625
2014,10,10,13,2698
2014,10,10,14,2613
2014,10,10,15,2364
2014,10,10,16,2019
2014,10,10,17,1686
2014,10,10,18,1466
2014,10,10,19,1394
2014,10,10,20,1452
2014,10,10,21,1617
2014,10,10,22,1836
2014,10,10,23,2061
2014,10,11,0,2257
2014,10,11,1,2369
2014,10,11,2,2357
2014,10,11,3,2181
2014,10,11,4,1892
2014,10,11,5,1600
2014,10,11,6,1409
2014,10,11,7,1389
2014,10,11,8,1517
2014,10,11,9,1738
2014,10,11,10,1999
2014,10,11,11,2268
2014,10,11,12,2494
2014,10,11,13,2653
2014,10,11,14,2693
2014,10,11,15,2554
2014,10,11,16,2271
2014,10,11,17,1945
2014,10,11,18,1649
2014,10,11,19,1481
2014,10,11,20,1454
2014,10,11,21,1539
2014,10,11,22,1708
2014,10,11,23,1901
2014,10,12,0,2081
2014,10,12,1,2243
2014,10,12,2,2330
2014,10,12,3,2287
2014,10,12,4,2093
2014,10,12,5,1805
2014,10,12,6,1543
2014,10,12,7,1418
2014,10,12,8,1452
2014,10,12,9,1624
2014,10,12,10,1867
2014,10,12,11,2095
2014,10,12,12,2282
2014,10,12,13,2458
2014,10,12,14,2569
2014,10,12,15,2564
2014,10,12,16,2425
2014,10,12,17,2141
2014,10,12,18,1823
2014,10,12,19,1573
2014,10,12,20,1471
2014,10,12,21,1508
2014,10,12,22,1615
2014,10,12,23,1748
2014,10,13,0,1884
2014,10,13,1,2030
2014,10,13,2,2153
2014,10,13,3,2197
2014,10,13,4,2115
2014,10,13,5,1921
2014,10,13,6,1696
2014,10,13,7,1528
2014,10,13,8,1490
2014,10,13,9,1564
2014,10,13,10,1715
2014,10,13,11,1898
2014,10,13,12,2087
2014,10,13,13,2241
2014,10,13,14,2378
2014,10,13,15,2436
2014,10,13,16,2394
2014,10,13,17,2240
2014,10,13,18,2020
2014,10,13,19,1797
2014,10,13,20,1640
2014,10,13,21,1587
2014,10,13,22,1605
2014,10,13,23,1687
2014,10,14,0,1786
2014,10,14,1,1889
2014,10,14,2,1988
2014,10,14,3,2056
2014,10,14,4,2049
2014,10,14,5,1948
2014,10,14,6,1780
2014,10,14,7,1617
2014,10,14,8,1524
2014,10,14,9,1534
2014,10,14,10,1619
2014,10,14,11,1752
2014,10,14,12,1910
2014,10,14,13,2059
2014,10,14,14,2176
2014,10,14,15,2249
2014,10,14,16,2268
2014,10,14,17,2221
2014,10,14,18,2087
2014,10,14,19,1903
2014,10,14,20,1745
2014,10,14,21,1650
2014,10,14,22,1633
2014,10,14,23,1673
2014,10,15,0,1741
2014,10,15,1,1816
2014,10,15,2,1877
2014,10,15,3,1940
2014,10,15,4,1985
2014,10,15,5,1983
2014,10,15,6,1908
2014,10,15,7,1775
2014,10,15,8,1655
2014,10,15,9,1594
2014,10,15,10,1616
2014,10,15,11,1695
2014,10,15,12,1815
2014,10,15,13,1936
2014,10,15,14,2041
2014,10,15,15,2113
2014,10,15,16,2157
2014,10,15,17,2159
2014,10,15,18,2096
2014,10,15,19,1992
2014,10,15,20,1883
2014,10,15,21,1766
2014,10,15,22,1685
2014,10,15,23,1664
2014,10,16,0,1690
2014,10,16,1,1725
2014,10,16,2,1763
2014,10,16,3,1826
2014,10,16,4,1889
2014,10,16,5,1938
2014,10,16,6,1929
2014,10,16,7,1851
2014,10,16,8,1753
2014,10,16,9,1686
2014,10,16,10,1673
2014,10,16,11,1690
2014,10,16,12,1726
2014,10,16,13,1779
2014,10,16,14,1858
2014,10,16,15,1950
2014,10,16,16,2028
2014,10,16,17,2063
2014,10,16,18,2046
2014,10,16,19,1996
2014,10,16,20,1930
2014,10,16,21,1857
2014,10,16,22,1772
2014,10,16,23,1706
2014,10,17,0,1674
2014,10,17,1,1669
2014,10,17,2,1687
2014,10,17,3,1733
2014,10,17,4,1802
2014,10,17,5,1862
2014,10,17,6,1901
2014,10,17,7,1906
2014,10,17,8,1880
2014,10,17,9,1829
2014,10,17,10,1778
2014,10,17,11,1734
2014,10,17,12,1703
2014,10,17,13,1717
2014,10,17,14,1765
2014,10,17,15,1817
2014,10,17,16,1877
2014,10,17,17,1942
2014,10,17,18,1989
2014,10,17,19,1998
2014,10,17,20,1984
2014,10,17,21,1929
2014,10,17,22,1852
2014,10,17,23,1766
2014,10,18,0,1694
2014,10,18,1,1647
2014,10,18,2,1631
2014,10,18,3,1657
2014,10,18,4,1711
2014,10,18,5,1790
2014,10,18,6,1881
2014,10,18,7,1945
2014,10,18,8,1968
2014,10,18,9,1950
2014,10,18,10,1900
2014,10,18,11,1833
2014,10,18,12,1772
2014,10,18,13,1717
2014,10,18,14,1682
2014,10,18,15,1698
2014,10,18,16,1760
2014,10,18,17,1849
2014,10,18,18,1934
2014,10,18,19,1992
2014,10,18,20,2025
2014,10,18,21,2012
2014,10,18,22,1962
2014,10,18,23,1863
2014,10,19,0,1739
2014,10,19,1,1631
2014,10,19,2,1577
2014,10,19,3,1573
2014,10,19,4,1609
2014,10,19,5,1693
2014,10,19,6,1818
2014,10,19,7,1944
2014,10,19,8,2032
2014,10,19,9,2052
2014,10,19,10,2005
2014,10,19,11,1913
2014,10,19,12,1803
2014,10,19,13,1703
2014,10,19,14,1631
2014,10,19,15,1606
2014,10,19,16,1638
2014,10,19,17,1718
2014,10,19,18,1819
2014,10,19,19,1934
2014,10,19,20,2024
2014,10,19,21,2055
2014,10,19,22,2034
2014,10,19,23,1959
2014,10,20,0,1833
2014,10,20,1,1678
2014,10,20,2,1548
2014,10,20,3,1494
2014,10,20,4,1519
2014,10,20,5,1617
2014,10,20,6,1745
2014,10,20,7,1877
2014,10,20,8,1992
2014,10,20,9,2084
2014,10,20,10,2110
2014,10,20,11,2052
2014,10,20,12,1933
2014,10,20,13,1780
2014,10,20,14,1632
2014,10,20,15,1532
2014,10,20,16,1519
2014,10,20,17,1581
2014,10,20,18,1706
2014,10,20,19,1869
2014,10,20,20,2013
2014,10,20,21,2095
2014,10,20,22,2112
2014,10,20,23,2067
2014,10,21,0,1960
2014,10,21,1,1807
2014,10,21,2,1648
2014,10,21,3,1523
2014,10,21,4,1482
2014,10,21,5,1539
2014,10,21,6,1672
2014,10,21,7,1854
2014,10,21,8,2040
2014,10,21,9,2184
2014,10,21,10,2253
2014,10,21,11,2218
2014,10,21,12,2097
2014,10,21,13,1926
2014,10,21,14,1741
2014,10,21,15,1589
2014,10,21,16,1509
2014,10,21,17,1512
2014,10,21,18,1602
2014,10,21,19,1758
2014,10,21,20,1946
2014,10,21,21,2092
2014,10,21,22,2157
2014,10,21,23,2153
2014,10,22,0,2061
2014,10,22,1,1897
2014,10,22,2,1695
2014,10,22,3,1525
2014,10,22,4,1439
2014,10,22,5,1461
2014,10,22,6,1587
2014,10,22,7,1776
2014,10,22,8,1981
2014,10,22,9,2169
2014,10,22,10,2298
2014,10,22,11,2327
2014,10,22,12,2229
2014,10,22,13,2056
2014,10,22,14,1821
2014,10,22,15,1599
2014,10,22,16,1471
2014,10,22,17,1445
2014,10,22,18,1512
2014,10,22,19,1641
2014,10,22,20,1806
2014,10,22,21,1968
2014,10,22,22,2100
2014,10,22,23,2169
2014,10,23,0,2132
2014,10,23,1,1988
2014,10,23,2,1776
2014,10,23,3,1575
2014,10,23,4,1453
2014,10,23,5,1449
2014,10,23,6,1545
2014,10,23,7,1706
2014,10,23,8,1909
2014,10,23,9,2139
2014,10,23,10,2343
2014,10,23,11,2452
2014,10,23,12,2427
2014,10,23,13,2263
2014,10,23,14,1994
2014,10,23,15,1714
2014,10,23,16,1515
2014,10,23,17,1427
2014,10,23,18,1445
2014,10,23,19,1543
2014,10,23,20,1704
2014,10,23,21,1889
2014,10,23,22,2065
2014,10,23,23,2198
2014,10,24,0,2221
2014,10,24,1,2113
2014,10,24,2,1900
2014,10,24,3,1653
2014,10,24,4,1459
2014,10,24,5,1390
2014,10,24,6,1447
2014,10,24,7,1587
2014,10,24,8,1796
2014,10,24,9,2037
2014,10,24,10,2268
2014,10,24,11,2424
2014,10,24,12,2468
2014,10,24,13,2384
2014,10,24,14,2170
2014,10,24,15,1870
2014,10,24,16,1584
2014,10,24,17,1405
2014,10,24,18,1357
2014,10,24,19,1424
2014,10,24,20,1581
2014,10,24,21,1754
2014,10,24,22,1953
2014,10,24,23,2132
2014,10,25,0,2228
2014,10,25,1,2194
2014,10,25,2,2041
2014,10,25,3,1798
2014,10,25,4,1548
2014,10,25,5,1391
2014,10,25,6,1372
2014,10,25,7,1472
2014,10,25,8,1655
2014,10,25,9,1900
2014,10,25,10,2165
2014,10,25,11,2381
2014,10,25,12,2504
2014,10,25,13,2494
2014,10,25,14,2340
2014,10,25,15,2080
2014,10,25,16,1769
2014,10,25,17,1507
2014,10,25,18,1357
2014,10,25,19,1347
2014,10,25,20,1459
2014,10,25,21,1631
2014,10,25,22,1842
2014,10,25,23,2046
2014,10,26,0,2191
2014,10,26,1,2222
2014,10,26,2,2137
2014,10,26,3,1936
2014,10,26,4,1680
2014,10,26,5,1469
2014,10,26,6,1371
2014,10,26,7,1401
2014,10,26,8,1532
2014,10,26,9,1750
2014,10,26,10,2037
2014,10,26,11,2302
2014,10,26,12,2496
2014,10,26,13,2564
2014,10,26,14,2487
2014,10,26,15,2276
2014,10,26,16,1970
2014,10,26,17,1670
2014,10,26,18,1447
2014,10,26,19,1358
2014,10,26,20,1387
2014,10,26,21,1505
2014,10,26,22,1711
2014,10,26,23,1950
2014,10,27,0,2142
2014,10,27,1,2232
2014,10,27,2,2194
2014,10,27,3,2045
2014,10,27,4,1834
2014,10,27,5,1610
2014,10,27,6,1437
2014,10,27,7,1371
2014,10,27,8,1427
2014,10,27,9,1598
2014,10,27,10,1851
2014,10,27,11,2148
2014,10,27,12,2380
2014,10,27,13,2506
2014,10,27,14,2512
2014,10,27,15,2391
2014,10,27,16,2148
2014,10,27,17,1850
2014,10,27,18,1588
2014,10,27,19,1426
2014,10,27,20,1394
2014,10,27,21,1447
2014,10,27,22,1588
2014,10,27,23,1792
2014,10,28,0,1978
2014,10,28,1,2112
2014,10,28,2,2167
2014,10,28,3,2124
2014,10,28,4,1977
2014,10,28,5,1759
2014,10,28,6,1552
2014,10,28,7,1431
2014,10,28,8,1428
2014,10,28,9,1547
2014,10,28,10,1750
2014,10,28,11,1998
2014,10,28,12,2226
2014,10,28,13,2390
2014,10,28,14,2465
2014,10,28,15,2453
2014,10,28,16,2334
2014,10,28,17,2104
2014,10,28,18,1824
2014,10,28,19,1592
2014,10,28,20,1485
2014,10,28,21,1485
2014,10,28,22,1575
2014,10,28,23,1718
2014,10,29,0,1855
2014,10,29,1,1981
2014,10,29,2,2081
2014,10,29,3,2123
2014,10,29,4,2073
2014,10,29,5,1928
2014,10,29,6,1737
2014,10,29,7,1562
2014,10,29,8,1465
2014,10,29,9,1507
2014,10,29,10,1664
2014,10,29,11,1859
2014,10,29,12,2054
2014,10,29,13,2208
2014,10,29,14,2315
2014,10,29,15,2371
2014,10,29,16,2366
2014,10,29,17,2264
2014,10,29,18,2040
2014,10,29,19,1791
2014,10,29,20,1617
2014,10,29,21,1534
2014,10,29,22,1553
2014,10,29,23,1645
2014,10,30,0,1764
2014,10,30,1,1874
2014,10,30,2,1979
2014,10,30,3,2054
2014,10,30,4,2077
2014,10,30,5,2023
2014,10,30,6,1900
2014,10,30,7,1752
2014,10,30,8,1616
2014,10,30,9,1556
2014,10,30,10,1586
2014,10,30,11,1694
2014,10,30,12,1853
2014,10,30,13,2026
2014,10,30,14,2162
2014,10,30,15,2259
2014,10,30,16,2313
2014,10,30,17,2303
2014,10,30,18,2175
2014,10,30,19,1959
2014,10,30,20,1750
2014,10,30,21,1621
2014,10,30,22,1590
2014,10,30,23,1621
2014,10,31,0,1684
2014,10,31,1,1741
2014,10,31,2,1815
2014,10,31,3,1915
2014,10,31,4,2024
2014,10,31,5,2089
2014,10,31,6,2060
2014,10,31,7,1931
2014,10,31,8,1778
2014,10,31,9,1672
2014,10,31,10,1648
2014,10,31,11,1681
2014,10,31,12,1758
2014,10,31,13,1863
2014,10,31,14,1983
2014,10,31,15,2101
2014,10,31,16,2211
2014,10,31,17,2280
2014,10,31,18,2266
2014,10,31,19,2156
2014,10,31,20,1980
2014,10,31,21,1820
2014,10,31,22,1725
2014,10,31,23,1682
2014,11,1,0,1671
2014,11,1,1,1690
2014,11,1,2,1737
2014,11,1,3,1816
2014,11,1,4,1935
2014,11,1,5,2070
2014,11,1,6,2148
2014,11,1,7,2119
2014,11,1,8,2014
2014,11,1,9,1885
2014,11,1,10,1788
2014,11,1,11,1736
2014,11,1,12,1737
2014,11,1,13,1763
2014,11,1,14,1825
2014,11,1,15,1904
2014,11,1,16,2022
2014,11,1,17,2143
2014,11,1,18,2229
2014,11,1,19,2248
2014,11,1,20,2178
2014,11,1,21,2042
2014,11,1,22,1884
2014,11,1,23,1749
2014,11,2,0,1673
2014,11,2,1,1653
2014,11,2,2,1669
2014,11,2,3,1724
2014,11,2,4,1822
2014,11,2,5,1959
2014,11,2,6,2110
2014,11,2,7,2223
2014,11,2,8,2236
2014,11,2,9,2154
2014,11,2,10,2016
2014,11,2,11,1872
2014,11,2,12,1780
2014,11,2,13,1723
2014,11,2,14,1724
2014,11,2,15,1777
2014,11,2,16,1856
2014,11,2,17,1989
2014,11,2,18,2138
2014,11,2,19,2267
2014,11,2,20,2317
2014,11,2,21,2250
2014,11,2,22,2097
2014,11,2,23,1921
2014,11,3,0,1769
2014,11,3,1,1659
2014,11,3,2,1610
2014,11,3,3,1624
2014,11,3,4,1702
2014,11,3,5,1844
2014,11,3,6,2029
2014,11,3,7,2224
2014,11,3,8,2356
2014,11,3,9,2381
2014,11,3,10,2292
2014,11,3,11,2120
2014,11,3,12,1932
2014,11,3,13,1770
2014,11,3,14,1667
2014,11,3,15,1639
2014,11,3,16,1682
2014,11,3,17,1801
2014,11,3,18,1963
2014,11,3,19,2135
2014,11,3,20,2282
2014,11,3,21,2335
2014,11,3,22,2280
2014,11,3,23,2137
2014,11,4,0,1944
2014,11,4,1,1737
2014,11,4,2,1575
2014,11,4,3,1510
2014,11,4,4,1556
2014,11,4,5,1696
2014,11,4,6,1910
2014,11,4,7,2154
2014,11,4,8,2360
2014,11,4,9,2495
2014,11,4,10,2521
2014,11,4,11,2421
2014,11,4,12,2217
2014,11,4,13,1968
2014,11,4,14,1738
2014,11,4,15,1599
2014,11,4,16,1578
2014,11,4,17,1647
2014,11,4,18,1781
2014,11,4,19,1960
2014,11,4,20,2168
2014,11,4,21,2346
2014,11,4,22,2428
2014,11,4,23,2362
2014,11,5,0,2167
2014,11,5,1,1908
2014,11,5,2,1666
2014,11,5,3,1517
2014,11,5,4,1490
2014,11,5,5,1577
2014,11,5,6,1760
2014,11,5,7,2004
2014,11,5,8,2273
2014,11,5,9,2507
2014,11,5,10,2645
2014,11,5,11,2634
2014,11,5,12,2471
2014,11,5,13,2212
2014,11,5,14,1928
2014,11,5,15,1688
2014,11,5,16,1540
2014,11,5,17,1508
2014,11,5,18,1596
2014,11,5,19,1757
2014,11,5,20,2007
2014,11,5,21,2225
2014,11,5,22,2391
2014,11,5,23,2433
2014,11,6,0,2312
2014,11,6,1,2080
2014,11,6,2,1812
2014,11,6,3,1580
2014,11,6,4,1460
2014,11,6,5,1466
2014,11,6,6,1594
2014,11,6,7,1811
2014,11,6,8,2089
2014,11,6,9,2379
2014,11,6,10,2616
2014,11,6,11,2713
2014,11,6,12,2643
2014,11,6,13,2436
2014,11,6,14,2140
2014,11,6,15,1848
2014,11,6,16,1622
2014,11,6,17,1508
2014,11,6,18,1499
2014,11,6,19,1595
2014,11,6,20,1776
2014,11,6,21,2007
2014,11,6,22,2236
2014,11,6,23,2387
2014,11,7,0,2396
2014,11,7,1,2250
2014,11,7,2,1983
2014,11,7,3,1690
2014,11,7,4,1472
2014,11,7,5,1396
2014,11,7,6,1469
2014,11,7,7,1648
2014,11,7,8,1898
2014,11,7,9,2180
2014,11,7,10,2444
2014,11,7,11,2633
2014,11,7,12,2698
2014,11,7,13,2598
2014,11,7,14,2348
2014,11,7,15,2024
2014,11,7,16,1725
2014,11,7,17,1519
2014,11,7,18,1447
2014,11,7,19,1477
2014,11,7,20,1595
2014,11,7,21,1784
2014,11,7,22,2012
2014,11,7,23,2225
2014,11,8,0,2353
2014,11,8,1,2326
2014,11,8,2,2141
2014,11,8,3,1847
2014,11,8,4,1574
2014,11,8,5,1415
2014,11,8,6,1399
2014,11,8,7,1516
2014,11,8,8,1731
2014,11,8,9,2005
2014,11,8,10,2277
2014,11,8,11,2517
2014,11,8,12,2672
2014,11,8,13,2681
2014,11,8,14,2542
2014,11,8,15,2267
2014,11,8,16,1931
2014,11,8,17,1642
2014,11,8,18,1475
2014,11,8,19,1441
2014,11,8,20,1511
2014,11,8,21,1665
2014,11,8,22,1879
2014,11,8,23,2093
2014,11,9,0,2263
2014,11,9,1,2333
2014,11,9,2,2256
2014,11,9,3,2054
2014,11,9,4,1806
2014,11,9,5,1575
2014,11,9,6,1454
2014,11,9,7,1484
2014,11,9,8,1633
2014,11,9,9,1876
2014,11,9,10,2145
2014,11,9,11,2387
2014,11,9,12,2552
2014,11,9,13,2657
2014,11,9,14,2632
2014,11,9,15,2463
2014,11,9,16,2192
2014,11,9,17,1893
2014,11,9,18,1645
2014,11,9,19,1520
2014,11,9,20,1515
2014,11,9,21,1606
2014,11,9,22,1769
2014,11,9,23,1970
2014,11,10,0,2159
2014,11,10,1,2275
2014,11,10,2,2281
2014,11,10,3,2169
2014,11,10,4,1957
2014,11,10,5,1716
2014,11,10,6,1536
2014,11,10,7,1480
2014,11,10,8,1563
2014,11,10,9,1755
2014,11,10,10,1989
2014,11,10,11,2213
2014,11,10,12,2402
2014,11,10,13,2535
2014,11,10,14,2580
2014,11,10,15,2515
2014,11,10,16,2325
2014,11,10,17,2061
2014,11,10,18,1803
2014,11,10,19,1628
2014,11,10,20,1569
2014,11,10,21,1593
2014,11,10,22,1691
2014,11,10,23,1851
2014,11,11,0,2006
2014,11,11,1,2126
2014,11,11,2,2183
2014,11,11,3,2158
2014,11,11,4,2035
2014,11,11,5,1849
2014,11,11,6,1656
2014,11,11,7,1531
2014,11,11,8,1537
2014,11,11,9,1673
2014,11,11,10,1884
2014,11,11,11,2103
2014,11,11,12,2283
2014,11,11,13,2410
2014,11,11,14,2492
2014,11,11,15,2508
2014,11,11,16,2418
2014,11,11,17,2224
2014,11,11,18,1982
2014,11,11,19,1761
2014,11,11,20,1625
2014,11,11,21,1593
2014,11,11,22,1655
2014,11,11,23,1779
2014,11,12,0,1927
2014,11,12,1,2056
2014,11,12,2,2127
2014,11,12,3,2147
2014,11,12,4,2111
2014,11,12,5,2000
2014,11,12,6,1823
2014,11,12,7,1658
2014,11,12,8,1592
2014,11,12,9,1656
2014,11,12,10,1814
2014,11,12,11,2001
2014,11,12,12,2169
2014,11,12,13,2306
2014,11,12,14,2402
2014,11,12,15,2442
2014,11,12,16,2418
2014,11,12,17,2302
2014,11,12,18,2112
2014,11,12,19,1894
2014,11,12,20,1722
2014,11,12,21,1642
2014,11,12,22,1658
2014,11,12,23,1738
2014,11,13,0,1855
2014,11,13,1,1965
2014,11,13,2,2036
2014,11,13,3,2091
2014,11,13,4,2119
2014,11,13,5,2077
2014,11,13,6,1958
2014,11,13,7,1808
2014,11,13,8,1697
2014,11,13,9,1687
2014,11,13,10,1768
2014,11,13,11,1894
2014,11,13,12,2035
2014,11,13,13,2166
2014,11,13,14,2278
2014,11,13,15,2348
2014,11,13,16,2360
2014,11,13,17,2304
2014,11,13,18,2186
2014,11,13,19,2038
2014,11,13,20,1887
2014,11,13,21,1764
2014,11,13,22,1710
2014,11,13,23,1723
2014,11,14,0,1781
2014,11,14,1,1860
2014,11,14,2,1928
2014,11,14,3,1988
2014,11,14,4,2036
2014,11,14,5,2066
2014,11,14,6,2037
2014,11,14,7,1945
2014,11,14,8,1850
2014,11,14,9,1786
2014,11,14,10,1784
2014,11,14,11,1827
2014,11,14,12,1902
2014,11,14,13,2002
2014,11,14,14,2114
2014,11,14,15,2198
2014,11,14,16,2235
2014,11,14,17,2232
2014,11,14,18,2181
2014,11,14,19,2082
2014,11,14,20,1952
2014,11,14,21,1833
2014,11,14,22,1741
2014,11,14,23,1700
2014,11,15,0,1688
2014,11,15,1,1715
2014,11,15,2,1769
2014,11,15,3,1848
2014,11,15,4,1940
2014,11,15,5,2004
2014,11,15,6,2025
2014,11,15,7,1990
2014,11,15,8,1929
2014,11,15,9,1877
2014,11,15,10,1845
2014,11,15,11,1829
2014,11,15,12,1832
2014,11,15,13,1876
2014,11,15,14,1959
2014,11,15,15,2051
2014,11,15,16,2112
2014,11,15,17,2132
2014,11,15,18,2125
2014,11,15,19,2094
2014,11,15,20,2022
2014,11,15,21,1923
2014,11,15,22,1807
2014,11,15,23,1716
2014,11,16,0,1666
2014,11,16,1,1668
2014,11,16,2,1720
2014,11,16,3,1797
2014,11,16,4,1893
2014,11,16,5,1976
2014,11,16,6,2040
2014,11,16,7,2069
2014,11,16,8,2050
2014,11,16,9,1998
2014,11,16,10,1922
2014,11,16,11,1845
2014,11,16,12,1799
2014,11,16,13,1813
2014,11,16,14,1877
2014,11,16,15,1943
2014,11,16,16,1998
2014,11,16,17,2041
2014,11,16,18,2081
2014,11,16,19,2106
2014,11,16,20,2088
2014,11,16,21,2017
2014,11,16,22,1906
2014,11,16,23,1788
2014,11,17,0,1700
2014,11,17,1,1649
2014,11,17,2,1654
2014,11,17,3,1707
2014,11,17,4,1801
2014,11,17,5,1910
2014,11,17,6,2028
2014,11,17,7,2115
2014,11,17,8,2164
2014,11,17,9,2153
2014,11,17,10,2076
2014,11,17,11,1977
2014,11,17,12,1879
2014,11,17,13,1808
2014,11,17,14,1787
2014,11,17,15,1820
2014,11,17,16,1889
2014,11,17,17,1965
2014,11,17,18,2043
2014,11,17,19,2103
2014,11,17,20,2133
2014,11,17,21,2120
2014,11,17,22,2047
2014,11,17,23,1929
2014,11,18,0,1798
2014,11,18,1,1693
2014,11,18,2,1633
2014,11,18,3,1636
2014,11,18,4,1713
2014,11,18,5,1841
2014,11,18,6,2002
2014,11,18,7,2154
2014,11,18,8,2261
2014,11,18,9,2299
2014,11,18,10,2254
2014,11,18,11,2135
2014,11,18,12,1993
2014,11,18,13,1862
2014,11,18,14,1772
2014,11,18,15,1741
2014,11,18,16,1778
2014,11,18,17,1864
2014,11,18,18,1961
2014,11,18,19,2055
2014,11,18,20,2130
2014,11,18,21,2168
2014,11,18,22,2143
2014,11,18,23,2045
2014,11,19,0,1905
2014,11,19,1,1738
2014,11,19,2,1603
2014,11,19,3,1548
2014,11,19,4,1598
2014,11,19,5,1730
2014,11,19,6,1913
2014,11,19,7,2099
2014,11,19,8,2259
2014,11,19,9,2359
2014,11,19,10,2366
2014,11,19,11,2279
2014,11,19,12,2124
2014,11,19,13,1956
2014,11,19,14,1805
2014,11,19,15,1703
2014,11,19,16,1680
2014,11,19,17,1723
2014,11,19,18,1812
2014,11,19,19,1939
2014,11,19,20,2081
2014,11,19,21,2190
2014,11,19,22,2220
2014,11,19,23,2170
2014,11,20,0,2037
2014,11,20,1,1860
2014,11,20,2,1679
2014,11,20,3,1561
2014,11,20,4,1545
2014,11,20,5,1642
2014,11,20,6,1800
2014,11,20,7,2038
2014,11,20,8,2244
2014,11,20,9,2401
2014,11,20,10,2475
2014,11,20,11,2448
2014,11,20,12,2323
2014,11,20,13,2127
2014,11,20,14,1906
2014,11,20,15,1719
2014,11,20,16,1628
2014,11,20,17,1636
2014,11,20,18,1719
2014,11,20,19,1862
2014,11,20,20,2034
2014,11,20,21,2184
2014,11,20,22,2265
2014,11,20,23,2265
2014,11,21,0,2162
2014,11,21,1,1979
2014,11,21,2,1765
2014,11,21,3,1578
2014,11,21,4,1492
2014,11,21,5,1547
2014,11,21,6,1712
2014,11,21,7,1931
2014,11,21,8,2177
2014,11,21,9,2401
2014,11,21,10,2547
2014,11,21,11,2590
2014,11,21,12,2520
2014,11,21,13,2334
2014,11,21,14,2087
2014,11,21,15,1835
2014,11,21,16,1653
2014,11,21,17,1578
2014,11,21,18,1613
2014,11,21,19,1735
2014,11,21,20,1905
2014,11,21,21,2096
2014,11,21,22,2244
2014,11,21,23,2315
2014,11,22,0,2270
2014,11,22,1,2106
2014,11,22,2,1866
2014,11,22,3,1633
2014,11,22,4,1480
2014,11,22,5,1455
2014,11,22,6,1564
2014,11,22,7,1770
2014,11,22,8,2035
2014,11,22,9,2300
2014,11,22,10,2524
2014,11,22,11,2654
2014,11,22,12,2650
2014,11,22,13,2511
2014,11,22,14,2264
2014,11,22,15,1978
2014,11,22,16,1718
2014,11,22,17,1551
2014,11,22,18,1507
2014,11,22,19,1573
2014,11,22,20,1728
2014,11,22,21,1923
2014,11,22,22,2115
2014,11,22,23,2250
2014,11,23,0,2282
2014,11,23,1,2193
2014,11,23,2,1989
2014,11,23,3,1729
2014,11,23,4,1495
2014,11,23,5,1384
2014,11,23,6,1432
2014,11,23,7,1585
2014,11,23,8,1861
2014,11,23,9,2126
2014,11,23,10,2391
2014,11,23,11,2586
2014,11,23,12,2681
2014,11,23,13,2642
2014,11,23,14,2463
2014,11,23,15,2176
2014,11,23,16,1855
2014,11,23,17,1591
2014,11,23,18,1445
2014,11,23,19,1439
2014,11,23,20,1549
2014,11,23,21,1742
2014,11,23,22,1964
2014,11,23,23,2153
2014,11,24,0,2258
2014,11,24,1,2242
2014,11,24,2,2100
2014,11,24,3,1867
2014,11,24,4,1624
2014,11,24,5,1440
2014,11,24,6,1370
2014,11,24,7,1440
2014,11,24,8,1635
2014,11,24,9,1926
2014,11,24,10,2229
2014,11,24,11,2485
2014,11,24,12,2646
2014,11,24,13,2679
2014,11,24,14,2577
2014,11,24,15,2339
2014,11,24,16,2029
2014,11,24,17,1726
2014,11,24,18,1514
2014,11,24,19,1433
2014,11,24,20,1463
2014,11,24,21,1593
2014,11,24,22,1803
2014,11,24,23,2023
2014,11,25,0,2188
2014,11,25,1,2259
2014,11,25,2,2208
2014,11,25,3,2038
2014,11,25,4,1807
2014,11,25,5,1578
2014,11,25,6,1415
2014,11,25,7,1386
2014,11,25,8,1502
2014,11,25,9,1735
2014,11,25,10,2024
2014,11,25,11,2302
2014,11,25,12,2520
2014,11,25,13,2638
2014,11,25,14,2648
2014,11,25,15,2521
2014,11,25,16,2267
2014,11,25,17,1955
2014,11,25,18,1659
2014,11,25,19,1487
2014,11,25,20,1458
2014,11,25,21,1537
2014,11,25,22,1698
2014,11,25,23,1885
2014,11,26,0,2065
2014,11,26,1,2209
2014,11,26,2,2259
2014,11,26,3,2180
2014,11,26,4,1992
2014,11,26,5,1742
2014,11,26,6,1519
2014,11,26,7,1400
2014,11,26,8,1424
2014,11,26,9,1581
2014,11,26,10,1820
2014,11,26,11,2088
2014,11,26,12,2330
2014,11,26,13,2506
2014,11,26,14,2598
2014,11,26,15,2577
2014,11,26,16,2429
2014,11,26,17,2168
2014,11,26,18,1865
2014,11,26,19,1620
2014,11,26,20,1502
2014,11,26,21,1503
2014,11,26,22,1593
2014,11,26,23,1738
2014,11,27,0,1923
2014,11,27,1,2103
2014,11,27,2,2226
2014,11,27,3,2250
2014,11,27,4,2163
2014,11,27,5,1986
2014,11,27,6,1773
2014,11,27,7,1583
2014,11,27,8,1497
2014,11,27,9,1548
2014,11,27,10,1706
2014,11,27,11,1931
2014,11,27,12,2152
2014,11,27,13,2345
2014,11,27,14,2490
2014,11,27,15,2565
2014,11,27,16,2527
2014,11,27,17,2360
2014,11,27,18,2108
2014,11,27,19,1858
2014,11,27,20,1674
2014,11,27,21,1592
2014,11,27,22,1620
2014,11,27,23,1718
2014,11,28,0,1866
2014,11,28,1,2021
2014,11,28,2,2155
2014,11,28,3,2254
2014,11,28,4,2287
2014,11,28,5,2204
2014,11,28,6,2023
2014,11,28,7,1800
2014,11,28,8,1641
2014,11,28,9,1625
2014,11,28,10,1710
2014,11,28,11,1851
2014,11,28,12,2008
2014,11,28,13,2173
2014,11,28,14,2329
2014,11,28,15,2463
2014,11,28,16,2538
2014,11,28,17,2493
2014,11,28,18,2333
2014,11,28,19,2099
2014,11,28,20,1865
2014,11,28,21,1699
2014,11,28,22,1626
2014,11,28,23,1650
2014,11,29,0,1734
2014,11,29,1,1869
2014,11,29,2,2008
2014,11,29,3,2132
2014,11,29,4,2244
2014,11,29,5,2287
2014,11,29,6,2216
2014,11,29,7,2047
2014,11,29,8,1856
2014,11,29,9,1730
2014,11,29,10,1702
2014,11,29,11,1760
2014,11,29,12,1862
2014,11,29,13,1975
2014,11,29,14,2106
2014,11,29,15,2263
2014,11,29,16,2390
2014,11,29,17,2436
2014,11,29,18,2363
2014,11,29,19,2206
2014,11,29,20,2011
2014,11,29,21,1827
2014,11,29,22,1696
2014,11,29,23,1628
2014,11,30,0,1630
2014,11,30,1,1708
2014,11,30,2,1818
2014,11,30,3,1940
2014,11,30,4,2072
2014,11,30,5,2185
2014,11,30,6,2251
2014,11,30,7,2223
2014,11,30,8,2099
2014,11,30,9,1943
2014,11,30,10,1823
2014,11,30,11,1781
2014,11,30,12,1793
2014,11,30,13,1839
2014,11,30,14,1924
2014,11,30,15,2037
2014,11,30,16,2172
2014,11,30,17,2297
2014,11,30,18,2361
2014,11,30,19,2341
2014,11,30,20,2223
2014,11,30,21,2047
2014,11,30,22,1875
2014,11,30,23,1731
2014,12,1,0,1659
2014,12,1,1,1669
2014,12,1,2,1728
2014,12,1,3,1837
2014,12,1,4,1993
2014,12,1,5,2167
2014,12,1,6,2322
2014,12,1,7,2383
2014,12,1,8,2337
2014,12,1,9,2208
2014,12,1,10,2066
2014,12,1,11,1959
2014,12,1,12,1877
2014,12,1,13,1837
2014,12,1,14,1843
2014,12,1,15,1903
2014,12,1,16,2019
2014,12,1,17,2165
2014,12,1,18,2290
2014,12,1,19,2350
2014,12,1,20,2321
2014,12,1,21,2216
2014,12,1,22,2056
2014,12,1,23,1870
2014,12,2,0,1718
2014,12,2,1,1648
2014,12,2,2,1663
2014,12,2,3,1742
2014,12,2,4,1884
2014,12,2,5,2075
2014,12,2,6,2267
2014,12,2,7,2423
2014,12,2,8,2493
2014,12,2,9,2471
2014,12,2,10,2368
2014,12,2,11,2200
2014,12,2,12,2015
2014,12,2,13,1882
2014,12,2,14,1821
2014,12,2,15,1818
2014,12,2,16,1864
2014,12,2,17,1969
2014,12,2,18,2098
2014,12,2,19,2225
2014,12,2,20,2319
2014,12,2,21,2330
2014,12,2,22,2227
2014,12,2,23,2032
2014,12,3,0,1811
2014,12,3,1,1654
2014,12,3,2,1591
2014,12,3,3,1627
2014,12,3,4,1737
2014,12,3,5,1897
2014,12,3,6,2109
2014,12,3,7,2325
2014,12,3,8,2507
2014,12,3,9,2600
2014,12,3,10,2571
2014,12,3,11,2429
2014,12,3,12,2217
2014,12,3,13,2014
2014,12,3,14,1859
2014,12,3,15,1765
2014,12,3,16,1743
2014,12,3,17,1795
2014,12,3,18,1901
2014,12,3,19,2062
2014,12,3,20,2202
2014,12,3,21,2296
2014,12,3,22,2288
2014,12,3,23,2182
2014,12,4,0,1998
2014,12,4,1,1800
2014,12,4,2,1638
2014,12,4,3,1557
2014,12,4,4,1599
2014,12,4,5,1744
2014,12,4,6,1967
2014,12,4,7,2216
2014,12,4,8,2447
2014,12,4,9,2621
2014,12,4,10,2698
2014,12,4,11,2663
2014,12,4,12,2512
2014,12,4,13,2283
2014,12,4,14,2031
2014,12,4,15,1815
2014,12,4,16,1693
2014,12,4,17,1664
2014,12,4,18,1737
2014,12,4,19,1878
2014,12,4,20,2044
2014,12,4,21,2206
2014,12,4,22,2308
2014,12,4,23,2306
2014,12,5,0,2171
2014,12,5,1,1958
2014,12,5,2,1734
2014,12,5,3,1565
2014,12,5,4,1523
2014,12,5,5,1609
2014,12,5,6,1782
2014,12,5,7,2015
2014,12,5,8,2278
2014,12,5,9,2532
2014,12,5,10,2721
2014,12,5,11,2777
2014,12,5,12,2672
2014,12,5,13,2444
2014,12,5,14,2154
2014,12,5,15,1888
2014,12,5,16,1686
2014,12,5,17,1578
2014,12,5,18,1558
2014,12,5,19,1643
2014,12,5,20,1824
2014,12,5,21,2039
2014,12,5,22,2222
2014,12,5,23,2307
2014,12,6,0,2265
2014,12,6,1,2098
2014,12,6,2,1873
2014,12,6,3,1640
2014,12,6,4,1490
2014,12,6,5,1484
2014,12,6,6,1603
2014,12,6,7,1828
2014,12,6,8,2107
2014,12,6,9,2403
2014,12,6,10,2635
2014,12,6,11,2765
2014,12,6,12,2777
2014,12,6,13,2648
2014,12,6,14,2395
2014,12,6,15,2069
2014,12,6,16,1762
2014,12,6,17,1552
2014,12,6,18,1476
2014,12,6,19,1516
2014,12,6,20,1659
2014,12,6,21,1867
2014,12,6,22,2072
2014,12,6,23,2234
2014,12,7,0,2293
2014,12,7,1,2222
2014,12,7,2,2024
2014,12,7,3,1763
2014,12,7,4,1545
2014,12,7,5,1446
2014,12,7,6,1496
2014,12,7,7,1664
2014,12,7,8,1908
2014,12,7,9,2185
2014,12,7,10,2439
2014,12,7,11,2626
2014,12,7,12,2721
2014,12,7,13,2688
2014,12,7,14,2504
2014,12,7,15,2204
2014,12,7,16,1874
2014,12,7,17,1603
2014,12,7,18,1450
2014,12,7,19,1417
2014,12,7,20,1494
2014,12,7,21,1664
2014,12,7,22,1877
2014,12,7,23,2069
2014,12,8,0,2190
2014,12,8,1,2208
2014,12,8,2,2105
2014,12,8,3,1898
2014,12,8,4,1656
2014,12,8,5,1466
2014,12,8,6,1407
2014,12,8,7,1484
2014,12,8,8,1719
2014,12,8,9,1938
2014,12,8,10,2211
2014,12,8,11,2424
2014,12,8,12,2561
2014,12,8,13,2605
2014,12,8,14,2542
2014,12,8,15,2332
2014,12,8,16,2024
2014,12,8,17,1714
2014,12,8,18,1495
2014,12,8,19,1406
2014,12,8,20,1443
2014,12,8,21,1578
2014,12,8,22,1766
2014,12,8,23,1952
2014,12,9,0,2101
2014,12,9,1,2190
2014,12,9,2,2181
2014,12,9,3,2049
2014,12,9,4,1840
2014,12,9,5,1623
2014,12,9,6,1481
2014,12,9,7,1476
2014,12,9,8,1595
2014,12,9,9,1801
2014,12,9,10,2045
2014,12,9,11,2286
2014,12,9,12,2459
2014,12,9,13,2556
2014,12,9,14,2563
2014,12,9,15,2452
2014,12,9,16,2218
2014,12,9,17,1925
2014,12,9,18,1669
2014,12,9,19,1506
2014,12,9,20,1460
2014,12,9,21,1515
2014,12,9,22,1655
2014,12,9,23,1842
2014,12,10,0,1995
2014,12,10,1,2161
2014,12,10,2,2180
2014,12,10,3,2107
2014,12,10,4,1940
2014,12,10,5,1738
2014,12,10,6,1564
2014,12,10,7,1496
2014,12,10,8,1560
2014,12,10,9,1718
2014,12,10,10,1917
2014,12,10,11,2125
2014,12,10,12,2309
2014,12,10,13,2440
2014,12,10,14,2503
2014,12,10,15,2459
2014,12,10,16,2307
2014,12,10,17,2057
2014,12,10,18,1797
2014,12,10,19,1600
2014,12,10,20,1509
2014,12,10,21,1527
2014,12,10,22,1626
2014,12,10,23,1784
2014,12,11,0,1940
2014,12,11,1,2066
2014,12,11,2,2137
2014,12,11,3,2143
2014,12,11,4,2067
2014,12,11,5,1914
2014,12,11,6,1754
2014,12,11,7,1631
2014,12,11,8,1590
2014,12,11,9,1661
2014,12,11,10,1818
2014,12,11,11,2007
2014,12,11,12,2187
2014,12,11,13,2320
2014,12,11,14,2394
2014,12,11,15,2401
2014,12,11,16,2323
2014,12,11,17,2166
2014,12,11,18,1947
2014,12,11,19,1728
2014,12,11,20,1589
2014,12,11,21,1557
2014,12,11,22,1613
2014,12,11,23,1731
2014,12,12,0,1877
2014,12,12,1,2016
2014,12,12,2,2111
2014,12,12,3,2141
2014,12,12,4,2116
2014,12,12,5,2017
2014,12,12,6,1876
2014,12,12,7,1750
2014,12,12,8,1667
2014,12,12,9,1676
2014,12,12,10,1777
2014,12,12,11,1932
2014,12,12,12,2087
2014,12,12,13,2216
2014,12,12,14,2298
2014,12,12,15,2336
2014,12,12,16,2305
2014,12,12,17,2207
2014,12,12,18,2045
2014,12,12,19,1854
2014,12,12,20,1698
2014,12,12,21,1609
2014,12,12,22,1598
2014,12,12,23,1672
2014,12,13,0,1799
2014,12,13,1,1935
2014,12,13,2,2042
2014,12,13,3,2098
2014,12,13,4,2105
2014,12,13,5,2051
2014,12,13,6,1971
2014,12,13,7,1871
2014,12,13,8,1775
2014,12,13,9,1729
2014,12,13,10,1753
2014,12,13,11,1858
2014,12,13,12,2001
2014,12,13,13,2135
2014,12,13,14,2228
2014,12,13,15,2268
2014,12,13,16,2275
2014,12,13,17,2227
2014,12,13,18,2115
2014,12,13,19,1965
2014,12,13,20,1808
2014,12,13,21,1676
2014,12,13,22,1622
2014,12,13,23,1657
2014,12,14,0,1749
2014,12,14,1,1861
2014,12,14,2,1964
2014,12,14,3,2053
2014,12,14,4,2104
2014,12,14,5,2115
2014,12,14,6,2084
2014,12,14,7,2001
2014,12,14,8,1892
2014,12,14,9,1812
2014,12,14,10,1781
2014,12,14,11,1812
2014,12,14,12,1895
2014,12,14,13,1985
2014,12,14,14,2066
2014,12,14,15,2131
2014,12,14,16,2179
2014,12,14,17,2183
2014,12,14,18,2133
2014,12,14,19,2027
2014,12,14,20,1882
2014,12,14,21,1756
2014,12,14,22,1677
2014,12,14,23,1648
2014,12,15,0,1671
2014,12,15,1,1753
2014,12,15,2,1868
2014,12,15,3,1972
2014,12,15,4,2054
2014,12,15,5,2099
2014,12,15,6,2109
2014,12,15,7,2089
2014,12,15,8,2026
2014,12,15,9,1931
2014,12,15,10,1838
2014,12,15,11,1786
2014,12,15,12,1814
2014,12,15,13,1889
2014,12,15,14,1972
2014,12,15,15,2037
2014,12,15,16,2073
2014,12,15,17,2098
2014,12,15,18,2102
2014,12,15,19,2069
2014,12,15,20,1986
2014,12,15,21,1865
2014,12,15,22,1749
2014,12,15,23,1671
2014,12,16,0,1660
2014,12,16,1,1703
2014,12,16,2,1776
2014,12,16,3,1870
2014,12,16,4,1977
2014,12,16,5,2089
2014,12,16,6,2176
2014,12,16,7,2209
2014,12,16,8,2166
2014,12,16,9,2063
2014,12,16,10,1956
2014,12,16,11,1870
2014,12,16,12,1820
2014,12,16,13,1827
2014,12,16,14,1866
2014,12,16,15,1907
2014,12,16,16,1956
2014,12,16,17,2023
2014,12,16,18,2083
2014,12,16,19,2101
2014,12,16,20,2062
2014,12,16,21,1977
2014,12,16,22,1863
2014,12,16,23,1747
2014,12,17,0,1676
2014,12,17,1,1666
2014,12,17,2,1704
2014,12,17,3,1780
2014,12,17,4,1890
2014,12,17,5,2013
2014,12,17,6,2140
2014,12,17,7,2248
2014,12,17,8,2294
2014,12,17,9,2256
2014,12,17,10,2147
2014,12,17,11,2018
2014,12,17,12,1901
2014,12,17,13,1824
2014,12,17,14,1806
2014,12,17,15,1824
2014,12,17,16,1868
2014,12,17,17,1929
2014,12,17,18,2008
2014,12,17,19,2066
2014,12,17,20,2079
2014,12,17,21,2051
2014,12,17,22,1971
2014,12,17,23,1865
2014,12,18,0,1756
2014,12,18,1,1667
2014,12,18,2,1619
2014,12,18,3,1628
2014,12,18,4,1725
2014,12,18,5,1889
2014,12,18,6,2076
2014,12,18,7,2240
2014,12,18,8,2344
2014,12,18,9,2363
2014,12,18,10,2298
2014,12,18,11,2168
2014,12,18,12,2003
2014,12,18,13,1846
2014,12,18,14,1738
2014,12,18,15,1697
2014,12,18,16,1707
2014,12,18,17,1761
2014,12,18,18,1843
2014,12,18,19,1937
2014,12,18,20,2030
2014,12,18,21,2071
2014,12,18,22,2036
2014,12,18,23,1935
2014,12,19,0,1793
2014,12,19,1,1661
2014,12,19,2,1563
2014,12,19,3,1531
2014,12,19,4,1576
2014,12,19,5,1712
2014,12,19,6,1912
2014,12,19,7,2126
2014,12,19,8,2306
2014,12,19,9,2409
2014,12,19,10,2417
2014,12,19,11,2328
2014,12,19,12,2162
2014,12,19,13,1964
2014,12,19,14,1787
2014,12,19,15,1667
2014,12,19,16,1612
2014,12,19,17,1625
2014,12,19,18,1694
2014,12,19,19,1810
2014,12,19,20,1947
2014,12,19,21,2058
2014,12,19,22,2106
2014,12,19,23,2061
2014,12,20,0,1934
2014,12,20,1,1766
2014,12,20,2,1598
2014,12,20,3,1481
2014,12,20,4,1478
2014,12,20,5,1582
2014,12,20,6,1763
2014,12,20,7,1986
2014,12,20,8,2217
2014,12,20,9,2420
2014,12,20,10,2533
2014,12,20,11,2515
2014,12,20,12,2376
2014,12,20,13,2154
2014,12,20,14,1918
2014,12,20,15,1713
2014,12,20,16,1583
2014,12,20,17,1549
2014,12,20,18,1586
2014,12,20,19,1684
2014,12,20,20,1832
2014,12,20,21,1996
2014,12,20,22,2127
2014,12,20,23,2164
2014,12,21,0,2094
2014,12,21,1,1933
2014,12,21,2,1720
2014,12,21,3,1524
2014,12,21,4,1412
2014,12,21,5,1444
2014,12,21,6,1596
2014,12,21,7,1825
2014,12,21,8,2092
2014,12,21,9,2337
2014,12,21,10,2521
2014,12,21,11,2597
2014,12,21,12,2547
2014,12,21,13,2374
2014,12,21,14,2115
2014,12,21,15,1843
2014,12,21,16,1629
2014,12,21,17,1510
2014,12,21,18,1488
2014,12,21,19,1558
2014,12,21,20,1706
2014,12,21,21,1896
2014,12,21,22,2083
2014,12,21,23,2214
2014,12,22,0,2235
2014,12,22,1,2118
2014,12,22,2,1893
2014,12,22,3,1648
2014,12,22,4,1462
2014,12,22,5,1391
2014,12,22,6,1453
2014,12,22,7,1625
2014,12,22,8,1882
2014,12,22,9,2175
2014,12,22,10,2451
2014,12,22,11,2635
2014,12,22,12,2684
2014,12,22,13,2590
2014,12,22,14,2362
2014,12,22,15,2061
2014,12,22,16,1768
2014,12,22,17,1561
2014,12,22,18,1475
2014,12,22,19,1493
2014,12,22,20,1597
2014,12,22,21,1782
2014,12,22,22,2010
2014,12,22,23,2199
2014,12,23,0,2284
2014,12,23,1,2255
2014,12,23,2,2102
2014,12,23,3,1852
2014,12,23,4,1599
2014,12,23,5,1428
2014,12,23,6,1419
2014,12,23,7,1542
2014,12,23,8,1767
2014,12,23,9,2036
2014,12,23,10,2313
2014,12,23,11,2553
2014,12,23,12,2699
2014,12,23,13,2725
2014,12,23,14,2603
2014,12,23,15,2334
2014,12,23,16,2001
2014,12,23,17,1713
2014,12,23,18,1543
2014,12,23,19,1497
2014,12,23,20,1550
2014,12,23,21,1699
2014,12,23,22,1908
2014,12,23,23,2132
2014,12,24,0,2334
2014,12,24,1,2424
2014,12,24,2,2349
2014,12,24,3,2103
2014,12,24,4,1810
2014,12,24,5,1568
2014,12,24,6,1447
2014,12,24,7,1484
2014,12,24,8,1639
2014,12,24,9,1863
2014,12,24,10,2119
2014,12,24,11,2372
2014,12,24,12,2605
2014,12,24,13,2762
2014,12,24,14,2751
2014,12,24,15,2574
2014,12,24,16,2257
2014,12,24,17,1910
2014,12,24,18,1633
2014,12,24,19,1486
2014,12,24,20,1469
2014,12,24,21,1552
2014,12,24,22,1737
2014,12,24,23,1985
2014,12,25,0,2220
2014,12,25,1,2374
2014,12,25,2,2392
2014,12,25,3,2264
2014,12,25,4,2034
2014,12,25,5,1773
2014,12,25,6,1564
2014,12,25,7,1480
2014,12,25,8,1529
2014,12,25,9,1690
2014,12,25,10,1937
2014,12,25,11,2243
2014,12,25,12,2535
2014,12,25,13,2742
2014,12,25,14,2832
2014,12,25,15,2773
2014,12,25,16,2551
2014,12,25,17,2220
2014,12,25,18,1886
2014,12,25,19,1634
2014,12,25,20,1522
2014,12,25,21,1540
2014,12,25,22,1668
2014,12,25,23,1875
2014,12,26,0,2113
2014,12,26,1,2332
2014,12,26,2,2458
2014,12,26,3,2470
2014,12,26,4,2331
2014,12,26,5,2101
2014,12,26,6,1854
2014,12,26,7,1672
2014,12,26,8,1620
2014,12,26,9,1692
2014,12,26,10,1852
2014,12,26,11,2082
2014,12,26,12,2347
2014,12,26,13,2596
2014,12,26,14,2770
2014,12,26,15,2824
2014,12,26,16,2712
2014,12,26,17,2442
2014,12,26,18,2103
2014,12,26,19,1800
2014,12,26,20,1605
2014,12,26,21,1552
2014,12,26,22,1610
2014,12,26,23,1744
2014,12,27,0,1953
2014,12,27,1,2176
2014,12,27,2,2361
2014,12,27,3,2466
2014,12,27,4,2456
2014,12,27,5,2326
2014,12,27,6,2112
2014,12,27,7,1894
2014,12,27,8,1741
2014,12,27,9,1703
2014,12,27,10,1774
2014,12,27,11,1932
2014,12,27,12,2144
2014,12,27,13,2355
2014,12,27,14,2520
2014,12,27,15,2613
2014,12,27,16,2619
2014,12,27,17,2506
2014,12,27,18,2261
2014,12,27,19,1951
2014,12,27,20,1678
2014,12,27,21,1528
2014,12,27,22,1521
2014,12,27,23,1630
2014,12,28,0,1810
2014,12,28,1,2016
2014,12,28,2,2204
2014,12,28,3,2355
2014,12,28,4,2446
2014,12,28,5,2456
2014,12,28,6,2357
2014,12,28,7,2164
2014,12,28,8,1971
2014,12,28,9,1840
2014,12,28,10,1814
2014,12,28,11,1885
2014,12,28,12,2006
2014,12,28,13,2155
2014,12,28,14,2313
2014,12,28,15,2443
2014,12,28,16,2508
2014,12,28,17,2487
2014,12,28,18,2361
2014,12,28,19,2138
2014,12,28,20,1893
2014,12,28,21,1710
2014,12,28,22,1621
2014,12,28,23,1629
2014,12,29,0,1727
2014,12,29,1,1912
2014,12,29,2,2091
2014,12,29,3,2272
2014,12,29,4,2419
2014,12,29,5,2514
2014,12,29,6,2527
2014,12,29,7,2427
2014,12,29,8,2255
2014,12,29,9,2069
2014,12,29,10,1936
2014,12,29,11,1896
2014,12,29,12,1937
2014,12,29,13,2025
2014,12,29,14,2129
2014,12,29,15,2227
2014,12,29,16,2306
2014,12,29,17,2362
2014,12,29,18,2364
2014,12,29,19,2264
2014,12,29,20,2059
2014,12,29,21,1847
2014,12,29,22,1692
2014,12,29,23,1630
2014,12,30,0,1673
2014,12,30,1,1787
2014,12,30,2,1922
2014,12,30,3,2070
2014,12,30,4,2234
2014,12,30,5,2405
2014,12,30,6,2528
2014,12,30,7,2543
2014,12,30,8,2438
2014,12,30,9,2262
2014,12,30,10,2093
2014,12,30,11,1983
2014,12,30,12,1938
2014,12,30,13,1936
2014,12,30,14,1961
2014,12,30,15,2001
2014,12,30,16,2066
2014,12,30,17,2151
2014,12,30,18,2227
2014,12,30,19,2242
2014,12,30,20,2172
2014,12,30,21,2019
2014,12,30,22,1849
2014,12,30,23,1723
2014,12,31,0,1675
2014,12,31,1,1715
2014,12,31,2,1786
2014,12,31,3,1892
2014,12,31,4,2041
2014,12,31,5,2230
2014,12,31,6,2414
2014,12,31,7,2532
2014,12,31,8,2546
2014,12,31,9,2454
2014,12,31,10,2301
2014,12,31,11,2139
2014,12,31,12,2009
2014,12,31,13,1919
2014,12,31,14,1877
2014,12,31,15,1877
2014,12,31,16,1916
2014,12,31,17,1986
2014,12,31,18,2074
2014,12,31,19,2154
2014,12,31,20,2186
2014,12,31,21,2138
2014,12,31,22,2020
2014,12,31,23,1878
2015,1,1,0,1763
2015,1,1,1,1715
2015,1,1,2,1729
2015,1,1,3,1802
2015,1,1,4,1936
2015,1,1,5,2114
2015,1,1,6,2315
2015,1,1,7,2487
2015,1,1,8,2594
2015,1,1,9,2606
2015,1,1,10,2509
2015,1,1,11,2336
2015,1,1,12,2149
2015,1,1,13,1991
2015,1,1,14,1883
2015,1,1,15,1827
2015,1,1,16,1817
2015,1,1,17,1863
2015,1,1,18,1936
2015,1,1,19,2040
2015,1,1,20,2143
2015,1,1,21,2193
2015,1,1,22,2149
2015,1,1,23,2034
2015,1,2,0,1908
2015,1,2,1,1813
2015,1,2,2,1749
2015,1,2,3,1740
2015,1,2,4,1809
2015,1,2,5,1956
2015,1,2,6,2156
2015,1,2,7,2360
2015,1,2,8,2521
2015,1,2,9,2614
2015,1,2,10,2614
2015,1,2,11,2525
2015,1,2,12,2371
2015,1,2,13,2182
2015,1,2,14,1997
2015,1,2,15,1850
2015,1,2,16,1774
2015,1,2,17,1770
2015,1,2,18,1823
2015,1,2,19,1915
2015,1,2,20,2041
2015,1,2,21,2163
2015,1,2,22,2225
2015,1,2,23,2202
2015,1,3,0,2097
2015,1,3,1,1941
2015,1,3,2,1786
2015,1,3,3,1694
2015,1,3,4,1694
2015,1,3,5,1789
2015,1,3,6,1954
2015,1,3,7,2166
2015,1,3,8,2381
2015,1,3,9,2550
2015,1,3,10,2634
2015,1,3,11,2622
2015,1,3,12,2530
2015,1,3,13,2354
2015,1,3,14,2148
2015,1,3,15,1903
2015,1,3,16,1745
2015,1,3,17,1654
2015,1,3,18,1659
2015,1,3,19,1754
2015,1,3,20,1901
2015,1,3,21,2061
2015,1,3,22,2181
2015,1,3,23,2216
2015,1,4,0,2170
2015,1,4,1,2031
2015,1,4,2,1854
2015,1,4,3,1678
2015,1,4,4,1592
2015,1,4,5,1618
2015,1,4,6,1741
2015,1,4,7,1939
2015,1,4,8,2172
2015,1,4,9,2397
2015,1,4,10,2564
2015,1,4,11,2642
2015,1,4,12,2613
2015,1,4,13,2473
2015,1,4,14,2250
2015,1,4,15,1984
2015,1,4,16,1753
2015,1,4,17,1602
2015,1,4,18,1567
2015,1,4,19,1619
2015,1,4,20,1747
2015,1,4,21,1937
2015,1,4,22,2128
2015,1,4,23,2264
2015,1,5,0,2286
2015,1,5,1,2186
2015,1,5,2,1989
2015,1,5,3,1777
2015,1,5,4,1629
2015,1,5,5,1588
2015,1,5,6,1662
2015,1,5,7,1822
2015,1,5,8,2042
2015,1,5,9,2283
2015,1,5,10,2498
2015,1,5,11,2649
2015,1,5,12,2695
2015,1,5,13,2625
2015,1,5,14,2431
2015,1,5,15,2159
2015,1,5,16,1876
2015,1,5,17,1665
2015,1,5,18,1560
2015,1,5,19,1565
2015,1,5,20,1675
2015,1,5,21,1867
2015,1,5,22,2071
2015,1,5,23,2235
2015,1,6,0,2325
2015,1,6,1,2294
2015,1,6,2,2145
2015,1,6,3,1930
2015,1,6,4,1744
2015,1,6,5,1624
2015,1,6,6,1607
2015,1,6,7,1700
2015,1,6,8,1882
2015,1,6,9,2132
2015,1,6,10,2392
2015,1,6,11,2600
2015,1,6,12,2708
2015,1,6,13,2700
2015,1,6,14,2567
2015,1,6,15,2323
2015,1,6,16,2021
2015,1,6,17,1749
2015,1,6,18,1584
2015,1,6,19,1537
2015,1,6,20,1601
2015,1,6,21,1753
2015,1,6,22,1948
2015,1,6,23,2153
2015,1,7,0,2294
2015,1,7,1,2328
2015,1,7,2,2236
2015,1,7,3,2047
2015,1,7,4,1833
2015,1,7,5,1655
2015,1,7,6,1570
2015,1,7,7,1595
2015,1,7,8,1726
2015,1,7,9,1942
2015,1,7,10,2198
2015,1,7,11,2437
2015,1,7,12,2599
2015,1,7,13,2647
2015,1,7,14,2578
2015,1,7,15,2387
2015,1,7,16,2120
2015,1,7,17,1841
2015,1,7,18,1621
2015,1,7,19,1500
2015,1,7,20,1489
2015,1,7,21,1597
2015,1,7,22,1789
2015,1,7,23,2006
2015,1,8,0,2191
2015,1,8,1,2288
2015,1,8,2,2256
2015,1,8,3,2103
2015,1,8,4,1895
2015,1,8,5,1693
2015,1,8,6,1562
2015,1,8,7,1536
2015,1,8,8,1613
2015,1,8,9,1778
2015,1,8,10,2004
2015,1,8,11,2239
2015,1,8,12,2436
2015,1,8,13,2561
2015,1,8,14,2574
2015,1,8,15,2451
2015,1,8,16,2205
2015,1,8,17,1917
2015,1,8,18,1659
2015,1,8,19,1495
2015,1,8,20,1462
2015,1,8,21,1528
2015,1,8,22,1685
2015,1,8,23,1882
2015,1,9,0,2062
2015,1,9,1,2201
2015,1,9,2,2258
2015,1,9,3,2196
2015,1,9,4,2042
2015,1,9,5,1841
2015,1,9,6,1655
2015,1,9,7,1559
2015,1,9,8,1583
2015,1,9,9,1703
2015,1,9,10,1882
2015,1,9,11,2090
2015,1,9,12,2295
2015,1,9,13,2452
2015,1,9,14,2517
2015,1,9,15,2463
2015,1,9,16,2288
2015,1,9,17,2030
2015,1,9,18,1757
2015,1,9,19,1540
2015,1,9,20,1441
2015,1,9,21,1465
2015,1,9,22,1587
2015,1,9,23,1787
2015,1,10,0,1988
2015,1,10,1,2146
2015,1,10,2,2236
2015,1,10,3,2237
2015,1,10,4,2154
2015,1,10,5,1990
2015,1,10,6,1789
2015,1,10,7,1625
2015,1,10,8,1567
2015,1,10,9,1625
2015,1,10,10,1767
2015,1,10,11,1965
2015,1,10,12,2159
2015,1,10,13,2316
2015,1,10,14,2400
2015,1,10,15,2397
2015,1,10,16,2307
2015,1,10,17,2121
2015,1,10,18,1874
2015,1,10,19,1641
2015,1,10,20,1492
2015,1,10,21,1458
2015,1,10,22,1533
2015,1,10,23,1693
2015,1,11,0,1886
2015,1,11,1,2049
2015,1,11,2,2157
2015,1,11,3,2211
2015,1,11,4,2207
2015,1,11,5,2128
2015,1,11,6,1968
2015,1,11,7,1780
2015,1,11,8,1654
2015,1,11,9,1639
2015,1,11,10,1720
2015,1,11,11,1861
2015,1,11,12,2022
2015,1,11,13,2179
2015,1,11,14,2288
2015,1,11,15,2320
2015,1,11,16,2269
2015,1,11,17,2147
2015,1,11,18,1966
2015,1,11,19,1767
2015,1,11,20,1601
2015,1,11,21,1512
2015,1,11,22,1513
2015,1,11,23,1599
2015,1,12,0,1752
2015,1,12,1,1931
2015,1,12,2,2081
2015,1,12,3,2160
2015,1,12,4,2174
2015,1,12,5,2135
2015,1,12,6,2043
2015,1,12,7,1909
2015,1,12,8,1781
2015,1,12,9,1694
2015,1,12,10,1688
2015,1,12,11,1767
2015,1,12,12,1896
2015,1,12,13,2041
2015,1,12,14,2151
2015,1,12,15,2202
2015,1,12,16,2193
2015,1,12,17,2136
2015,1,12,18,2032
2015,1,12,19,1879
2015,1,12,20,1709
2015,1,12,21,1581
2015,1,12,22,1534
2015,1,12,23,1572
2015,1,13,0,1695
2015,1,13,1,1852
2015,1,13,2,1989
2015,1,13,3,2091
2015,1,13,4,2162
2015,1,13,5,2205
2015,1,13,6,2184
2015,1,13,7,2089
2015,1,13,8,1953
2015,1,13,9,1821
2015,1,13,10,1747
2015,1,13,11,1762
2015,1,13,12,1838
2015,1,13,13,1938
2015,1,13,14,2022
2015,1,13,15,2079
2015,1,13,16,2103
2015,1,13,17,2102
2015,1,13,18,2051
2015,1,13,19,1940
2015,1,13,20,1787
2015,1,13,21,1643
2015,1,13,22,1566
2015,1,13,23,1563
2015,1,14,0,1615
2015,1,14,1,1708
2015,1,14,2,1818
2015,1,14,3,1926
2015,1,14,4,2036
2015,1,14,5,2142
2015,1,14,6,2192
2015,1,14,7,2158
2015,1,14,8,2046
2015,1,14,9,1913
2015,1,14,10,1810
2015,1,14,11,1771
2015,1,14,12,1788
2015,1,14,13,1825
2015,1,14,14,1865
2015,1,14,15,1898
2015,1,14,16,1941
2015,1,14,17,1985
2015,1,14,18,1992
2015,1,14,19,1959
2015,1,14,20,1877
2015,1,14,21,1761
2015,1,14,22,1643
2015,1,14,23,1567
2015,1,15,0,1565
2015,1,15,1,1631
2015,1,15,2,1736
2015,1,15,3,1838
2015,1,15,4,1940
2015,1,15,5,2054
2015,1,15,6,2166
2015,1,15,7,2236
2015,1,15,8,2222
2015,1,15,9,2127
2015,1,15,10,1985
2015,1,15,11,1870
2015,1,15,12,1812
2015,1,15,13,1788
2015,1,15,14,1791
2015,1,15,15,1801
2015,1,15,16,1832
2015,1,15,17,1889
2015,1,15,18,1947
2015,1,15,19,1979
2015,1,15,20,1949
2015,1,15,21,1866
2015,1,15,22,1752
2015,1,15,23,1656
2015,1,16,0,1600
2015,1,16,1,1601
2015,1,16,2,1637
2015,1,16,3,1707
2015,1,16,4,1824
2015,1,16,5,1983
2015,1,16,6,2160
2015,1,16,7,2298
2015,1,16,8,2350
2015,1,16,9,2303
2015,1,16,10,2180
2015,1,16,11,2045
2015,1,16,12,1921
2015,1,16,13,1816
2015,1,16,14,1740
2015,1,16,15,1706
2015,1,16,16,1707
2015,1,16,17,1764
2015,1,16,18,1861
2015,1,16,19,1963
2015,1,16,20,2025
2015,1,16,21,2007
2015,1,16,22,1922
2015,1,16,23,1799
2015,1,17,0,1691
2015,1,17,1,1615
2015,1,17,2,1565
2015,1,17,3,1571
2015,1,17,4,1664
2015,1,17,5,1817
2015,1,17,6,2024
2015,1,17,7,2227
2015,1,17,8,2368
2015,1,17,9,2421
2015,1,17,10,2386
2015,1,17,11,2275
2015,1,17,12,2088
2015,1,17,13,1892
2015,1,17,14,1742
2015,1,17,15,1633
2015,1,17,16,1592
2015,1,17,17,1624
2015,1,17,18,1711
2015,1,17,19,1823
2015,1,17,20,1933
2015,1,17,21,2005
2015,1,17,22,2006
2015,1,17,23,1922
2015,1,18,0,1786
2015,1,18,1,1643
2015,1,18,2,1532
2015,1,18,3,1480
2015,1,18,4,1509
2015,1,18,5,1626
2015,1,18,6,1813
2015,1,18,7,2051
2015,1,18,8,2290
2015,1,18,9,2463
2015,1,18,10,2507
2015,1,18,11,2430
2015,1,18,12,2269
2015,1,18,13,2058
2015,1,18,14,1845
2015,1,18,15,1661
2015,1,18,16,1525
2015,1,18,17,1486
2015,1,18,18,1538
2015,1,18,19,1665
2015,1,18,20,1836
2015,1,18,21,1995
2015,1,18,22,2084
2015,1,18,23,2060
2015,1,19,0,1938
2015,1,19,1,1763
2015,1,19,2,1566
2015,1,19,3,1420
2015,1,19,4,1370
2015,1,19,5,1437
2015,1,19,6,1607
2015,1,19,7,1839
2015,1,19,8,2105
2015,1,19,9,2350
2015,1,19,10,2515
2015,1,19,11,2545
2015,1,19,12,2440
2015,1,19,13,2229
2015,1,19,14,1973
2015,1,19,15,1720
2015,1,19,16,1523
2015,1,19,17,1423
2015,1,19,18,1407
2015,1,19,19,1480
2015,1,19,20,1640
2015,1,19,21,1845
2015,1,19,22,2029
2015,1,19,23,2130
2015,1,20,0,2102
2015,1,20,1,1969
2015,1,20,2,1745
2015,1,20,3,1509
2015,1,20,4,1342
2015,1,20,5,1292
2015,1,20,6,1398
2015,1,20,7,1616
2015,1,20,8,1901
2015,1,20,9,2186
2015,1,20,10,2424
2015,1,20,11,2571
2015,1,20,12,2571
2015,1,20,13,2428
2015,1,20,14,2172
2015,1,20,15,1868
2015,1,20,16,1558
2015,1,20,17,1378
2015,1,20,18,1305
2015,1,20,19,1343
2015,1,20,20,1480
2015,1,20,21,1699
2015,1,20,22,1925
2015,1,20,23,2104
2015,1,21,0,2177
2015,1,21,1,2126
2015,1,21,2,1943
2015,1,21,3,1682
2015,1,21,4,1430
2015,1,21,5,1265
2015,1,21,6,1254
2015,1,21,7,1391
2015,1,21,8,1635
2015,1,21,9,1935
2015,1,21,10,2229
2015,1,21,11,2463
2015,1,21,12,2582
2015,1,21,13,2553
2015,1,21,14,2367
2015,1,21,15,2059
2015,1,21,16,1714
2015,1,21,17,1435
2015,1,21,18,1277
2015,1,21,19,1252
2015,1,21,20,1352
2015,1,21,21,1544
2015,1,21,22,1791
2015,1,21,23,2029
2015,1,22,0,2205
2015,1,22,1,2265
2015,1,22,2,2159
2015,1,22,3,1908
2015,1,22,4,1601
2015,1,22,5,1344
2015,1,22,6,1214
2015,1,22,7,1235
2015,1,22,8,1383
2015,1,22,9,1642
2015,1,22,10,1949
2015,1,22,11,2244
2015,1,22,12,2478
2015,1,22,13,2579
2015,1,22,14,2513
2015,1,22,15,2266
2015,1,22,16,1915
2015,1,22,17,1573
2015,1,22,18,1326
2015,1,22,19,1223
2015,1,22,20,1257
2015,1,22,21,1397
2015,1,22,22,1616
2015,1,22,23,1879
2015,1,23,0,2138
2015,1,23,1,2304
2015,1,23,2,2315
2015,1,23,3,2153
2015,1,23,4,1877
2015,1,23,5,1577
2015,1,23,6,1341
2015,1,23,7,1231
2015,1,23,8,1260
2015,1,23,9,1423
2015,1,23,10,1690
2015,1,23,11,1996
2015,1,23,12,2253
2015,1,23,13,2433
2015,1,23,14,2476
2015,1,23,15,2368
2015,1,23,16,2113
2015,1,23,17,1771
2015,1,23,18,1449
2015,1,23,19,1237
2015,1,23,20,1201
2015,1,23,21,1297
2015,1,23,22,1466
2015,1,23,23,1696
2015,1,24,0,1954
2015,1,24,1,2202
2015,1,24,2,2355
2015,1,24,3,2333
2015,1,24,4,2138
2015,1,24,5,1849
2015,1,24,6,1575
2015,1,24,7,1378
2015,1,24,8,1305
2015,1,24,9,1346
2015,1,24,10,1480
2015,1,24,11,1712
2015,1,24,12,1967
2015,1,24,13,2201
2015,1,24,14,2339
2015,1,24,15,2326
2015,1,24,16,2183
2015,1,24,17,1932
2015,1,24,18,1636
2015,1,24,19,1355
2015,1,24,20,1196
2015,1,24,21,1209
2015,1,24,22,1332
2015,1,24,23,1538
2015,1,25,0,1774
2015,1,25,1,2007
2015,1,25,2,2203
2015,1,25,3,2311
2015,1,25,4,2278
2015,1,25,5,2090
2015,1,25,6,1842
2015,1,25,7,1608
2015,1,25,8,1460
2015,1,25,9,1420
2015,1,25,10,1454
2015,1,25,11,1567
2015,1,25,12,1762
2015,1,25,13,1986
2015,1,25,14,2170
2015,1,25,15,2248
2015,1,25,16,2194
2015,1,25,17,2036
2015,1,25,18,1808
2015,1,25,19,1541
2015,1,25,20,1326
2015,1,25,21,1243
2015,1,25,22,1311
2015,1,25,23,1470
2015,1,26,0,1687
2015,1,26,1,1911
2015,1,26,2,2090
2015,1,26,3,2222
2015,1,26,4,2291
2015,1,26,5,2252
2015,1,26,6,2100
2015,1,26,7,1882
2015,1,26,8,1663
2015,1,26,9,1537
2015,1,26,10,1508
2015,1,26,11,1549
2015,1,26,12,1654
2015,1,26,13,1805
2015,1,26,14,1955
2015,1,26,15,2046
2015,1,26,16,2066
2015,1,26,17,2020
2015,1,26,18,1897
2015,1,26,19,1706
2015,1,26,20,1493
2015,1,26,21,1330
2015,1,26,22,1270
2015,1,26,23,1339
2015,1,27,0,1502
2015,1,27,1,1708
2015,1,27,2,1898
2015,1,27,3,2038
2015,1,27,4,2146
2015,1,27,5,2214
2015,1,27,6,2200
2015,1,27,7,2088
2015,1,27,8,1906
2015,1,27,9,1721
2015,1,27,10,1607
2015,1,27,11,1581
2015,1,27,12,1626
2015,1,27,13,1719
2015,1,27,14,1813
2015,1,27,15,1885
2015,1,27,16,1950
2015,1,27,17,1982
2015,1,27,18,1956
2015,1,27,19,1840
2015,1,27,20,1672
2015,1,27,21,1482
2015,1,27,22,1376
2015,1,27,23,1366
2015,1,28,0,1451
2015,1,28,1,1598
2015,1,28,2,1755
2015,1,28,3,1887
2015,1,28,4,2004
2015,1,28,5,2115
2015,1,28,6,2191
2015,1,28,7,2188
2015,1,28,8,2079
2015,1,28,9,1916
2015,1,28,10,1760
2015,1,28,11,1654
2015,1,28,12,1615
2015,1,28,13,1630
2015,1,28,14,1681
2015,1,28,15,1740
2015,1,28,16,1785
2015,1,28,17,1816
2015,1,28,18,1834
2015,1,28,19,1831
2015,1,28,20,1764
2015,1,28,21,1648
2015,1,28,22,1509
2015,1,28,23,1406
2015,1,29,0,1385
2015,1,29,1,1452
2015,1,29,2,1572
2015,1,29,3,1697
2015,1,29,4,1825
2015,1,29,5,1954
2015,1,29,6,2069
2015,1,29,7,2131
2015,1,29,8,2118
2015,1,29,9,2042
2015,1,29,10,1922
2015,1,29,11,1799
2015,1,29,12,1678
2015,1,29,13,1602
2015,1,29,14,1579
2015,1,29,15,1594
2015,1,29,16,1635
2015,1,29,17,1684
2015,1,29,18,1744
2015,1,29,19,1786
2015,1,29,20,1784
2015,1,29,21,1728
2015,1,29,22,1631
2015,1,29,23,1532
2015,1,30,0,1468
2015,1,30,1,1454
2015,1,30,2,1480
2015,1,30,3,1532
2015,1,30,4,1623
2015,1,30,5,1775
2015,1,30,6,1944
2015,1,30,7,2085
2015,1,30,8,2166
2015,1,30,9,2149
2015,1,30,10,2057
2015,1,30,11,1925
2015,1,30,12,1799
2015,1,30,13,1684
2015,1,30,14,1591
2015,1,30,15,1542
2015,1,30,16,1544
2015,1,30,17,1572
2015,1,30,18,1630
2015,1,30,19,1714
2015,1,30,20,1800
2015,1,30,21,1849
2015,1,30,22,1820
2015,1,30,23,1724
2015,1,31,0,1592
2015,1,31,1,1499
2015,1,31,2,1468
2015,1,31,3,1484
2015,1,31,4,1542
2015,1,31,5,1636
2015,1,31,6,1785
2015,1,31,7,1970
2015,1,31,8,2144
2015,1,31,9,2246
2015,1,31,10,2242
2015,1,31,11,2132
2015,1,31,12,1973
2015,1,31,13,1809
2015,1,31,14,1654
2015,1,31,15,1544
2015,1,31,16,1480
2015,1,31,17,1463
2015,1,31,18,1506
2015,1,31,19,1596
2015,1,31,20,1725
2015,1,31,21,1841
2015,1,31,22,1895
2015,1,31,23,1864
2015,2,1,0,1755
2015,2,1,1,1648
2015,2,1,2,1502
2015,2,1,3,1448
2015,2,1,4,1452
2015,2,1,5,1477
2015,2,1,6,1628
2015,2,1,7,1784
2015,2,1,8,1974
2015,2,1,9,2131
2015,2,1,10,2219
2015,2,1,11,2205
2015,2,1,12,2073
2015,2,1,13,1881
2015,2,1,14,1690
2015,2,1,15,1500
2015,2,1,16,1382
2015,2,1,17,1378
2015,2,1,18,1398
2015,2,1,19,1458
2015,2,1,20,1593
2015,2,1,21,1767
2015,2,1,22,1891
2015,2,1,23,1922
2015,2,2,0,1868
2015,2,2,1,1715
2015,2,2,2,1582
2015,2,2,3,1410
2015,2,2,4,1381
2015,2,2,5,1385
2015,2,2,6,1488
2015,2,2,7,1654
2015,2,2,8,1860
2015,2,2,9,2035
2015,2,2,10,2185
2015,2,2,11,2230
2015,2,2,12,2208
2015,2,2,13,2037
2015,2,2,14,1826
2015,2,2,15,1571
2015,2,2,16,1407
2015,2,2,17,1313
2015,2,2,18,1307
2015,2,2,19,1381
2015,2,2,20,1501
2015,2,2,21,1686
2015,2,2,22,1837
2015,2,2,23,1974
2015,2,3,0,1971
2015,2,3,1,1862
2015,2,3,2,1668
2015,2,3,3,1472
2015,2,3,4,1346
2015,2,3,5,1294
2015,2,3,6,1340
2015,2,3,7,1547
2015,2,3,8,1736
2015,2,3,9,1943
2015,2,3,10,2128
2015,2,3,11,2249
2015,2,3,12,2240
2015,2,3,13,2168
2015,2,3,14,1964
2015,2,3,15,1714
2015,2,3,16,1463
2015,2,3,17,1295
2015,2,3,18,1243
2015,2,3,19,1308
2015,2,3,20,1445
2015,2,3,21,1628
2015,2,3,22,1827
2015,2,3,23,1941
2015,2,4,0,2017
2015,2,4,1,1983
2015,2,4,2,1853
2015,2,4,3,1625
2015,2,4,4,1400
2015,2,4,5,1276
2015,2,4,6,1289
2015,2,4,7,1439
2015,2,4,8,1647
2015,2,4,9,1868
2015,2,4,10,2068
2015,2,4,11,2219
2015,2,4,12,2271
2015,2,4,13,2212
2015,2,4,14,2101
2015,2,4,15,1839
2015,2,4,16,1579
2015,2,4,17,1314
2015,2,4,18,1237
2015,2,4,19,1241
2015,2,4,20,1361
2015,2,4,21,1519
2015,2,4,22,1707
2015,2,4,23,1889
2015,2,5,0,1958
2015,2,5,1,2005
2015,2,5,2,1892
2015,2,5,3,1753
2015,2,5,4,1522
2015,2,5,5,1367
2015,2,5,6,1279
2015,2,5,7,1340
2015,2,5,8,1491
2015,2,5,9,1741
2015,2,5,10,1996
2015,2,5,11,2118
2015,2,5,12,2195
2015,2,5,13,2228
2015,2,5,14,2163
2015,2,5,15,1900
2015,2,5,16,1648
2015,2,5,17,1430
2015,2,5,18,1182
2015,2,5,19,1170
2015,2,5,20,1232
2015,2,5,21,1383
2015,2,5,22,1596
2015,2,5,23,1809
2015,2,6,0,1939
2015,2,6,1,2050
2015,2,6,2,2023
2015,2,6,3,1872
2015,2,6,4,1692
2015,2,6,5,1431
2015,2,6,6,1283
2015,2,6,7,1299
2015,2,6,8,1402
2015,2,6,9,1602
2015,2,6,10,1861
2015,2,6,11,2076
2015,2,6,12,2214
2015,2,6,13,2286
2015,2,6,14,2195
2015,2,6,15,2084
2015,2,6,16,1853
2015,2,6,17,1532
2015,2,6,18,1331
2015,2,6,19,1205
2015,2,6,20,1252
2015,2,6,21,1384
2015,2,6,22,1599
2015,2,6,23,1804
2015,2,7,0,1980
2015,2,7,1,2080
2015,2,7,2,2104
2015,2,7,3,1939
2015,2,7,4,1794
2015,2,7,5,1568
2015,2,7,6,1391
2015,2,7,7,1290
2015,2,7,8,1343
2015,2,7,9,1512
2015,2,7,10,1714
2015,2,7,11,1952
2015,2,7,12,2108
2015,2,7,13,2211
2015,2,7,14,2211
2015,2,7,15,2118
2015,2,7,16,1915
2015,2,7,17,1675
2015,2,7,18,1405
2015,2,7,19,1238
2015,2,7,20,1189
2015,2,7,21,1295
2015,2,7,22,1479
2015,2,7,23,1669
2015,2,8,0,1877
2015,2,8,1,1997
2015,2,8,2,2050
2015,2,8,3,2018
2015,2,8,4,1849
2015,2,8,5,1645
2015,2,8,6,1449
2015,2,8,7,1326
2015,2,8,8,1316
2015,2,8,9,1369
2015,2,8,10,1571
2015,2,8,11,1773
2015,2,8,12,1990
2015,2,8,13,2120
2015,2,8,14,2147
2015,2,8,15,2103
2015,2,8,16,1939
2015,2,8,17,1703
2015,2,8,18,1499
2015,2,8,19,1308
2015,2,8,20,1196
2015,2,8,21,1264
2015,2,8,22,1423
2015,2,8,23,1631
2015,2,9,0,1846
2015,2,9,1,2012
2015,2,9,2,2075
2015,2,9,3,2068
2015,2,9,4,1976
2015,2,9,5,1820
2015,2,9,6,1615
2015,2,9,7,1414
2015,2,9,8,1353
2015,2,9,9,1366
2015,2,9,10,1487
2015,2,9,11,1702
2015,2,9,12,1878
2015,2,9,13,2025
2015,2,9,14,2100
2015,2,9,15,2076
2015,2,9,16,1965
2015,2,9,17,1814
2015,2,9,18,1562
2015,2,9,19,1350
2015,2,9,20,1245
2015,2,9,21,1248
2015,2,9,22,1345
2015,2,9,23,1500
2015,2,10,0,1690
2015,2,10,1,1894
2015,2,10,2,2007
2015,2,10,3,2050
2015,2,10,4,2030
2015,2,10,5,1911
2015,2,10,6,1757
2015,2,10,7,1561
2015,2,10,8,1433
2015,2,10,9,1361
2015,2,10,10,1436
2015,2,10,11,1577
2015,2,10,12,1769
2015,2,10,13,1901
2015,2,10,14,1987
2015,2,10,15,2023
2015,2,10,16,1965
2015,2,10,17,1818
2015,2,10,18,1679
2015,2,10,19,1485
2015,2,10,20,1316
2015,2,10,21,1285
2015,2,10,22,1340
2015,2,10,23,1442
2015,2,11,0,1586
2015,2,11,1,1797
2015,2,11,2,1944
2015,2,11,3,2027
2015,2,11,4,2059
2015,2,11,5,2018
2015,2,11,6,1885
2015,2,11,7,1727
2015,2,11,8,1561
2015,2,11,9,1484
2015,2,11,10,1482
2015,2,11,11,1527
2015,2,11,12,1636
2015,2,11,13,1753
2015,2,11,14,1855
2015,2,11,15,1927
2015,2,11,16,1953
2015,2,11,17,1868
2015,2,11,18,1739
2015,2,11,19,1528
2015,2,11,20,1410
2015,2,11,21,1320
2015,2,11,22,1325
2015,2,11,23,1375
2015,2,12,0,1474
2015,2,12,1,1677
2015,2,12,2,1821
2015,2,12,3,1939
2015,2,12,4,1975
2015,2,12,5,2007
2015,2,12,6,1953
2015,2,12,7,1873
2015,2,12,8,1736
2015,2,12,9,1612
2015,2,12,10,1535
2015,2,12,11,1541
2015,2,12,12,1583
2015,2,12,13,1657
2015,2,12,14,1747
2015,2,12,15,1798
2015,2,12,16,1836
2015,2,12,17,1807
2015,2,12,18,1756
2015,2,12,19,1657
2015,2,12,20,1536
2015,2,12,21,1431
2015,2,12,22,1400
2015,2,12,23,1430
2015,2,13,0,1458
2015,2,13,1,1584
2015,2,13,2,1724
2015,2,13,3,1839
2015,2,13,4,1919
2015,2,13,5,2006
2015,2,13,6,2037
2015,2,13,7,2003
2015,2,13,8,1887
2015,2,13,9,1753
2015,2,13,10,1617
2015,2,13,11,1590
2015,2,13,12,1585
2015,2,13,13,1588
2015,2,13,14,1632
2015,2,13,15,1657
2015,2,13,16,1683
2015,2,13,17,1721
2015,2,13,18,1747
2015,2,13,19,1709
2015,2,13,20,1644
2015,2,13,21,1552
2015,2,13,22,1460
2015,2,13,23,1457
2015,2,14,0,1455
2015,2,14,1,1477
2015,2,14,2,1602
2015,2,14,3,1712
2015,2,14,4,1820
2015,2,14,5,1959
2015,2,14,6,2060
2015,2,14,7,2107
2015,2,14,8,2078
2015,2,14,9,1962
2015,2,14,10,1880
2015,2,14,11,1726
2015,2,14,12,1672
2015,2,14,13,1624
2015,2,14,14,1598
2015,2,14,15,1604
2015,2,14,16,1628
2015,2,14,17,1689
2015,2,14,18,1740
2015,2,14,19,1732
2015,2,14,20,1753
2015,2,14,21,1699
2015,2,14,22,1659
2015,2,14,23,1558
2015,2,15,0,1474
2015,2,15,1,1458
2015,2,15,2,1490
2015,2,15,3,1566
2015,2,15,4,1680
2015,2,15,5,1851
2015,2,15,6,1966
2015,2,15,7,2144
2015,2,15,8,2201
2015,2,15,9,2183
2015,2,15,10,2147
2015,2,15,11,1983
2015,2,15,12,1819
2015,2,15,13,1675
2015,2,15,14,1562
2015,2,15,15,1513
2015,2,15,16,1521
2015,2,15,17,1564
2015,2,15,18,1657
2015,2,15,19,1734
2015,2,15,20,1833
2015,2,15,21,1850
2015,2,15,22,1824
2015,2,15,23,1753
2015,2,16,0,1639
2015,2,16,1,1478
2015,2,16,2,1454
2015,2,16,3,1439
2015,2,16,4,1508
2015,2,16,5,1661
2015,2,16,6,1865
2015,2,16,7,2031
2015,2,16,8,2188
2015,2,16,9,2298
2015,2,16,10,2310
2015,2,16,11,2174
2015,2,16,12,2036
2015,2,16,13,1774
2015,2,16,14,1609
2015,2,16,15,1485
2015,2,16,16,1442
2015,2,16,17,1423
2015,2,16,18,1523
2015,2,16,19,1669
2015,2,16,20,1814
2015,2,16,21,1984
2015,2,16,22,2037
2015,2,16,23,1972
2015,2,17,0,1880
2015,2,17,1,1687
2015,2,17,2,1517
2015,2,17,3,1424
2015,2,17,4,1401
2015,2,17,5,1482
2015,2,17,6,1670
2015,2,17,7,1884
2015,2,17,8,2114
2015,2,17,9,2333
2015,2,17,10,2416
2015,2,17,11,2390
2015,2,17,12,2281
2015,2,17,13,2011
2015,2,17,14,1790
2015,2,17,15,1564
2015,2,17,16,1381
2015,2,17,17,1332
2015,2,17,18,1353
2015,2,17,19,1487
2015,2,17,20,1708
2015,2,17,21,1907
2015,2,17,22,2096
2015,2,17,23,2172
2015,2,18,0,2100
2015,2,18,1,1922
2015,2,18,2,1720
2015,2,18,3,1510
2015,2,18,4,1365
2015,2,18,5,1369
2015,2,18,6,1446
2015,2,18,7,1599
2015,2,18,8,1846
2015,2,18,9,2115
2015,2,18,10,2353
2015,2,18,11,2475
2015,2,18,12,2444
2015,2,18,13,2240
2015,2,18,14,1951
2015,2,18,15,1638
2015,2,18,16,1356
2015,2,18,17,1199
2015,2,18,18,1185
2015,2,18,19,1274
2015,2,18,20,1490
2015,2,18,21,1753
2015,2,18,22,2000
2015,2,18,23,2183
2015,2,19,0,2270
2015,2,19,1,2163
2015,2,19,2,1942
2015,2,19,3,1670
2015,2,19,4,1437
2015,2,19,5,1290
2015,2,19,6,1292
2015,2,19,7,1427
2015,2,19,8,1658
2015,2,19,9,1940
2015,2,19,10,2226
2015,2,19,11,2469
2015,2,19,12,2576
2015,2,19,13,2501
2015,2,19,14,2246
2015,2,19,15,1884
2015,2,19,16,1551
2015,2,19,17,1318
2015,2,19,18,1205
2015,2,19,19,1225
2015,2,19,20,1346
2015,2,19,21,1595
2015,2,19,22,1881
2015,2,19,23,2148
2015,2,20,0,2348
2015,2,20,1,2365
2015,2,20,2,2196
2015,2,20,3,1901
2015,2,20,4,1600
2015,2,20,5,1367
2015,2,20,6,1262
2015,2,20,7,1292
2015,2,20,8,1425
2015,2,20,9,1672
2015,2,20,10,1995
2015,2,20,11,2299
2015,2,20,12,2509
2015,2,20,13,2545
2015,2,20,14,2406
2015,2,20,15,2080
2015,2,20,16,1736
2015,2,20,17,1429
2015,2,20,18,1193
2015,2,20,19,1146
2015,2,20,20,1207
2015,2,20,21,1420
2015,2,20,22,1712
2015,2,20,23,2017
2015,2,21,0,2254
2015,2,21,1,2397
2015,2,21,2,2339
2015,2,21,3,2128
2015,2,21,4,1800
2015,2,21,5,1506
2015,2,21,6,1306
2015,2,21,7,1244
2015,2,21,8,1281
2015,2,21,9,1424
2015,2,21,10,1717
2015,2,21,11,2025
2015,2,21,12,2352
2015,2,21,13,2444
2015,2,21,14,2467
2015,2,21,15,2260
2015,2,21,16,1935
2015,2,21,17,1585
2015,2,21,18,1282
2015,2,21,19,1144
2015,2,21,20,1190
2015,2,21,21,1310
2015,2,21,22,1557
2015,2,21,23,1855
2015,2,22,0,2135
2015,2,22,1,2341
2015,2,22,2,2429
2015,2,22,3,2382
2015,2,22,4,2085
2015,2,22,5,1779
2015,2,22,6,1458
2015,2,22,7,1266
2015,2,22,8,1287
2015,2,22,9,1367
2015,2,22,10,1599
2015,2,22,11,1781
2015,2,22,12,2027
2015,2,22,13,2243
2015,2,22,14,2348
2015,2,22,15,2297
2015,2,22,16,2090
2015,2,22,17,1772
2015,2,22,18,1401
2015,2,22,19,1213
2015,2,22,20,1160
2015,2,22,21,1212
2015,2,22,22,1430
2015,2,22,23,1690
2015,2,23,0,1937
2015,2,23,1,2172
2015,2,23,2,2321
2015,2,23,3,2371
2015,2,23,4,2281
2015,2,23,5,2010
2015,2,23,6,1703
2015,2,23,7,1429
2015,2,23,8,1281
2015,2,23,9,1295
2015,2,23,10,1465
2015,2,23,11,1574
2015,2,23,12,1783
2015,2,23,13,1956
2015,2,23,14,2119
2015,2,23,15,2198
2015,2,23,16,2122
2015,2,23,17,1948
2015,2,23,18,1631
2015,2,23,19,1285
2015,2,23,20,1184
2015,2,23,21,1164
2015,2,23,22,1295
2015,2,23,23,1501
2015,2,24,0,1746
2015,2,24,1,1939
2015,2,24,2,2164
2015,2,24,3,2262
2015,2,24,4,2281
2015,2,24,5,2237
2015,2,24,6,1977
2015,2,24,7,1680
2015,2,24,8,1468
2015,2,24,9,1432
2015,2,24,10,1467
2015,2,24,11,1539
2015,2,24,12,1688
2015,2,24,13,1798
2015,2,24,14,1956
2015,2,24,15,1984
2015,2,24,16,2006
2015,2,24,17,2022
2015,2,24,18,1758
2015,2,24,19,1524
2015,2,24,20,1314
2015,2,24,21,1269
2015,2,24,22,1302
2015,2,24,23,1457
2015,2,25,0,1619
2015,2,25,1,1804
2015,2,25,2,1956
2015,2,25,3,2060
2015,2,25,4,2158
2015,2,25,5,2233
2015,2,25,6,2109
2015,2,25,7,1929
2015,2,25,8,1708
2015,2,25,9,1582
2015,2,25,10,1497
2015,2,25,11,1616
2015,2,25,12,1593
2015,2,25,13,1712
2015,2,25,14,1780
2015,2,25,15,1874
2015,2,25,16,1898
2015,2,25,17,1966
2015,2,25,18,1841
2015,2,25,19,1772
2015,2,25,20,1583
2015,2,25,21,1410
2015,2,25,22,1404
2015,2,25,23,1467
2015,2,26,0,1609
2015,2,26,1,1703
2015,2,26,2,1916
2015,2,26,3,1975
2015,2,26,4,2070
2015,2,26,5,2090
2015,2,26,6,2192
2015,2,26,7,2128
2015,2,26,8,1961
2015,2,26,9,1819
2015,2,26,10,1722
2015,2,26,11,1593
2015,2,26,12,1679
2015,2,26,13,1708
2015,2,26,14,1661
2015,2,26,15,1741
2015,2,26,16,1775
2015,2,26,17,1849
2015,2,26,18,1838
2015,2,26,19,1849
2015,2,26,20,1785
2015,2,26,21,1624
2015,2,26,22,1585
2015,2,26,23,1560
2015,2,27,0,1548
2015,2,27,1,1698
2015,2,27,2,1786
2015,2,27,3,1876
2015,2,27,4,1973
2015,2,27,5,2003
2015,2,27,6,2079
2015,2,27,7,2164
2015,2,27,8,2063
2015,2,27,9,1980
2015,2,27,10,1840
2015,2,27,11,1710
2015,2,27,12,1645
2015,2,27,13,1674
2015,2,27,14,1695
2015,2,27,15,1727
2015,2,27,16,1705
2015,2,27,17,1719
2015,2,27,18,1782
2015,2,27,19,1832
2015,2,27,20,1809
2015,2,27,21,1782
2015,2,27,22,1653
2015,2,27,23,1631
2015,2,28,0,1590
2015,2,28,1,1618
2015,2,28,2,1683
2015,2,28,3,1731
2015,2,28,4,1798
2015,2,28,5,1852
2015,2,28,6,1971
2015,2,28,7,2093
2015,2,28,8,2142
2015,2,28,9,2096
2015,2,28,10,2046
2015,2,28,11,1891
2015,2,28,12,1795
2015,2,28,13,1705
2015,2,28,14,1632
2015,2,28,15,1615
2015,2,28,16,1629
2015,2,28,17,1606
2015,2,28,18,1699
2015,2,28,19,1804
2015,2,28,20,1871
2015,2,28,21,1934
2015,2,28,22,1873
2015,2,28,23,1782
2015,3,1,0,1667
2015,3,1,1,1625
2015,3,1,2,1594
2015,3,1,3,1597
2015,3,1,4,1633
2015,3,1,5,1747
2015,3,1,6,1869
2015,3,1,7,2004
2015,3,1,8,2102
2015,3,1,9,2141
2015,3,1,10,2107
2015,3,1,11,2048
2015,3,1,12,1926
2015,3,1,13,1772
2015,3,1,14,1628
2015,3,1,15,1517
2015,3,1,16,1500
2015,3,1,17,1496
2015,3,1,18,1605
2015,3,1,19,1716
2015,3,1,20,1833
2015,3,1,21,1894
2015,3,1,22,1935
2015,3,1,23,1862
2015,3,2,0,1801
2015,3,2,1,1696
2015,3,2,2,1613
2015,3,2,3,1565
2015,3,2,4,1567
2015,3,2,5,1610
2015,3,2,6,1711
2015,3,2,7,1911
2015,3,2,8,2049
2015,3,2,9,2179
2015,3,2,10,2234
2015,3,2,11,2147
2015,3,2,12,2038
2015,3,2,13,1902
2015,3,2,14,1731
2015,3,2,15,1574
2015,3,2,16,1489
2015,3,2,17,1449
2015,3,2,18,1517
2015,3,2,19,1638
2015,3,2,20,1787
2015,3,2,21,1910
2015,3,2,22,1976
2015,3,2,23,1975
2015,3,3,0,1906
2015,3,3,1,1778
2015,3,3,2,1618
2015,3,3,3,1524
2015,3,3,4,1484
2015,3,3,5,1496
2015,3,3,6,1595
2015,3,3,7,1803
2015,3,3,8,1956
2015,3,3,9,2099
2015,3,3,10,2217
2015,3,3,11,2229
2015,3,3,12,2144
2015,3,3,13,1977
2015,3,3,14,1774
2015,3,3,15,1579
2015,3,3,16,1452
2015,3,3,17,1385
2015,3,3,18,1421
2015,3,3,19,1531
2015,3,3,20,1714
2015,3,3,21,1848
2015,3,3,22,2012
2015,3,3,23,2037
2015,3,4,0,2036
2015,3,4,1,1887
2015,3,4,2,1686
2015,3,4,3,1542
2015,3,4,4,1376
2015,3,4,5,1399
2015,3,4,6,1474
2015,3,4,7,1621
2015,3,4,8,1790
2015,3,4,9,2009
2015,3,4,10,2139
2015,3,4,11,2239
2015,3,4,12,2204
2015,3,4,13,2079
2015,3,4,14,1866
2015,3,4,15,1631
2015,3,4,16,1444
2015,3,4,17,1356
2015,3,4,18,1351
2015,3,4,19,1463
2015,3,4,20,1606
2015,3,4,21,1811
2015,3,4,22,2035
2015,3,4,23,2122
2015,3,5,0,2147
2015,3,5,1,2070
2015,3,5,2,1877
2015,3,5,3,1655
2015,3,5,4,1474
2015,3,5,5,1375
2015,3,5,6,1390
2015,3,5,7,1502
2015,3,5,8,1669
2015,3,5,9,1887
2015,3,5,10,2093
2015,3,5,11,2223
2015,3,5,12,2260
2015,3,5,13,2204
2015,3,5,14,2013
2015,3,5,15,1787
2015,3,5,16,1537
2015,3,5,17,1365
2015,3,5,18,1288
2015,3,5,19,1343
2015,3,5,20,1507
2015,3,5,21,1764
2015,3,5,22,1945
2015,3,5,23,2113
2015,3,6,0,2168
2015,3,6,1,2134
2015,3,6,2,2022
2015,3,6,3,1811
2015,3,6,4,1580
2015,3,6,5,1401
2015,3,6,6,1350
2015,3,6,7,1436
2015,3,6,8,1554
2015,3,6,9,1749
2015,3,6,10,1974
2015,3,6,11,2167
2015,3,6,12,2260
2015,3,6,13,2238
2015,3,6,14,2089
2015,3,6,15,1838
2015,3,6,16,1545
2015,3,6,17,1342
2015,3,6,18,1254
2015,3,6,19,1263
2015,3,6,20,1369
2015,3,6,21,1584
2015,3,6,22,1827
2015,3,6,23,2045
2015,3,7,0,2168
2015,3,7,1,2181
2015,3,7,2,2083
2015,3,7,3,1807
2015,3,7,4,1610
2015,3,7,5,1368
2015,3,7,6,1282
2015,3,7,7,1301
2015,3,7,8,1446
2015,3,7,9,1635
2015,3,7,10,1854
2015,3,7,11,2079
2015,3,7,12,2171
2015,3,7,13,2242
2015,3,7,14,2130
2015,3,7,15,1940
2015,3,7,16,1665
2015,3,7,17,1390
2015,3,7,18,1248
2015,3,7,19,1239
2015,3,7,20,1311
2015,3,7,21,1530
2015,3,7,22,1763
2015,3,7,23,2012
2015,3,8,0,2174
2015,3,8,1,2211
2015,3,8,2,2182
2015,3,8,3,1994
2015,3,8,4,1776
2015,3,8,5,1519
2015,3,8,6,1343
2015,3,8,7,1314
2015,3,8,8,1362
2015,3,8,9,1551
2015,3,8,10,1779
2015,3,8,11,2003
2015,3,8,12,2141
2015,3,8,13,2228
2015,3,8,14,2193
2015,3,8,15,2051
2015,3,8,16,1788
2015,3,8,17,1519
2015,3,8,18,1340
2015,3,8,19,1253
2015,3,8,20,1311
2015,3,8,21,1485
2015,3,8,22,1673
2015,3,8,23,1907
2015,3,9,0,2081
2015,3,9,1,2221
2015,3,9,2,2236
2015,3,9,3,2130
2015,3,9,4,1921
2015,3,9,5,1669
2015,3,9,6,1433
2015,3,9,7,1317
2015,3,9,8,1325
2015,3,9,9,1436
2015,3,9,10,1625
2015,3,9,11,1799
2015,3,9,12,1985
2015,3,9,13,2072
2015,3,9,14,2085
2015,3,9,15,2018
2015,3,9,16,1846
2015,3,9,17,1589
2015,3,9,18,1402
2015,3,9,19,1233
2015,3,9,20,1239
2015,3,9,21,1343
2015,3,9,22,1517
2015,3,9,23,1796
2015,3,10,0,2003
2015,3,10,1,2152
2015,3,10,2,2226
2015,3,10,3,2206
2015,3,10,4,2064
2015,3,10,5,1826
2015,3,10,6,1643
2015,3,10,7,1422
2015,3,10,8,1368
2015,3,10,9,1442
2015,3,10,10,1521
2015,3,10,11,1713
2015,3,10,12,1875
2015,3,10,13,1972
2015,3,10,14,2070
2015,3,10,15,2086
2015,3,10,16,1899
2015,3,10,17,1717
2015,3,10,18,1463
2015,3,10,19,1285
2015,3,10,20,1250
2015,3,10,21,1346
2015,3,10,22,1474
2015,3,10,23,1666
2015,3,11,0,1831
2015,3,11,1,2044
2015,3,11,2,2144
2015,3,11,3,2186
2015,3,11,4,2141
2015,3,11,5,1972
2015,3,11,6,1749
2015,3,11,7,1512
2015,3,11,8,1401
2015,3,11,9,1439
2015,3,11,10,1514
2015,3,11,11,1627
2015,3,11,12,1821
2015,3,11,13,1875
2015,3,11,14,1973
2015,3,11,15,2015
2015,3,11,16,1945
2015,3,11,17,1791
2015,3,11,18,1587
2015,3,11,19,1382
2015,3,11,20,1306
2015,3,11,21,1349
2015,3,11,22,1446
2015,3,11,23,1561
2015,3,12,0,1726
2015,3,12,1,1929
2015,3,12,2,2065
2015,3,12,3,2169
2015,3,12,4,2166
2015,3,12,5,2065
2015,3,12,6,1843
2015,3,12,7,1666
2015,3,12,8,1524
2015,3,12,9,1434
2015,3,12,10,1485
2015,3,12,11,1580
2015,3,12,12,1707
2015,3,12,13,1811
2015,3,12,14,1938
2015,3,12,15,1958
2015,3,12,16,1951
2015,3,12,17,1853
2015,3,12,18,1721
2015,3,12,19,1593
2015,3,12,20,1435
2015,3,12,21,1398
2015,3,12,22,1423
2015,3,12,23,1570
2015,3,13,0,1653
2015,3,13,1,1815
2015,3,13,2,1984
2015,3,13,3,2095
2015,3,13,4,2168
2015,3,13,5,2139
2015,3,13,6,2036
2015,3,13,7,1889
2015,3,13,8,1686
2015,3,13,9,1625
2015,3,13,10,1567
2015,3,13,11,1622
2015,3,13,12,1663
2015,3,13,13,1706
2015,3,13,14,1827
2015,3,13,15,1893
2015,3,13,16,1934
2015,3,13,17,1941
2015,3,13,18,1844
2015,3,13,19,1734
2015,3,13,20,1599
2015,3,13,21,1529
2015,3,13,22,1549
2015,3,13,23,1558
2015,3,14,0,1608
2015,3,14,1,1711
2015,3,14,2,1836
2015,3,14,3,1984
2015,3,14,4,2100
2015,3,14,5,2139
2015,3,14,6,2120
2015,3,14,7,2022
2015,3,14,8,1847
2015,3,14,9,1760
2015,3,14,10,1651
2015,3,14,11,1597
2015,3,14,12,1574
2015,3,14,13,1619
2015,3,14,14,1657
2015,3,14,15,1744
2015,3,14,16,1823
2015,3,14,17,1839
2015,3,14,18,1851
2015,3,14,19,1795
2015,3,14,20,1724
2015,3,14,21,1620
2015,3,14,22,1545
2015,3,14,23,1506
2015,3,15,0,1596
2015,3,15,1,1610
2015,3,15,2,1664
2015,3,15,3,1810
2015,3,15,4,1955
2015,3,15,5,2111
2015,3,15,6,2176
2015,3,15,7,2170
2015,3,15,8,2093
2015,3,15,9,1980
2015,3,15,10,1869
2015,3,15,11,1757
2015,3,15,12,1629
2015,3,15,13,1590
2015,3,15,14,1596
2015,3,15,15,1662
2015,3,15,16,1730
2015,3,15,17,1833
2015,3,15,18,1881
2015,3,15,19,1878
2015,3,15,20,1912
2015,3,15,21,1836
2015,3,15,22,1756
2015,3,15,23,1642
2015,3,16,0,1570
2015,3,16,1,1553
2015,3,16,2,1570
2015,3,16,3,1693
2015,3,16,4,1821
2015,3,16,5,1967
2015,3,16,6,2073
2015,3,16,7,2161
2015,3,16,8,2210
2015,3,16,9,2173
2015,3,16,10,2111
2015,3,16,11,1933
2015,3,16,12,1771
2015,3,16,13,1646
2015,3,16,14,1560
2015,3,16,15,1531
2015,3,16,16,1583
2015,3,16,17,1658
2015,3,16,18,1720
2015,3,16,19,1858
2015,3,16,20,1909
2015,3,16,21,1930
2015,3,16,22,1887
2015,3,16,23,1773
2015,3,17,0,1648
2015,3,17,1,1563
2015,3,17,2,1473
2015,3,17,3,1498
2015,3,17,4,1588
2015,3,17,5,1708
2015,3,17,6,1909
2015,3,17,7,2050
2015,3,17,8,2159
2015,3,17,9,2222
2015,3,17,10,2180
2015,3,17,11,2058
2015,3,17,12,1897
2015,3,17,13,1694
2015,3,17,14,1502
2015,3,17,15,1425
2015,3,17,16,1391
2015,3,17,17,1450
2015,3,17,18,1623
2015,3,17,19,1760
2015,3,17,20,1935
2015,3,17,21,2036
2015,3,17,22,2025
2015,3,17,23,1987
2015,3,18,0,1807
2015,3,18,1,1659
2015,3,18,2,1503
2015,3,18,3,1428
2015,3,18,4,1407
2015,3,18,5,1513
2015,3,18,6,1690
2015,3,18,7,1912
2015,3,18,8,2138
2015,3,18,9,2275
2015,3,18,10,2329
2015,3,18,11,2240
2015,3,18,12,2076
2015,3,18,13,1832
2015,3,18,14,1591
2015,3,18,15,1390
2015,3,18,16,1286
2015,3,18,17,1317
2015,3,18,18,1423
2015,3,18,19,1647
2015,3,18,20,1884
2015,3,18,21,2115
2015,3,18,22,2197
2015,3,18,23,2206
2015,3,19,0,2095
2015,3,19,1,1875
2015,3,19,2,1657
2015,3,19,3,1455
2015,3,19,4,1343
2015,3,19,5,1357
2015,3,19,6,1455
2015,3,19,7,1668
2015,3,19,8,1951
2015,3,19,9,2225
2015,3,19,10,2345
2015,3,19,11,2414
2015,3,19,12,2286
2015,3,19,13,2070
2015,3,19,14,1788
2015,3,19,15,1513
2015,3,19,16,1275
2015,3,19,17,1171
2015,3,19,18,1257
2015,3,19,19,1386
2015,3,19,20,1692
2015,3,19,21,1977
2015,3,19,22,2185
2015,3,19,23,2322
2015,3,20,0,2298
2015,3,20,1,2122
2015,3,20,2,1885
2015,3,20,3,1544
2015,3,20,4,1318
2015,3,20,5,1209
2015,3,20,6,1257
2015,3,20,7,1394
2015,3,20,8,1650
2015,3,20,9,1942
2015,3,20,10,2218
2015,3,20,11,2389
2015,3,20,12,2426
2015,3,20,13,2267
2015,3,20,14,1999
2015,3,20,15,1683
2015,3,20,16,1373
2015,3,20,17,1178
2015,3,20,18,1177
2015,3,20,19,1287
2015,3,20,20,1503
2015,3,20,21,1807
2015,3,20,22,2073
2015,3,20,23,2333
2015,3,21,0,2417
2015,3,21,1,2377
2015,3,21,2,2165
2015,3,21,3,1814
2015,3,21,4,1533
2015,3,21,5,1266
2015,3,21,6,1196
2015,3,21,7,1246
2015,3,21,8,1466
2015,3,21,9,1698
2015,3,21,10,1996
2015,3,21,11,2224
2015,3,21,12,2393
2015,3,21,13,2394
2015,3,21,14,2233
2015,3,21,15,1883
2015,3,21,16,1501
2015,3,21,17,1225
2015,3,21,18,1103
2015,3,21,19,1151
2015,3,21,20,1304
2015,3,21,21,1606
2015,3,21,22,1878
2015,3,21,23,2169
2015,3,22,0,2442
2015,3,22,1,2496
2015,3,22,2,2406
2015,3,22,3,2115
2015,3,22,4,1745
2015,3,22,5,1403
2015,3,22,6,1205
2015,3,22,7,1175
2015,3,22,8,1303
2015,3,22,9,1519
2015,3,22,10,1768
2015,3,22,11,2058
2015,3,22,12,2257
2015,3,22,13,2342
2015,3,22,14,2294
2015,3,22,15,2071
2015,3,22,16,1722
2015,3,22,17,1375
2015,3,22,18,1164
2015,3,22,19,1100
2015,3,22,20,1208
2015,3,22,21,1426
2015,3,22,22,1733
2015,3,22,23,2022
2015,3,23,0,2282
2015,3,23,1,2433
2015,3,23,2,2448
2015,3,23,3,2298
2015,3,23,4,2032
2015,3,23,5,1701
2015,3,23,6,1365
2015,3,23,7,1198
2015,3,23,8,1212
2015,3,23,9,1327
2015,3,23,10,1529
2015,3,23,11,1788
2015,3,23,12,2003
2015,3,23,13,2152
2015,3,23,14,2243
2015,3,23,15,2098
2015,3,23,16,1921
2015,3,23,17,1615
2015,3,23,18,1306
2015,3,23,19,1199
2015,3,23,20,1222
2015,3,23,21,1356
2015,3,23,22,1584
2015,3,23,23,1850
2015,3,24,0,2112
2015,3,24,1,2313
2015,3,24,2,2376
2015,3,24,3,2357
2015,3,24,4,2206
2015,3,24,5,1932
2015,3,24,6,1625
2015,3,24,7,1383
2015,3,24,8,1287
2015,3,24,9,1324
2015,3,24,10,1455
2015,3,24,11,1663
2015,3,24,12,1835
2015,3,24,13,2002
2015,3,24,14,2098
2015,3,24,15,2076
2015,3,24,16,1993
2015,3,24,17,1812
2015,3,24,18,1532
2015,3,24,19,1276
2015,3,24,20,1234
2015,3,24,21,1259
2015,3,24,22,1481
2015,3,24,23,1706
2015,3,25,0,1914
2015,3,25,1,2176
2015,3,25,2,2293
2015,3,25,3,2370
2015,3,25,4,2297
2015,3,25,5,2118
2015,3,25,6,1888
2015,3,25,7,1626
2015,3,25,8,1434
2015,3,25,9,1389
2015,3,25,10,1411
2015,3,25,11,1590
2015,3,25,12,1715
2015,3,25,13,1871
2015,3,25,14,1969
2015,3,25,15,2018
2015,3,25,16,2006
2015,3,25,17,1911
2015,3,25,18,1709
2015,3,25,19,1483
2015,3,25,20,1378
2015,3,25,21,1322
2015,3,25,22,1444
2015,3,25,23,1596
2015,3,26,0,1772
2015,3,26,1,1991
2015,3,26,2,2146
2015,3,26,3,2222
2015,3,26,4,2248
2015,3,26,5,2155
2015,3,26,6,2019
2015,3,26,7,1829
2015,3,26,8,1639
2015,3,26,9,1503
2015,3,26,10,1481
2015,3,26,11,1519
2015,3,26,12,1618
2015,3,26,13,1726
2015,3,26,14,1796
2015,3,26,15,1872
2015,3,26,16,1887
2015,3,26,17,1896
2015,3,26,18,1757
2015,3,26,19,1627
2015,3,26,20,1511
2015,3,26,21,1395
2015,3,26,22,1410
2015,3,26,23,1509
2015,3,27,0,1687
2015,3,27,1,1814
2015,3,27,2,1977
2015,3,27,3,2062
2015,3,27,4,2121
2015,3,27,5,2145
2015,3,27,6,2065
2015,3,27,7,1953
2015,3,27,8,1804
2015,3,27,9,1619
2015,3,27,10,1576
2015,3,27,11,1504
2015,3,27,12,1557
2015,3,27,13,1622
2015,3,27,14,1714
2015,3,27,15,1738
2015,3,27,16,1792
2015,3,27,17,1834
2015,3,27,18,1821
2015,3,27,19,1724
2015,3,27,20,1658
2015,3,27,21,1583
2015,3,27,22,1501
2015,3,27,23,1506
2015,3,28,0,1604
2015,3,28,1,1719
2015,3,28,2,1818
2015,3,28,3,1910
2015,3,28,4,1982
2015,3,28,5,2048
2015,3,28,6,2052
2015,3,28,7,2048
2015,3,28,8,1963
2015,3,28,9,1826
2015,3,28,10,1717
2015,3,28,11,1616
2015,3,28,12,1602
2015,3,28,13,1604
2015,3,28,14,1617
2015,3,28,15,1660
2015,3,28,16,1673
2015,3,28,17,1753
2015,3,28,18,1803
2015,3,28,19,1791
2015,3,28,20,1798
2015,3,28,21,1702
2015,3,28,22,1623
2015,3,28,23,1615
2015,3,29,0,1609
2015,3,29,1,1658
2015,3,29,2,1726
2015,3,29,3,1780
2015,3,29,4,1855
2015,3,29,5,1938
2015,3,29,6,1955
2015,3,29,7,2071
2015,3,29,8,2050
2015,3,29,9,1953
2015,3,29,10,1867
2015,3,29,11,1723
2015,3,29,12,1631
2015,3,29,13,1579
2015,3,29,14,1549
2015,3,29,15,1575
2015,3,29,16,1600
2015,3,29,17,1651
2015,3,29,18,1753
2015,3,29,19,1801
2015,3,29,20,1865
2015,3,29,21,1829
2015,3,29,22,1760
2015,3,29,23,1673
2015,3,30,0,1644
2015,3,30,1,1620
2015,3,30,2,1595
2015,3,30,3,1638
2015,3,30,4,1726
2015,3,30,5,1798
2015,3,30,6,1925
2015,3,30,7,2000
2015,3,30,8,2076
2015,3,30,9,2073
2015,3,30,10,1986
2015,3,30,11,1847
2015,3,30,12,1775
2015,3,30,13,1603
2015,3,30,14,1574
2015,3,30,15,1495
2015,3,30,16,1526
2015,3,30,17,1542
2015,3,30,18,1654
2015,3,30,19,1745
2015,3,30,20,1843
2015,3,30,21,1950
2015,3,30,22,1920
2015,3,30,23,1854
2015,3,31,0,1732
2015,3,31,1,1683
2015,3,31,2,1583
2015,3,31,3,1544
2015,3,31,4,1580
2015,3,31,5,1670
2015,3,31,6,1784
2015,3,31,7,1914
2015,3,31,8,2037
2015,3,31,9,2108
2015,3,31,10,2096
2015,3,31,11,1997
2015,3,31,12,1925
2015,3,31,13,1723
2015,3,31,14,1534
2015,3,31,15,1503
2015,3,31,16,1441
2015,3,31,17,1444
2015,3,31,18,1589
2015,3,31,19,1692
2015,3,31,20,1866
2015,3,31,21,1985
2015,3,31,22,2033
2015,3,31,23,2003
2015,4,1,0,1903
2015,4,1,1,1747
2015,4,1,2,1584
2015,4,1,3,1544
2015,4,1,4,1469
2015,4,1,5,1538
2015,4,1,6,1676
2015,4,1,7,1817
2015,4,1,8,1948
2015,4,1,9,2122
2015,4,1,10,2176
2015,4,1,11,2161
2015,4,1,12,2031
2015,4,1,13,1861
2015,4,1,14,1684
2015,4,1,15,1542
2015,4,1,16,1440
2015,4,1,17,1426
2015,4,1,18,1503
2015,4,1,19,1661
2015,4,1,20,1828
2015,4,1,21,2012
2015,4,1,22,2162
2015,4,1,23,2169
2015,4,2,0,2074
2015,4,2,1,1899
2015,4,2,2,1727
2015,4,2,3,1564
2015,4,2,4,1475
2015,4,2,5,1468
2015,4,2,6,1534
2015,4,2,7,1737
2015,4,2,8,1914
2015,4,2,9,2079
2015,4,2,10,2197
2015,4,2,11,2220
2015,4,2,12,2169
2015,4,2,13,1987
2015,4,2,14,1782
2015,4,2,15,1576
2015,4,2,16,1427
2015,4,2,17,1366
2015,4,2,18,1430
2015,4,2,19,1568
2015,4,2,20,1789
2015,4,2,21,1997
2015,4,2,22,2147
2015,4,2,23,2218
2015,4,3,0,2190
2015,4,3,1,2044
2015,4,3,2,1864
2015,4,3,3,1631
2015,4,3,4,1458
2015,4,3,5,1400
2015,4,3,6,1462
2015,4,3,7,1604
2015,4,3,8,1785
2015,4,3,9,1950
2015,4,3,10,2131
2015,4,3,11,2234
2015,4,3,12,2253
2015,4,3,13,2092
2015,4,3,14,1872
2015,4,3,15,1618
2015,4,3,16,1403
2015,4,3,17,1337
2015,4,3,18,1366
2015,4,3,19,1503
2015,4,3,20,1678
2015,4,3,21,1928
2015,4,3,22,2099
2015,4,3,23,2274
2015,4,4,0,2291
2015,4,4,1,2188
2015,4,4,2,1975
2015,4,4,3,1711
2015,4,4,4,1519
2015,4,4,5,1395
2015,4,4,6,1374
2015,4,4,7,1475
2015,4,4,8,1623
2015,4,4,9,1845
2015,4,4,10,2039
2015,4,4,11,2200
2015,4,4,12,2209
2015,4,4,13,2135
2015,4,4,14,1970
2015,4,4,15,1678
2015,4,4,16,1429
2015,4,4,17,1300
2015,4,4,18,1278
2015,4,4,19,1356
2015,4,4,20,1586
2015,4,4,21,1821
2015,4,4,22,2041
2015,4,4,23,2251
2015,4,5,0,2307
2015,4,5,1,2253
2015,4,5,2,2102
2015,4,5,3,1801
2015,4,5,4,1580
2015,4,5,5,1382
2015,4,5,6,1314
2015,4,5,7,1362
2015,4,5,8,1510
2015,4,5,9,1740
2015,4,5,10,1941
2015,4,5,11,2113
2015,4,5,12,2242
2015,4,5,13,2204
2015,4,5,14,2048
2015,4,5,15,1816
2015,4,5,16,1542
2015,4,5,17,1353
2015,4,5,18,1276
2015,4,5,19,1274
2015,4,5,20,1475
2015,4,5,21,1693
2015,4,5,22,1946
2015,4,5,23,2165
2015,4,6,0,2317
2015,4,6,1,2338
2015,4,6,2,2207
2015,4,6,3,1974
2015,4,6,4,1750
2015,4,6,5,1507
2015,4,6,6,1338
2015,4,6,7,1311
2015,4,6,8,1401
2015,4,6,9,1587
2015,4,6,10,1811
2015,4,6,11,2037
2015,4,6,12,2168
2015,4,6,13,2196
2015,4,6,14,2112
2015,4,6,15,1933
2015,4,6,16,1688
2015,4,6,17,1455
2015,4,6,18,1295
2015,4,6,19,1283
2015,4,6,20,1372
2015,4,6,21,1594
2015,4,6,22,1846
2015,4,6,23,2117
2015,4,7,0,2288
2015,4,7,1,2388
2015,4,7,2,2284
2015,4,7,3,2098
2015,4,7,4,1888
2015,4,7,5,1591
2015,4,7,6,1401
2015,4,7,7,1279
2015,4,7,8,1314
2015,4,7,9,1501
2015,4,7,10,1714
2015,4,7,11,1905
2015,4,7,12,2107
2015,4,7,13,2169
2015,4,7,14,2108
2015,4,7,15,1992
2015,4,7,16,1784
2015,4,7,17,1562
2015,4,7,18,1314
2015,4,7,19,1258
2015,4,7,20,1343
2015,4,7,21,1475
2015,4,7,22,1745
2015,4,7,23,1974
2015,4,8,0,2225
2015,4,8,1,2314
2015,4,8,2,2351
2015,4,8,3,2233
2015,4,8,4,2053
2015,4,8,5,1778
2015,4,8,6,1548
2015,4,8,7,1356
2015,4,8,8,1343
2015,4,8,9,1390
2015,4,8,10,1569
2015,4,8,11,1754
2015,4,8,12,1967
2015,4,8,13,2035
2015,4,8,14,2087
2015,4,8,15,1991
2015,4,8,16,1817
2015,4,8,17,1638
2015,4,8,18,1414
2015,4,8,19,1322
2015,4,8,20,1298
2015,4,8,21,1399
2015,4,8,22,1593
2015,4,8,23,1845
2015,4,9,0,2041
2015,4,9,1,2219
2015,4,9,2,2304
2015,4,9,3,2265
2015,4,9,4,2108
2015,4,9,5,1902
2015,4,9,6,1657
2015,4,9,7,1457
2015,4,9,8,1333
2015,4,9,9,1379
2015,4,9,10,1471
2015,4,9,11,1625
2015,4,9,12,1756
2015,4,9,13,1936
2015,4,9,14,1985
2015,4,9,15,2003
2015,4,9,16,1894
2015,4,9,17,1696
2015,4,9,18,1524
2015,4,9,19,1393
2015,4,9,20,1353
2015,4,9,21,1393
2015,4,9,22,1480
2015,4,9,23,1696
2015,4,10,0,1926
2015,4,10,1,2127
2015,4,10,2,2247
2015,4,10,3,2277
2015,4,10,4,2217
2015,4,10,5,2056
2015,4,10,6,1827
2015,4,10,7,1622
2015,4,10,8,1478
2015,4,10,9,1443
2015,4,10,10,1457
2015,4,10,11,1532
2015,4,10,12,1682
2015,4,10,13,1842
2015,4,10,14,1908
2015,4,10,15,1983
2015,4,10,16,1965
2015,4,10,17,1830
2015,4,10,18,1702
2015,4,10,19,1537
2015,4,10,20,1458
2015,4,10,21,1405
2015,4,10,22,1439
2015,4,10,23,1602
2015,4,11,0,1795
2015,4,11,1,1951
2015,4,11,2,2110
2015,4,11,3,2191
2015,4,11,4,2236
2015,4,11,5,2163
2015,4,11,6,2004
2015,4,11,7,1804
2015,4,11,8,1631
2015,4,11,9,1525
2015,4,11,10,1445
2015,4,11,11,1468
2015,4,11,12,1583
2015,4,11,13,1675
2015,4,11,14,1789
2015,4,11,15,1870
2015,4,11,16,1881
2015,4,11,17,1900
2015,4,11,18,1803
2015,4,11,19,1698
2015,4,11,20,1545
2015,4,11,21,1516
2015,4,11,22,1501
2015,4,11,23,1579
2015,4,12,0,1697
2015,4,12,1,1861
2015,4,12,2,1981
2015,4,12,3,2115
2015,4,12,4,2213
2015,4,12,5,2204
2015,4,12,6,2169
2015,4,12,7,2021
2015,4,12,8,1839
2015,4,12,9,1686
2015,4,12,10,1589
2015,4,12,11,1546
2015,4,12,12,1531
2015,4,12,13,1591
2015,4,12,14,1691
2015,4,12,15,1759
2015,4,12,16,1820
2015,4,12,17,1921
2015,4,12,18,1887
2015,4,12,19,1852
2015,4,12,20,1772
2015,4,12,21,1668
2015,4,12,22,1609
2015,4,12,23,1590
2015,4,13,0,1621
2015,4,13,1,1701
2015,4,13,2,1818
2015,4,13,3,1958
2015,4,13,4,2083
2015,4,13,5,2140
2015,4,13,6,2201
2015,4,13,7,2130
2015,4,13,8,2037
2015,4,13,9,1891
2015,4,13,10,1750
2015,4,13,11,1605
2015,4,13,12,1531
2015,4,13,13,1519
2015,4,13,14,1564
2015,4,13,15,1634
2015,4,13,16,1708
2015,4,13,17,1837
2015,4,13,18,1900
2015,4,13,19,1958
2015,4,13,20,1897
2015,4,13,21,1791
2015,4,13,22,1743
2015,4,13,23,1660
2015,4,14,0,1632
2015,4,14,1,1647
2015,4,14,2,1685
2015,4,14,3,1767
2015,4,14,4,1899
2015,4,14,5,2011
2015,4,14,6,2135
2015,4,14,7,2210
2015,4,14,8,2201
2015,4,14,9,2134
2015,4,14,10,1962
2015,4,14,11,1801
2015,4,14,12,1643
2015,4,14,13,1599
2015,4,14,14,1535
2015,4,14,15,1547
2015,4,14,16,1625
2015,4,14,17,1745
2015,4,14,18,1860
2015,4,14,19,2002
2015,4,14,20,2048
2015,4,14,21,2057
2015,4,14,22,2010
2015,4,14,23,1850
2015,4,15,0,1772
2015,4,15,1,1637
2015,4,15,2,1590
2015,4,15,3,1595
2015,4,15,4,1685
2015,4,15,5,1795
2015,4,15,6,2024
2015,4,15,7,2188
2015,4,15,8,2266
2015,4,15,9,2241
2015,4,15,10,2166
2015,4,15,11,2025
2015,4,15,12,1843
2015,4,15,13,1654
2015,4,15,14,1497
2015,4,15,15,1463
2015,4,15,16,1504
2015,4,15,17,1617
2015,4,15,18,1782
2015,4,15,19,1999
2015,4,15,20,2119
2015,4,15,21,2231
2015,4,15,22,2228
2015,4,15,23,2086
2015,4,16,0,1941
2015,4,16,1,1711
2015,4,16,2,1600
2015,4,16,3,1506
2015,4,16,4,1515
2015,4,16,5,1618
2015,4,16,6,1772
2015,4,16,7,1993
2015,4,16,8,2173
2015,4,16,9,2316
2015,4,16,10,2285
2015,4,16,11,2194
2015,4,16,12,1992
2015,4,16,13,1727
2015,4,16,14,1509
2015,4,16,15,1429
2015,4,16,16,1337
2015,4,16,17,1406
2015,4,16,18,1614
2015,4,16,19,1835
2015,4,16,20,2083
2015,4,16,21,2288
2015,4,16,22,2361
2015,4,16,23,2318
2015,4,17,0,2188
2015,4,17,1,1903
2015,4,17,2,1742
2015,4,17,3,1485
2015,4,17,4,1421
2015,4,17,5,1407
2015,4,17,6,1542
2015,4,17,7,1758
2015,4,17,8,1982
2015,4,17,9,2200
2015,4,17,10,2316
2015,4,17,11,2326
2015,4,17,12,2175
2015,4,17,13,1950
2015,4,17,14,1662
2015,4,17,15,1395
2015,4,17,16,1260
2015,4,17,17,1245
2015,4,17,18,1389
2015,4,17,19,1638
2015,4,17,20,1913
2015,4,17,21,2161
2015,4,17,22,2405
2015,4,17,23,2455
2015,4,18,0,2394
2015,4,18,1,2166
2015,4,18,2,1890
2015,4,18,3,1613
2015,4,18,4,1390
2015,4,18,5,1289
2015,4,18,6,1307
2015,4,18,7,1484
2015,4,18,8,1692
2015,4,18,9,1983
2015,4,18,10,2219
2015,4,18,11,2355
2015,4,18,12,2320
2015,4,18,13,2186
2015,4,18,14,1855
2015,4,18,15,1578
2015,4,18,16,1324
2015,4,18,17,1202
2015,4,18,18,1260
2015,4,18,19,1426
2015,4,18,20,1729
2015,4,18,21,2021
2015,4,18,22,2324
2015,4,18,23,2530
2015,4,19,0,2553
2015,4,19,1,2348
2015,4,19,2,2143
2015,4,19,3,1865
2015,4,19,4,1486
2015,4,19,5,1335
2015,4,19,6,1261
2015,4,19,7,1305
2015,4,19,8,1516
2015,4,19,9,1753
2015,4,19,10,2004
2015,4,19,11,2230
2015,4,19,12,2345
2015,4,19,13,2230
2015,4,19,14,2037
2015,4,19,15,1717
2015,4,19,16,1413
2015,4,19,17,1199
2015,4,19,18,1193
2015,4,19,19,1282
2015,4,19,20,1518
2015,4,19,21,1827
2015,4,19,22,2107
2015,4,19,23,2384
2015,4,20,0,2521
2015,4,20,1,2504
2015,4,20,2,2387
2015,4,20,3,2085
2015,4,20,4,1755
2015,4,20,5,1433
2015,4,20,6,1225
2015,4,20,7,1181
2015,4,20,8,1302
2015,4,20,9,1503
2015,4,20,10,1766
2015,4,20,11,2028
2015,4,20,12,2192
2015,4,20,13,2224
2015,4,20,14,2128
2015,4,20,15,1883
2015,4,20,16,1581
2015,4,20,17,1316
2015,4,20,18,1150
2015,4,20,19,1209
2015,4,20,20,1345
2015,4,20,21,1602
2015,4,20,22,1921
2015,4,20,23,2208
2015,4,21,0,2454
2015,4,21,1,2523
2015,4,21,2,2502
2015,4,21,3,2268
2015,4,21,4,1971
2015,4,21,5,1644
2015,4,21,6,1353
2015,4,21,7,1241
2015,4,21,8,1276
2015,4,21,9,1383
2015,4,21,10,1602
2015,4,21,11,1836
2015,4,21,12,2063
2015,4,21,13,2192
2015,4,21,14,2188
2015,4,21,15,2070
2015,4,21,16,1862
2015,4,21,17,1572
2015,4,21,18,1338
2015,4,21,19,1266
2015,4,21,20,1334
2015,4,21,21,1542
2015,4,21,22,1752
2015,4,21,23,2051
2015,4,22,0,2286
2015,4,22,1,2480
2015,4,22,2,2518
2015,4,22,3,2485
2015,4,22,4,2248
2015,4,22,5,1941
2015,4,22,6,1635
2015,4,22,7,1388
2015,4,22,8,1309
2015,4,22,9,1404
2015,4,22,10,1495
2015,4,22,11,1731
2015,4,22,12,1937
2015,4,22,13,2057
2015,4,22,14,2128
2015,4,22,15,2103
2015,4,22,16,1969
2015,4,22,17,1736
2015,4,22,18,1499
2015,4,22,19,1363
2015,4,22,20,1327
2015,4,22,21,1382
2015,4,22,22,1616
2015,4,22,23,1850
2015,4,23,0,2115
2015,4,23,1,2289
2015,4,23,2,2408
2015,4,23,3,2371
2015,4,23,4,2289
2015,4,23,5,2096
2015,4,23,6,1817
2015,4,23,7,1573
2015,4,23,8,1421
2015,4,23,9,1418
2015,4,23,10,1468
2015,4,23,11,1612
2015,4,23,12,1757
2015,4,23,13,1904
2015,4,23,14,2027
2015,4,23,15,2059
2015,4,23,16,1987
2015,4,23,17,1827
2015,4,23,18,1647
2015,4,23,19,1459
2015,4,23,20,1421
2015,4,23,21,1426
2015,4,23,22,1623
2015,4,23,23,1753
2015,4,24,0,1951
2015,4,24,1,2102
2015,4,24,2,2220
2015,4,24,3,2272
2015,4,24,4,2254
2015,4,24,5,2133
2015,4,24,6,1949
2015,4,24,7,1753
2015,4,24,8,1536
2015,4,24,9,1485
2015,4,24,10,1478
2015,4,24,11,1588
2015,4,24,12,1713
2015,4,24,13,1799
2015,4,24,14,1921
2015,4,24,15,1982
2015,4,24,16,2013
2015,4,24,17,1932
2015,4,24,18,1824
2015,4,24,19,1653
2015,4,24,20,1560
2015,4,24,21,1548
2015,4,24,22,1580
2015,4,24,23,1706
2015,4,25,0,1824
2015,4,25,1,1980
2015,4,25,2,2105
2015,4,25,3,2196
2015,4,25,4,2244
2015,4,25,5,2215
2015,4,25,6,2118
2015,4,25,7,1964
2015,4,25,8,1824
2015,4,25,9,1697
2015,4,25,10,1619
2015,4,25,11,1612
2015,4,25,12,1691
2015,4,25,13,1743
2015,4,25,14,1822
2015,4,25,15,1857
2015,4,25,16,1956
2015,4,25,17,1978
2015,4,25,18,1987
2015,4,25,19,1921
2015,4,25,20,1795
2015,4,25,21,1667
2015,4,25,22,1654
2015,4,25,23,1701
2015,4,26,0,1788
2015,4,26,1,1929
2015,4,26,2,2013
2015,4,26,3,2102
2015,4,26,4,2153
2015,4,26,5,2214
2015,4,26,6,2193
2015,4,26,7,2134
2015,4,26,8,1990
2015,4,26,9,1824
2015,4,26,10,1705
2015,4,26,11,1700
2015,4,26,12,1700
2015,4,26,13,1701
2015,4,26,14,1756
2015,4,26,15,1831
2015,4,26,16,1875
2015,4,26,17,1956
2015,4,26,18,2000
2015,4,26,19,2019
2015,4,26,20,1897
2015,4,26,21,1856
2015,4,26,22,1769
2015,4,26,23,1744
2015,4,27,0,1749
2015,4,27,1,1839
2015,4,27,2,1909
2015,4,27,3,1973
2015,4,27,4,2042
2015,4,27,5,2074
2015,4,27,6,2129
2015,4,27,7,2096
2015,4,27,8,2029
2015,4,27,9,1967
2015,4,27,10,1858
2015,4,27,11,1776
2015,4,27,12,1739
2015,4,27,13,1723
2015,4,27,14,1725
2015,4,27,15,1759
2015,4,27,16,1804
2015,4,27,17,1875
2015,4,27,18,1982
2015,4,27,19,2031
2015,4,27,20,2035
2015,4,27,21,1983
2015,4,27,22,1922
2015,4,27,23,1867
2015,4,28,0,1816
2015,4,28,1,1811
2015,4,28,2,1851
2015,4,28,3,1883
2015,4,28,4,1954
2015,4,28,5,2041
2015,4,28,6,2092
2015,4,28,7,2137
2015,4,28,8,2131
2015,4,28,9,2074
2015,4,28,10,1999
2015,4,28,11,1923
2015,4,28,12,1778
2015,4,28,13,1730
2015,4,28,14,1673
2015,4,28,15,1731
2015,4,28,16,1754
2015,4,28,17,1824
2015,4,28,18,1969
2015,4,28,19,2041
2015,4,28,20,2078
2015,4,28,21,2099
2015,4,28,22,2057
2015,4,28,23,1943
2015,4,29,0,1838
2015,4,29,1,1833
2015,4,29,2,1763
2015,4,29,3,1817
2015,4,29,4,1812
2015,4,29,5,1869
2015,4,29,6,1946
2015,4,29,7,2067
2015,4,29,8,2113
2015,4,29,9,2141
2015,4,29,10,2112
2015,4,29,11,1971
2015,4,29,12,1844
2015,4,29,13,1731
2015,4,29,14,1649
2015,4,29,15,1623
2015,4,29,16,1638
2015,4,29,17,1707
2015,4,29,18,1858
2015,4,29,19,1997
2015,4,29,20,2110
2015,4,29,21,2173
2015,4,29,22,2161
2015,4,29,23,2081
2015,4,30,0,1955
2015,4,30,1,1833
2015,4,30,2,1727
2015,4,30,3,1669
2015,4,30,4,1672
2015,4,30,5,1717
2015,4,30,6,1820
2015,4,30,7,1959
2015,4,30,8,2064
2015,4,30,9,2113
2015,4,30,10,2129
2015,4,30,11,2047
2015,4,30,12,1929
2015,4,30,13,1777
2015,4,30,14,1628
2015,4,30,15,1532
2015,4,30,16,1499
2015,4,30,17,1606
2015,4,30,18,1727
2015,4,30,19,1912
2015,4,30,20,2085
2015,4,30,21,2209
2015,4,30,22,2249
2015,4,30,23,2230
2015,5,1,0,2100
2015,5,1,1,1929
2015,5,1,2,1787
2015,5,1,3,1674
2015,5,1,4,1625
2015,5,1,5,1653
2015,5,1,6,1715
2015,5,1,7,1854
2015,5,1,8,2000
2015,5,1,9,2111
2015,5,1,10,2157
2015,5,1,11,2159
2015,5,1,12,2057
2015,5,1,13,1868
2015,5,1,14,1686
2015,5,1,15,1559
2015,5,1,16,1495
2015,5,1,17,1547
2015,5,1,18,1659
2015,5,1,19,1846
2015,5,1,20,2056
2015,5,1,21,2211
2015,5,1,22,2324
2015,5,1,23,2331
2015,5,2,0,2224
2015,5,2,1,2054
2015,5,2,2,1856
2015,5,2,3,1659
2015,5,2,4,1550
2015,5,2,5,1532
2015,5,2,6,1609
2015,5,2,7,1721
2015,5,2,8,1906
2015,5,2,9,2013
2015,5,2,10,2143
2015,5,2,11,2175
2015,5,2,12,2079
2015,5,2,13,1958
2015,5,2,14,1689
2015,5,2,15,1552
2015,5,2,16,1438
2015,5,2,17,1412
2015,5,2,18,1535
2015,5,2,19,1739
2015,5,2,20,1945
2015,5,2,21,2151
2015,5,2,22,2310
2015,5,2,23,2355
2015,5,3,0,2328
2015,5,3,1,2131
2015,5,3,2,1967
2015,5,3,3,1721
2015,5,3,4,1547
2015,5,3,5,1443
2015,5,3,6,1474
2015,5,3,7,1575
2015,5,3,8,1742
2015,5,3,9,1901
2015,5,3,10,2059
2015,5,3,11,2157
2015,5,3,12,2172
2015,5,3,13,2029
2015,5,3,14,1870
2015,5,3,15,1613
2015,5,3,16,1417
2015,5,3,17,1393
2015,5,3,18,1456
2015,5,3,19,1644
2015,5,3,20,1847
2015,5,3,21,2033
2015,5,3,22,2274
2015,5,3,23,2419
2015,5,4,0,2409
2015,5,4,1,2342
2015,5,4,2,2123
2015,5,4,3,1840
2015,5,4,4,1610
2015,5,4,5,1451
2015,5,4,6,1414
2015,5,4,7,1496
2015,5,4,8,1628
2015,5,4,9,1830
2015,5,4,10,1993
2015,5,4,11,2150
2015,5,4,12,2238
2015,5,4,13,2156
2015,5,4,14,1972
2015,5,4,15,1722
2015,5,4,16,1469
2015,5,4,17,1354
2015,5,4,18,1369
2015,5,4,19,1492
2015,5,4,20,1711
2015,5,4,21,1945
2015,5,4,22,2211
2015,5,4,23,2392
2015,5,5,0,2458
2015,5,5,1,2465
2015,5,5,2,2281
2015,5,5,3,2026
2015,5,5,4,1742
2015,5,5,5,1520
2015,5,5,6,1423
2015,5,5,7,1420
2015,5,5,8,1534
2015,5,5,9,1737
2015,5,5,10,1908
2015,5,5,11,2080
2015,5,5,12,2229
2015,5,5,13,2195
2015,5,5,14,2104
2015,5,5,15,1852
2015,5,5,16,1612
2015,5,5,17,1418
2015,5,5,18,1356
2015,5,5,19,1447
2015,5,5,20,1614
2015,5,5,21,1840
2015,5,5,22,2084
2015,5,5,23,2342
2015,5,6,0,2467
2015,5,6,1,2526
2015,5,6,2,2448
2015,5,6,3,2192
2015,5,6,4,1906
2015,5,6,5,1626
2015,5,6,6,1473
2015,5,6,7,1410
2015,5,6,8,1485
2015,5,6,9,1599
2015,5,6,10,1782
2015,5,6,11,2002
2015,5,6,12,2121
2015,5,6,13,2219
2015,5,6,14,2160
2015,5,6,15,2007
2015,5,6,16,1767
2015,5,6,17,1540
2015,5,6,18,1407
2015,5,6,19,1435
2015,5,6,20,1519
2015,5,6,21,1700
2015,5,6,22,1977
2015,5,6,23,2186
2015,5,7,0,2443
2015,5,7,1,2521
2015,5,7,2,2499
2015,5,7,3,2380
2015,5,7,4,2100
2015,5,7,5,1833
2015,5,7,6,1591
2015,5,7,7,1457
2015,5,7,8,1501
2015,5,7,9,1568
2015,5,7,10,1725
2015,5,7,11,1953
2015,5,7,12,2090
2015,5,7,13,2191
2015,5,7,14,2201
2015,5,7,15,2112
2015,5,7,16,1944
2015,5,7,17,1643
2015,5,7,18,1513
2015,5,7,19,1447
2015,5,7,20,1479
2015,5,7,21,1629
2015,5,7,22,1838
2015,5,7,23,2043
2015,5,8,0,2321
2015,5,8,1,2448
2015,5,8,2,2542
2015,5,8,3,2452
2015,5,8,4,2262
2015,5,8,5,2009
2015,5,8,6,1723
2015,5,8,7,1510
2015,5,8,8,1429
2015,5,8,9,1475
2015,5,8,10,1618
2015,5,8,11,1778
2015,5,8,12,1939
2015,5,8,13,2096
2015,5,8,14,2131
2015,5,8,15,2116
2015,5,8,16,2030
2015,5,8,17,1811
2015,5,8,18,1627
2015,5,8,19,1521
2015,5,8,20,1439
2015,5,8,21,1570
2015,5,8,22,1712
2015,5,8,23,1939
2015,5,9,0,2124
2015,5,9,1,2330
2015,5,9,2,2447
2015,5,9,3,2461
2015,5,9,4,2380
2015,5,9,5,2183
2015,5,9,6,1948
2015,5,9,7,1720
2015,5,9,8,1603
2015,5,9,9,1526
2015,5,9,10,1564
2015,5,9,11,1689
2015,5,9,12,1885
2015,5,9,13,1998
2015,5,9,14,2103
2015,5,9,15,2118
2015,5,9,16,2087
2015,5,9,17,1951
2015,5,9,18,1766
2015,5,9,19,1641
2015,5,9,20,1557
2015,5,9,21,1526
2015,5,9,22,1593
2015,5,9,23,1752
2015,5,10,0,1931
2015,5,10,1,2140
2015,5,10,2,2339
2015,5,10,3,2394
2015,5,10,4,2403
2015,5,10,5,2289
2015,5,10,6,2134
2015,5,10,7,1888
2015,5,10,8,1670
2015,5,10,9,1558
2015,5,10,10,1536
2015,5,10,11,1619
2015,5,10,12,1742
2015,5,10,13,1880
2015,5,10,14,1961
2015,5,10,15,2026
2015,5,10,16,2074
2015,5,10,17,2054
2015,5,10,18,1939
2015,5,10,19,1795
2015,5,10,20,1661
2015,5,10,21,1618
2015,5,10,22,1610
2015,5,10,23,1673
2015,5,11,0,1788
2015,5,11,1,1935
2015,5,11,2,2112
2015,5,11,3,2218
2015,5,11,4,2312
2015,5,11,5,2330
2015,5,11,6,2219
2015,5,11,7,2085
2015,5,11,8,1881
2015,5,11,9,1716
2015,5,11,10,1599
2015,5,11,11,1587
2015,5,11,12,1629
2015,5,11,13,1726
2015,5,11,14,1802
2015,5,11,15,1913
2015,5,11,16,2000
2015,5,11,17,2064
2015,5,11,18,2087
2015,5,11,19,2011
2015,5,11,20,1849
2015,5,11,21,1792
2015,5,11,22,1694
2015,5,11,23,1670
2015,5,12,0,1705
2015,5,12,1,1805
2015,5,12,2,1901
2015,5,12,3,2073
2015,5,12,4,2182
2015,5,12,5,2220
2015,5,12,6,2261
2015,5,12,7,2156
2015,5,12,8,2075
2015,5,12,9,1893
2015,5,12,10,1719
2015,5,12,11,1609
2015,5,12,12,1588
2015,5,12,13,1605
2015,5,12,14,1673
2015,5,12,15,1781
2015,5,12,16,1868
2015,5,12,17,1996
2015,5,12,18,2075
2015,5,12,19,2087
2015,5,12,20,2077
2015,5,12,21,1958
2015,5,12,22,1790
2015,5,12,23,1721
2015,5,13,0,1649
2015,5,13,1,1664
2015,5,13,2,1759
2015,5,13,3,1832
2015,5,13,4,1933
2015,5,13,5,2053
2015,5,13,6,2183
2015,5,13,7,2204
2015,5,13,8,2138
2015,5,13,9,2011
2015,5,13,10,1820
2015,5,13,11,1672
2015,5,13,12,1586
2015,5,13,13,1529
2015,5,13,14,1522
2015,5,13,15,1612
2015,5,13,16,1746
2015,5,13,17,1857
2015,5,13,18,2034
2015,5,13,19,2161
2015,5,13,20,2202
2015,5,13,21,2160
2015,5,13,22,2029
2015,5,13,23,1820
2015,5,14,0,1697
2015,5,14,1,1606
2015,5,14,2,1609
2015,5,14,3,1677
2015,5,14,4,1713
2015,5,14,5,1828
2015,5,14,6,1982
2015,5,14,7,2118
2015,5,14,8,2176
2015,5,14,9,2157
2015,5,14,10,1995
2015,5,14,11,1839
2015,5,14,12,1667
2015,5,14,13,1542
2015,5,14,14,1460
2015,5,14,15,1475
2015,5,14,16,1574
2015,5,14,17,1738
2015,5,14,18,1937
2015,5,14,19,2140
2015,5,14,20,2272
2015,5,14,21,2329
2015,5,14,22,2238
2015,5,14,23,2067
2015,5,15,0,1886
2015,5,15,1,1704
2015,5,15,2,1589
2015,5,15,3,1549
2015,5,15,4,1554
2015,5,15,5,1648
2015,5,15,6,1802
2015,5,15,7,1985
2015,5,15,8,2157
2015,5,15,9,2245
2015,5,15,10,2211
2015,5,15,11,2075
2015,5,15,12,1862
2015,5,15,13,1658
2015,5,15,14,1488
2015,5,15,15,1404
2015,5,15,16,1458
2015,5,15,17,1587
2015,5,15,18,1806
2015,5,15,19,2057
2015,5,15,20,2260
2015,5,15,21,2432
2015,5,15,22,2456
2015,5,15,23,2409
2015,5,16,0,2188
2015,5,16,1,1966
2015,5,16,2,1744
2015,5,16,3,1586
2015,5,16,4,1516
2015,5,16,5,1580
2015,5,16,6,1669
2015,5,16,7,1833
2015,5,16,8,2019
2015,5,16,9,2163
2015,5,16,10,2291
2015,5,16,11,2274
2015,5,16,12,2081
2015,5,16,13,1851
2015,5,16,14,1616
2015,5,16,15,1450
2015,5,16,16,1423
2015,5,16,17,1480
2015,5,16,18,1630
2015,5,16,19,1904
2015,5,16,20,2142
2015,5,16,21,2392
2015,5,16,22,2568
2015,5,16,23,2605
2015,5,17,0,2493
2015,5,17,1,2256
2015,5,17,2,1978
2015,5,17,3,1702
2015,5,17,4,1542
2015,5,17,5,1505
2015,5,17,6,1542
2015,5,17,7,1652
2015,5,17,8,1872
2015,5,17,9,2059
2015,5,17,10,2251
2015,5,17,11,2355
2015,5,17,12,2312
2015,5,17,13,2124
2015,5,17,14,1864
2015,5,17,15,1605
2015,5,17,16,1484
2015,5,17,17,1442
2015,5,17,18,1542
2015,5,17,19,1734
2015,5,17,20,1980
2015,5,17,21,2291
2015,5,17,22,2547
2015,5,17,23,2702
2015,5,18,0,2698
2015,5,18,1,2547
2015,5,18,2,2273
2015,5,18,3,1968
2015,5,18,4,1673
2015,5,18,5,1544
2015,5,18,6,1487
2015,5,18,7,1568
2015,5,18,8,1679
2015,5,18,9,1885
2015,5,18,10,2120
2015,5,18,11,2296
2015,5,18,12,2375
2015,5,18,13,2282
2015,5,18,14,2057
2015,5,18,15,1748
2015,5,18,16,1532
2015,5,18,17,1426
2015,5,18,18,1426
2015,5,18,19,1594
2015,5,18,20,1835
2015,5,18,21,2142
2015,5,18,22,2369
2015,5,18,23,2595
2015,5,19,0,2698
2015,5,19,1,2666
2015,5,19,2,2509
2015,5,19,3,2226
2015,5,19,4,1868
2015,5,19,5,1593
2015,5,19,6,1494
2015,5,19,7,1458
2015,5,19,8,1600
2015,5,19,9,1710
2015,5,19,10,1970
2015,5,19,11,2154
2015,5,19,12,2308
2015,5,19,13,2344
2015,5,19,14,2230
2015,5,19,15,2012
2015,5,19,16,1703
2015,5,19,17,1526
2015,5,19,18,1482
2015,5,19,19,1525
2015,5,19,20,1686
2015,5,19,21,1958
2015,5,19,22,2236
2015,5,19,23,2483
2015,5,20,0,2656
2015,5,20,1,2705
2015,5,20,2,2617
2015,5,20,3,2448
2015,5,20,4,2138
2015,5,20,5,1880
2015,5,20,6,1652
2015,5,20,7,1547
2015,5,20,8,1516
2015,5,20,9,1616
2015,5,20,10,1841
2015,5,20,11,2060
2015,5,20,12,2254
2015,5,20,13,2329
2015,5,20,14,2320
2015,5,20,15,2161
2015,5,20,16,1900
2015,5,20,17,1673
2015,5,20,18,1514
2015,5,20,19,1477
2015,5,20,20,1596
2015,5,20,21,1775
2015,5,20,22,2048
2015,5,20,23,2278
2015,5,21,0,2495
2015,5,21,1,2597
2015,5,21,2,2634
2015,5,21,3,2534
2015,5,21,4,2310
2015,5,21,5,1999
2015,5,21,6,1718
2015,5,21,7,1594
2015,5,21,8,1575
2015,5,21,9,1558
2015,5,21,10,1759
2015,5,21,11,1885
2015,5,21,12,2071
2015,5,21,13,2203
2015,5,21,14,2286
2015,5,21,15,2233
2015,5,21,16,2067
2015,5,21,17,1830
2015,5,21,18,1603
2015,5,21,19,1515
2015,5,21,20,1561
2015,5,21,21,1698
2015,5,21,22,1871
2015,5,21,23,2074
2015,5,22,0,2305
2015,5,22,1,2438
2015,5,22,2,2570
2015,5,22,3,2566
2015,5,22,4,2444
2015,5,22,5,2188
2015,5,22,6,1937
2015,5,22,7,1726
2015,5,22,8,1603
2015,5,22,9,1590
2015,5,22,10,1679
2015,5,22,11,1805
2015,5,22,12,1967
2015,5,22,13,2096
2015,5,22,14,2208
2015,5,22,15,2219
2015,5,22,16,2126
2015,5,22,17,1978
2015,5,22,18,1790
2015,5,22,19,1614
2015,5,22,20,1610
2015,5,22,21,1654
2015,5,22,22,1778
2015,5,22,23,1964
2015,5,23,0,2171
2015,5,23,1,2312
2015,5,23,2,2437
2015,5,23,3,2489
2015,5,23,4,2433
2015,5,23,5,2273
2015,5,23,6,2063
2015,5,23,7,1853
2015,5,23,8,1702
2015,5,23,9,1607
2015,5,23,10,1657
2015,5,23,11,1731
2015,5,23,12,1848
2015,5,23,13,1986
2015,5,23,14,2085
2015,5,23,15,2153
2015,5,23,16,2160
2015,5,23,17,2085
2015,5,23,18,1948
2015,5,23,19,1788
2015,5,23,20,1688
2015,5,23,21,1666
2015,5,23,22,1731
2015,5,23,23,1871
2015,5,24,0,2029
2015,5,24,1,2180
2015,5,24,2,2326
2015,5,24,3,2394
2015,5,24,4,2400
2015,5,24,5,2304
2015,5,24,6,2192
2015,5,24,7,1997
2015,5,24,8,1855
2015,5,24,9,1714
2015,5,24,10,1708
2015,5,24,11,1730
2015,5,24,12,1823
2015,5,24,13,1859
2015,5,24,14,1972
2015,5,24,15,2085
2015,5,24,16,2140
2015,5,24,17,2112
2015,5,24,18,2028
2015,5,24,19,1875
2015,5,24,20,1822
2015,5,24,21,1743
2015,5,24,22,1724
2015,5,24,23,1782
2015,5,25,0,1872
2015,5,25,1,2022
2015,5,25,2,2143
2015,5,25,3,2204
2015,5,25,4,2291
2015,5,25,5,2263
2015,5,25,6,2206
2015,5,25,7,2054
2015,5,25,8,1888
2015,5,25,9,1737
2015,5,25,10,1701
2015,5,25,11,1670
2015,5,25,12,1701
2015,5,25,13,1788
2015,5,25,14,1850
2015,5,25,15,1971
2015,5,25,16,1990
2015,5,25,17,2073
2015,5,25,18,2046
2015,5,25,19,2000
2015,5,25,20,1912
2015,5,25,21,1834
2015,5,25,22,1755
2015,5,25,23,1754
2015,5,26,0,1817
2015,5,26,1,1923
2015,5,26,2,2037
2015,5,26,3,2116
2015,5,26,4,2175
2015,5,26,5,2208
2015,5,26,6,2202
2015,5,26,7,2149
2015,5,26,8,2043
2015,5,26,9,1943
2015,5,26,10,1819
2015,5,26,11,1761
2015,5,26,12,1734
2015,5,26,13,1766
2015,5,26,14,1812
2015,5,26,15,1894
2015,5,26,16,1974
2015,5,26,17,2049
2015,5,26,18,2089
2015,5,26,19,2103
2015,5,26,20,2076
2015,5,26,21,1999
2015,5,26,22,1929
2015,5,26,23,1856
2015,5,27,0,1803
2015,5,27,1,1825
2015,5,27,2,1932
2015,5,27,3,1996
2015,5,27,4,2064
2015,5,27,5,2128
2015,5,27,6,2170
2015,5,27,7,2182
2015,5,27,8,2137
2015,5,27,9,2049
2015,5,27,10,1935
2015,5,27,11,1838
2015,5,27,12,1760
2015,5,27,13,1742
2015,5,27,14,1731
2015,5,27,15,1801
2015,5,27,16,1891
2015,5,27,17,1970
2015,5,27,18,2057
2015,5,27,19,2153
2015,5,27,20,2155
2015,5,27,21,2119
2015,5,27,22,2006
2015,5,27,23,1943
2015,5,28,0,1839
2015,5,28,1,1849
2015,5,28,2,1809
2015,5,28,3,1877
2015,5,28,4,1958
2015,5,28,5,2026
2015,5,28,6,2121
2015,5,28,7,2125
2015,5,28,8,2123
2015,5,28,9,2111
2015,5,28,10,2013
2015,5,28,11,1886
2015,5,28,12,1796
2015,5,28,13,1700
2015,5,28,14,1635
2015,5,28,15,1681
2015,5,28,16,1750
2015,5,28,17,1862
2015,5,28,18,2012
2015,5,28,19,2150
2015,5,28,20,2182
2015,5,28,21,2178
2015,5,28,22,2126
2015,5,28,23,2022
2015,5,29,0,1914
2015,5,29,1,1818
2015,5,29,2,1707
2015,5,29,3,1764
2015,5,29,4,1851
2015,5,29,5,1933
2015,5,29,6,1985
2015,5,29,7,2073
2015,5,29,8,2136
2015,5,29,9,2133
2015,5,29,10,2092
2015,5,29,11,2009
2015,5,29,12,1869
2015,5,29,13,1726
2015,5,29,14,1644
2015,5,29,15,1596
2015,5,29,16,1675
2015,5,29,17,1795
2015,5,29,18,1953
2015,5,29,19,2116
2015,5,29,20,2205
2015,5,29,21,2281
2015,5,29,22,2265
2015,5,29,23,2178
2015,5,30,0,2022
2015,5,30,1,1865
2015,5,30,2,1780
2015,5,30,3,1707
2015,5,30,4,1716
2015,5,30,5,1773
2015,5,30,6,1855
2015,5,30,7,1958
2015,5,30,8,2099
2015,5,30,9,2180
2015,5,30,10,2181
2015,5,30,11,2111
2015,5,30,12,1964
2015,5,30,13,1820
2015,5,30,14,1689
2015,5,30,15,1609
2015,5,30,16,1598
2015,5,30,17,1651
2015,5,30,18,1821
2015,5,30,19,2001
2015,5,30,20,2211
2015,5,30,21,2305
2015,5,30,22,2379
2015,5,30,23,2352
2015,5,31,0,2215
2015,5,31,1,1993
2015,5,31,2,1814
2015,5,31,3,1699
2015,5,31,4,1659
2015,5,31,5,1654
2015,5,31,6,1742
2015,5,31,7,1835
2015,5,31,8,1997
2015,5,31,9,2140
2015,5,31,10,2195
2015,5,31,11,2150
2015,5,31,12,2060
2015,5,31,13,1814
2015,5,31,14,1708
2015,5,31,15,1541
2015,5,31,16,1450
2015,5,31,17,1578
2015,5,31,18,1680
2015,5,31,19,1876
2015,5,31,20,2115
2015,5,31,21,2311
2015,5,31,22,2416
2015,5,31,23,2436
2015,6,1,0,2313
2015,6,1,1,2137
2015,6,1,2,1915
2015,6,1,3,1738
2015,6,1,4,1609
2015,6,1,5,1556
2015,6,1,6,1616
2015,6,1,7,1731
2015,6,1,8,1846
2015,6,1,9,2022
2015,6,1,10,2096
2015,6,1,11,2178
2015,6,1,12,2130
2015,6,1,13,1958
2015,6,1,14,1753
2015,6,1,15,1523
2015,6,1,16,1434
2015,6,1,17,1438
2015,6,1,18,1574
2015,6,1,19,1801
2015,6,1,20,1998
2015,6,1,21,2204
2015,6,1,22,2360
2015,6,1,23,2462
2015,6,2,0,2407
2015,6,2,1,2245
2015,6,2,2,2009
2015,6,2,3,1789
2015,6,2,4,1598
2015,6,2,5,1458
2015,6,2,6,1474
2015,6,2,7,1549
2015,6,2,8,1713
2015,6,2,9,1871
2015,6,2,10,2044
2015,6,2,11,2188
2015,6,2,12,2147
2015,6,2,13,2054
2015,6,2,14,1904
2015,6,2,15,1628
2015,6,2,16,1487
2015,6,2,17,1416
2015,6,2,18,1443
2015,6,2,19,1615
2015,6,2,20,1808
2015,6,2,21,2097
2015,6,2,22,2313
2015,6,2,23,2454
2015,6,3,0,2477
2015,6,3,1,2378
2015,6,3,2,2196
2015,6,3,3,1935
2015,6,3,4,1647
2015,6,3,5,1488
2015,6,3,6,1407
2015,6,3,7,1478
2015,6,3,8,1603
2015,6,3,9,1795
2015,6,3,10,1982
2015,6,3,11,2136
2015,6,3,12,2224
2015,6,3,13,2158
2015,6,3,14,2022
2015,6,3,15,1759
2015,6,3,16,1554
2015,6,3,17,1385
2015,6,3,18,1423
2015,6,3,19,1503
2015,6,3,20,1679
2015,6,3,21,1942
2015,6,3,22,2226
2015,6,3,23,2378
2015,6,4,0,2505
2015,6,4,1,2516
2015,6,4,2,2355
2015,6,4,3,2126
2015,6,4,4,1802
2015,6,4,5,1619
2015,6,4,6,1432
2015,6,4,7,1419
2015,6,4,8,1484
2015,6,4,9,1632
2015,6,4,10,1860
2015,6,4,11,2070
2015,6,4,12,2198
2015,6,4,13,2233
2015,6,4,14,2180
2015,6,4,15,1955
2015,6,4,16,1702
2015,6,4,17,1544
2015,6,4,18,1416
2015,6,4,19,1434
2015,6,4,20,1602
2015,6,4,21,1796
2015,6,4,22,2017
2015,6,4,23,2316
2015,6,5,0,2492
2015,6,5,1,2576
2015,6,5,2,2564
2015,6,5,3,2316
2015,6,5,4,2076
2015,6,5,5,1779
2015,6,5,6,1558
2015,6,5,7,1407
2015,6,5,8,1426
2015,6,5,9,1562
2015,6,5,10,1727
2015,6,5,11,1935
2015,6,5,12,2076
2015,6,5,13,2212
2015,6,5,14,2221
2015,6,5,15,2083
2015,6,5,16,1892
2015,6,5,17,1676
2015,6,5,18,1519
2015,6,5,19,1403
2015,6,5,20,1480
2015,6,5,21,1622
2015,6,5,22,1868
2015,6,5,23,2168
2015,6,6,0,2368
2015,6,6,1,2515
2015,6,6,2,2553
2015,6,6,3,2474
2015,6,6,4,2282
2015,6,6,5,2019
2015,6,6,6,1750
2015,6,6,7,1524
2015,6,6,8,1433
2015,6,6,9,1460
2015,6,6,10,1670
2015,6,6,11,1823
2015,6,6,12,2002
2015,6,6,13,2132
2015,6,6,14,2241
2015,6,6,15,2200
2015,6,6,16,2096
2015,6,6,17,1837
2015,6,6,18,1628
2015,6,6,19,1485
2015,6,6,20,1478
2015,6,6,21,1529
2015,6,6,22,1687
2015,6,6,23,1917
2015,6,7,0,2160
2015,6,7,1,2360
2015,6,7,2,2419
2015,6,7,3,2478
2015,6,7,4,2320
2015,6,7,5,2083
2015,6,7,6,1809
2015,6,7,7,1563
2015,6,7,8,1430
2015,6,7,9,1404
2015,6,7,10,1478
2015,6,7,11,1637
2015,6,7,12,1857
2015,6,7,13,1961
2015,6,7,14,2127
2015,6,7,15,2185
2015,6,7,16,2149
2015,6,7,17,2027
2015,6,7,18,1826
2015,6,7,19,1622
2015,6,7,20,1519
2015,6,7,21,1545
2015,6,7,22,1587
2015,6,7,23,1766
2015,6,8,0,1962
2015,6,8,1,2163
2015,6,8,2,2336
2015,6,8,3,2413
2015,6,8,4,2393
2015,6,8,5,2233
2015,6,8,6,2057
2015,6,8,7,1766
2015,6,8,8,1539
2015,6,8,9,1500
2015,6,8,10,1489
2015,6,8,11,1557
2015,6,8,12,1728
2015,6,8,13,1852
2015,6,8,14,1991
2015,6,8,15,2134
2015,6,8,16,2192
2015,6,8,17,2154
2015,6,8,18,2059
2015,6,8,19,1836
2015,6,8,20,1726
2015,6,8,21,1650
2015,6,8,22,1638
2015,6,8,23,1709
2015,6,9,0,1811
2015,6,9,1,1951
2015,6,9,2,2151
2015,6,9,3,2307
2015,6,9,4,2377
2015,6,9,5,2373
2015,6,9,6,2235
2015,6,9,7,2015
2015,6,9,8,1788
2015,6,9,9,1602
2015,6,9,10,1532
2015,6,9,11,1543
2015,6,9,12,1647
2015,6,9,13,1755
2015,6,9,14,1884
2015,6,9,15,2043
2015,6,9,16,2169
2015,6,9,17,2252
2015,6,9,18,2260
2015,6,9,19,2099
2015,6,9,20,1922
2015,6,9,21,1814
2015,6,9,22,1715
2015,6,9,23,1691
2015,6,10,0,1715
2015,6,10,1,1798
2015,6,10,2,1922
2015,6,10,3,2089
2015,6,10,4,2197
2015,6,10,5,2255
2015,6,10,6,2253
2015,6,10,7,2151
2015,6,10,8,1965
2015,6,10,9,1762
2015,6,10,10,1608
2015,6,10,11,1536
2015,6,10,12,1575
2015,6,10,13,1625
2015,6,10,14,1733
2015,6,10,15,1887
2015,6,10,16,1994
2015,6,10,17,2143
2015,6,10,18,2262
2015,6,10,19,2261
2015,6,10,20,2157
2015,6,10,21,2007
2015,6,10,22,1862
2015,6,10,23,1758
2015,6,11,0,1711
2015,6,11,1,1717
2015,6,11,2,1791
2015,6,11,3,1871
2015,6,11,4,2010
2015,6,11,5,2137
2015,6,11,6,2194
2015,6,11,7,2173
2015,6,11,8,2115
2015,6,11,9,1979
2015,6,11,10,1782
2015,6,11,11,1673
2015,6,11,12,1595
2015,6,11,13,1599
2015,6,11,14,1667
2015,6,11,15,1768
2015,6,11,16,1890
2015,6,11,17,2048
2015,6,11,18,2221
2015,6,11,19,2346
2015,6,11,20,2419
2015,6,11,21,2278
2015,6,11,22,2123
2015,6,11,23,1950
2015,6,12,0,1807
2015,6,12,1,1754
2015,6,12,2,1691
2015,6,12,3,1709
2015,6,12,4,1817
2015,6,12,5,1967
2015,6,12,6,2078
2015,6,12,7,2148
2015,6,12,8,2163
2015,6,12,9,2112
2015,6,12,10,1988
2015,6,12,11,1816
2015,6,12,12,1703
2015,6,12,13,1588
2015,6,12,14,1573
2015,6,12,15,1604
2015,6,12,16,1731
2015,6,12,17,1945
2015,6,12,18,2123
2015,6,12,19,2291
2015,6,12,20,2420
2015,6,12,21,2429
2015,6,12,22,2347
2015,6,12,23,2190
2015,6,13,0,1975
2015,6,13,1,1801
2015,6,13,2,1693
2015,6,13,3,1628
2015,6,13,4,1693
2015,6,13,5,1765
2015,6,13,6,1893
2015,6,13,7,1989
2015,6,13,8,2124
2015,6,13,9,2132
2015,6,13,10,2123
2015,6,13,11,2019
2015,6,13,12,1838
2015,6,13,13,1638
2015,6,13,14,1557
2015,6,13,15,1508
2015,6,13,16,1587
2015,6,13,17,1734
2015,6,13,18,1946
2015,6,13,19,2185
2015,6,13,20,2370
2015,6,13,21,2495
2015,6,13,22,2480
2015,6,13,23,2355
2015,6,14,0,2188
2015,6,14,1,1915
2015,6,14,2,1731
2015,6,14,3,1627
2015,6,14,4,1596
2015,6,14,5,1612
2015,6,14,6,1716
2015,6,14,7,1823
2015,6,14,8,1955
2015,6,14,9,2092
2015,6,14,10,2174
2015,6,14,11,2132
2015,6,14,12,1974
2015,6,14,13,1772
2015,6,14,14,1574
2015,6,14,15,1497
2015,6,14,16,1504
2015,6,14,17,1579
2015,6,14,18,1750
2015,6,14,19,2006
2015,6,14,20,2239
2015,6,14,21,2453
2015,6,14,22,2597
2015,6,14,23,2576
2015,6,15,0,2422
2015,6,15,1,2160
2015,6,15,2,1881
2015,6,15,3,1732
2015,6,15,4,1555
2015,6,15,5,1490
2015,6,15,6,1516
2015,6,15,7,1636
2015,6,15,8,1778
2015,6,15,9,2003
2015,6,15,10,2134
2015,6,15,11,2214
2015,6,15,12,2162
2015,6,15,13,1953
2015,6,15,14,1727
2015,6,15,15,1529
2015,6,15,16,1468
2015,6,15,17,1503
2015,6,15,18,1612
2015,6,15,19,1783
2015,6,15,20,2046
2015,6,15,21,2278
2015,6,15,22,2483
2015,6,15,23,2603
2015,6,16,0,2547
2015,6,16,1,2399
2015,6,16,2,2119
2015,6,16,3,1879
2015,6,16,4,1641
2015,6,16,5,1513
2015,6,16,6,1499
2015,6,16,7,1526
2015,6,16,8,1688
2015,6,16,9,1854
2015,6,16,10,2063
2015,6,16,11,2175
2015,6,16,12,2247
2015,6,16,13,2110
2015,6,16,14,1891
2015,6,16,15,1619
2015,6,16,16,1414
2015,6,16,17,1391
2015,6,16,18,1419
2015,6,16,19,1590
2015,6,16,20,1824
2015,6,16,21,2080
2015,6,16,22,2301
2015,6,16,23,2474
2015,6,17,0,2555
2015,6,17,1,2468
2015,6,17,2,2288
2015,6,17,3,2027
2015,6,17,4,1747
2015,6,17,5,1530
2015,6,17,6,1481
2015,6,17,7,1478
2015,6,17,8,1530
2015,6,17,9,1695
2015,6,17,10,1878
2015,6,17,11,2063
2015,6,17,12,2187
2015,6,17,13,2223
2015,6,17,14,2034
2015,6,17,15,1798
2015,6,17,16,1576
2015,6,17,17,1407
2015,6,17,18,1446
2015,6,17,19,1520
2015,6,17,20,1711
2015,6,17,21,1948
2015,6,17,22,2208
2015,6,17,23,2406
2015,6,18,0,2539
2015,6,18,1,2539
2015,6,18,2,2435
2015,6,18,3,2227
2015,6,18,4,1944
2015,6,18,5,1665
2015,6,18,6,1547
2015,6,18,7,1473
2015,6,18,8,1509
2015,6,18,9,1625
2015,6,18,10,1807
2015,6,18,11,2011
2015,6,18,12,2147
2015,6,18,13,2249
2015,6,18,14,2156
2015,6,18,15,1994
2015,6,18,16,1742
2015,6,18,17,1523
2015,6,18,18,1430
2015,6,18,19,1449
2015,6,18,20,1570
2015,6,18,21,1765
2015,6,18,22,1967
2015,6,18,23,2213
2015,6,19,0,2406
2015,6,19,1,2490
2015,6,19,2,2464
2015,6,19,3,2358
2015,6,19,4,2096
2015,6,19,5,1832
2015,6,19,6,1617
2015,6,19,7,1497
2015,6,19,8,1474
2015,6,19,9,1543
2015,6,19,10,1689
2015,6,19,11,1886
2015,6,19,12,2036
2015,6,19,13,2192
2015,6,19,14,2193
2015,6,19,15,2123
2015,6,19,16,1897
2015,6,19,17,1672
2015,6,19,18,1490
2015,6,19,19,1432
2015,6,19,20,1492
2015,6,19,21,1666
2015,6,19,22,1822
2015,6,19,23,2094
2015,6,20,0,2247
2015,6,20,1,2394
2015,6,20,2,2415
2015,6,20,3,2319
2015,6,20,4,2175
2015,6,20,5,1958
2015,6,20,6,1651
2015,6,20,7,1491
2015,6,20,8,1460
2015,6,20,9,1477
2015,6,20,10,1587
2015,6,20,11,1776
2015,6,20,12,1912
2015,6,20,13,2015
2015,6,20,14,2117
2015,6,20,15,2064
2015,6,20,16,1975
2015,6,20,17,1781
2015,6,20,18,1598
2015,6,20,19,1489
2015,6,20,20,1466
2015,6,20,21,1541
2015,6,20,22,1710
2015,6,20,23,1872
2015,6,21,0,2107
2015,6,21,1,2250
2015,6,21,2,2329
2015,6,21,3,2311
2015,6,21,4,2201
2015,6,21,5,1992
2015,6,21,6,1784
2015,6,21,7,1590
2015,6,21,8,1470
2015,6,21,9,1451
2015,6,21,10,1553
2015,6,21,11,1703
2015,6,21,12,1884
2015,6,21,13,2015
2015,6,21,14,2090
2015,6,21,15,2106
2015,6,21,16,2059
2015,6,21,17,1949
2015,6,21,18,1779
2015,6,21,19,1630
2015,6,21,20,1532
2015,6,21,21,1577
2015,6,21,22,1660
2015,6,21,23,1776
2015,6,22,0,1997
2015,6,22,1,2140
2015,6,22,2,2258
2015,6,22,3,2307
2015,6,22,4,2232
2015,6,22,5,2080
2015,6,22,6,1866
2015,6,22,7,1664
2015,6,22,8,1540
2015,6,22,9,1487
2015,6,22,10,1514
2015,6,22,11,1622
2015,6,22,12,1771
2015,6,22,13,1900
2015,6,22,14,1993
2015,6,22,15,2051
2015,6,22,16,2052
2015,6,22,17,2001
2015,6,22,18,1874
2015,6,22,19,1727
2015,6,22,20,1631
2015,6,22,21,1588
2015,6,22,22,1604
2015,6,22,23,1732
2015,6,23,0,1849
2015,6,23,1,1985
2015,6,23,2,2106
2015,6,23,3,2163
2015,6,23,4,2192
2015,6,23,5,2115
2015,6,23,6,1926
2015,6,23,7,1775
2015,6,23,8,1605
2015,6,23,9,1506
2015,6,23,10,1522
2015,6,23,11,1566
2015,6,23,12,1681
2015,6,23,13,1817
2015,6,23,14,1887
2015,6,23,15,1999
2015,6,23,16,2094
2015,6,23,17,2038
2015,6,23,18,2045
2015,6,23,19,1901
2015,6,23,20,1773
2015,6,23,21,1650
2015,6,23,22,1652
2015,6,23,23,1673
2015,6,24,0,1759
2015,6,24,1,1876
2015,6,24,2,1963
2015,6,24,3,2083
2015,6,24,4,2131
2015,6,24,5,2102
2015,6,24,6,2010
2015,6,24,7,1864
2015,6,24,8,1706
2015,6,24,9,1592
2015,6,24,10,1546
2015,6,24,11,1583
2015,6,24,12,1620
2015,6,24,13,1735
2015,6,24,14,1809
2015,6,24,15,1954
2015,6,24,16,2021
2015,6,24,17,2106
2015,6,24,18,2089
2015,6,24,19,2029
2015,6,24,20,1915
2015,6,24,21,1831
2015,6,24,22,1735
2015,6,24,23,1705
2015,6,25,0,1750
2015,6,25,1,1780
2015,6,25,2,1864
2015,6,25,3,1972
2015,6,25,4,2075
2015,6,25,5,2051
2015,6,25,6,2047
2015,6,25,7,1945
2015,6,25,8,1839
2015,6,25,9,1724
2015,6,25,10,1632
2015,6,25,11,1590
2015,6,25,12,1582
2015,6,25,13,1618
2015,6,25,14,1702
2015,6,25,15,1845
2015,6,25,16,1968
2015,6,25,17,2035
2015,6,25,18,2081
2015,6,25,19,2073
2015,6,25,20,2051
2015,6,25,21,1922
2015,6,25,22,1794
2015,6,25,23,1705
2015,6,26,0,1671
2015,6,26,1,1701
2015,6,26,2,1738
2015,6,26,3,1813
2015,6,26,4,1871
2015,6,26,5,1951
2015,6,26,6,1957
2015,6,26,7,1946
2015,6,26,8,1848
2015,6,26,9,1744
2015,6,26,10,1649
2015,6,26,11,1578
2015,6,26,12,1559
2015,6,26,13,1563
2015,6,26,14,1581
2015,6,26,15,1665
2015,6,26,16,1797
2015,6,26,17,1955
2015,6,26,18,2060
2015,6,26,19,2081
2015,6,26,20,2094
2015,6,26,21,2009
2015,6,26,22,1882
2015,6,26,23,1801
2015,6,27,0,1711
2015,6,27,1,1650
2015,6,27,2,1674
2015,6,27,3,1727
2015,6,27,4,1740
2015,6,27,5,1820
2015,6,27,6,1844
2015,6,27,7,1900
2015,6,27,8,1920
2015,6,27,9,1834
2015,6,27,10,1745
2015,6,27,11,1676
2015,6,27,12,1634
2015,6,27,13,1500
2015,6,27,14,1580
2015,6,27,15,1556
2015,6,27,16,1649
2015,6,27,17,1799
2015,6,27,18,1977
2015,6,27,19,2138
2015,6,27,20,2235
2015,6,27,21,2212
2015,6,27,22,2087
2015,6,27,23,1965
2015,6,28,0,1833
2015,6,28,1,1711
2015,6,28,2,1629
2015,6,28,3,1670
2015,6,28,4,1648
2015,6,28,5,1678
2015,6,28,6,1785
2015,6,28,7,1821
2015,6,28,8,1910
2015,6,28,9,1900
2015,6,28,10,1869
2015,6,28,11,1748
2015,6,28,12,1596
2015,6,28,13,1494
2015,6,28,14,1446
2015,6,28,15,1434
2015,6,28,16,1525
2015,6,28,17,1655
2015,6,28,18,1808
2015,6,28,19,2030
2015,6,28,20,2185
2015,6,28,21,2260
2015,6,28,22,2223
2015,6,28,23,2105
2015,6,29,0,1940
2015,6,29,1,1740
2015,6,29,2,1615
2015,6,29,3,1574
2015,6,29,4,1484
2015,6,29,5,1555
2015,6,29,6,1641
2015,6,29,7,1721
2015,6,29,8,1850
2015,6,29,9,1884
2015,6,29,10,1874
2015,6,29,11,1863
2015,6,29,12,1740
2015,6,29,13,1563
2015,6,29,14,1426
2015,6,29,15,1359
2015,6,29,16,1420
2015,6,29,17,1492
2015,6,29,18,1663
2015,6,29,19,1883
2015,6,29,20,2083
2015,6,29,21,2236
2015,6,29,22,2287
2015,6,29,23,2238
2015,6,30,0,2083
2015,6,30,1,1859
2015,6,30,2,1673
2015,6,30,3,1513
2015,6,30,4,1453
2015,6,30,5,1404
2015,6,30,6,1487
2015,6,30,7,1574
2015,6,30,8,1715
2015,6,30,9,1850
2015,6,30,10,1945
2015,6,30,11,1955
2015,6,30,12,1859
2015,6,30,13,1699
2015,6,30,14,1512
2015,6,30,15,1376
2015,6,30,16,1334
2015,6,30,17,1340
2015,6,30,18,1522
2015,6,30,19,1737
2015,6,30,20,1987
2015,6,30,21,2180
2015,6,30,22,2319
2015,6,30,23,2329
2015,7,1,0,2262
2015,7,1,1,2056
2015,7,1,2,1796
2015,7,1,3,1558
2015,7,1,4,1415
2015,7,1,5,1349
2015,7,1,6,1367
2015,7,1,7,1480
2015,7,1,8,1586
2015,7,1,9,1775
2015,7,1,10,1917
2015,7,1,11,1999
2015,7,1,12,1968
2015,7,1,13,1834
2015,7,1,14,1602
2015,7,1,15,1425
2015,7,1,16,1255
2015,7,1,17,1234
2015,7,1,18,1351
2015,7,1,19,1556
2015,7,1,20,1826
2015,7,1,21,2072
2015,7,1,22,2272
2015,7,1,23,2396
2015,7,2,0,2401
2015,7,2,1,2229
2015,7,2,2,2007
2015,7,2,3,1766
2015,7,2,4,1481
2015,7,2,5,1318
2015,7,2,6,1282
2015,7,2,7,1340
2015,7,2,8,1471
2015,7,2,9,1686
2015,7,2,10,1868
2015,7,2,11,2008
2015,7,2,12,2046
2015,7,2,13,1998
2015,7,2,14,1831
2015,7,2,15,1590
2015,7,2,16,1382
2015,7,2,17,1228
2015,7,2,18,1252
2015,7,2,19,1374
2015,7,2,20,1618
2015,7,2,21,1920
2015,7,2,22,2128
2015,7,2,23,2348
2015,7,3,0,2363
2015,7,3,1,2377
2015,7,3,2,2221
2015,7,3,3,1926
2015,7,3,4,1647
2015,7,3,5,1378
2015,7,3,6,1218
2015,7,3,7,1218
2015,7,3,8,1346
2015,7,3,9,1508
2015,7,3,10,1739
2015,7,3,11,1929
2015,7,3,12,2065
2015,7,3,13,2104
2015,7,3,14,1990
2015,7,3,15,1769
2015,7,3,16,1473
2015,7,3,17,1299
2015,7,3,18,1212
2015,7,3,19,1295
2015,7,3,20,1487
2015,7,3,21,1739
2015,7,3,22,2021
2015,7,3,23,2221
2015,7,4,0,2396
2015,7,4,1,2413
2015,7,4,2,2374
2015,7,4,3,2159
2015,7,4,4,1867
2015,7,4,5,1558
2015,7,4,6,1258
2015,7,4,7,1167
2015,7,4,8,1212
2015,7,4,9,1372
2015,7,4,10,1586
2015,7,4,11,1827
2015,7,4,12,2014
2015,7,4,13,2117
2015,7,4,14,2077
2015,7,4,15,1974
2015,7,4,16,1728
2015,7,4,17,1477
2015,7,4,18,1300
2015,7,4,19,1261
2015,7,4,20,1369
2015,7,4,21,1559
2015,7,4,22,1806
2015,7,4,23,2092
2015,7,5,0,2285
2015,7,5,1,2391
2015,7,5,2,2445
2015,7,5,3,2367
2015,7,5,4,2100
2015,7,5,5,1770
2015,7,5,6,1481
2015,7,5,7,1291
2015,7,5,8,1214
2015,7,5,9,1293
2015,7,5,10,1468
2015,7,5,11,1637
2015,7,5,12,1907
2015,7,5,13,2046
2015,7,5,14,2129
2015,7,5,15,2102
2015,7,5,16,1926
2015,7,5,17,1719
2015,7,5,18,1503
2015,7,5,19,1333
2015,7,5,20,1344
2015,7,5,21,1415
2015,7,5,22,1641
2015,7,5,23,1881
2015,7,6,0,2073
2015,7,6,1,2285
2015,7,6,2,2383
2015,7,6,3,2342
2015,7,6,4,2217
2015,7,6,5,1983
2015,7,6,6,1655
2015,7,6,7,1363
2015,7,6,8,1221
2015,7,6,9,1219
2015,7,6,10,1374
2015,7,6,11,1555
2015,7,6,12,1770
2015,7,6,13,1967
2015,7,6,14,2073
2015,7,6,15,2156
2015,7,6,16,2099
2015,7,6,17,1941
2015,7,6,18,1707
2015,7,6,19,1511
2015,7,6,20,1407
2015,7,6,21,1394
2015,7,6,22,1552
2015,7,6,23,1711
2015,7,7,0,1932
2015,7,7,1,2114
2015,7,7,2,2288
2015,7,7,3,2355
2015,7,7,4,2313
2015,7,7,5,2113
2015,7,7,6,1888
2015,7,7,7,1585
2015,7,7,8,1370
2015,7,7,9,1278
2015,7,7,10,1301
2015,7,7,11,1471
2015,7,7,12,1642
2015,7,7,13,1836
2015,7,7,14,2016
2015,7,7,15,2134
2015,7,7,16,2147
2015,7,7,17,2071
2015,7,7,18,1934
2015,7,7,19,1731
2015,7,7,20,1602
2015,7,7,21,1500
2015,7,7,22,1510
2015,7,7,23,1615
2015,7,8,0,1764
2015,7,8,1,1916
2015,7,8,2,2096
2015,7,8,3,2192
2015,7,8,4,2229
2015,7,8,5,2193
2015,7,8,6,2034
2015,7,8,7,1827
2015,7,8,8,1568
2015,7,8,9,1381
2015,7,8,10,1352
2015,7,8,11,1409
2015,7,8,12,1565
2015,7,8,13,1718
2015,7,8,14,1878
2015,7,8,15,2040
2015,7,8,16,2129
2015,7,8,17,2203
2015,7,8,18,2169
2015,7,8,19,2028
2015,7,8,20,1834
2015,7,8,21,1723
2015,7,8,22,1584
2015,7,8,23,1608
2015,7,9,0,1675
2015,7,9,1,1801
2015,7,9,2,1939
2015,7,9,3,2070
2015,7,9,4,2157
2015,7,9,5,2179
2015,7,9,6,2116
2015,7,9,7,1974
2015,7,9,8,1763
2015,7,9,9,1583
2015,7,9,10,1458
2015,7,9,11,1448
2015,7,9,12,1520
2015,7,9,13,1631
2015,7,9,14,1759
2015,7,9,15,1909
2015,7,9,16,2018
2015,7,9,17,2163
2015,7,9,18,2214
2015,7,9,19,2183
2015,7,9,20,2053
2015,7,9,21,1892
2015,7,9,22,1737
2015,7,9,23,1651
2015,7,10,0,1609
2015,7,10,1,1690
2015,7,10,2,1772
2015,7,10,3,1856
2015,7,10,4,1932
2015,7,10,5,1996
2015,7,10,6,2042
2015,7,10,7,2022
2015,7,10,8,1922
2015,7,10,9,1766
2015,7,10,10,1602
2015,7,10,11,1527
2015,7,10,12,1487
2015,7,10,13,1529
2015,7,10,14,1595
2015,7,10,15,1682
2015,7,10,16,1889
2015,7,10,17,2045
2015,7,10,18,2204
2015,7,10,19,2283
2015,7,10,20,2246
2015,7,10,21,2146
2015,7,10,22,1974
2015,7,10,23,1822
2015,7,11,0,1752
2015,7,11,1,1696
2015,7,11,2,1666
2015,7,11,3,1728
2015,7,11,4,1800
2015,7,11,5,1897
2015,7,11,6,1963
2015,7,11,7,2041
2015,7,11,8,2038
2015,7,11,9,1956
2015,7,11,10,1786
2015,7,11,11,1661
2015,7,11,12,1566
2015,7,11,13,1500
2015,7,11,14,1607
2015,7,11,15,1657
2015,7,11,16,1808
2015,7,11,17,1925
2015,7,11,18,2102
2015,7,11,19,2236
2015,7,11,20,2366
2015,7,11,21,2324
2015,7,11,22,2224
2015,7,11,23,2078
2015,7,12,0,1881
2015,7,12,1,1787
2015,7,12,2,1748
2015,7,12,3,1742
2015,7,12,4,1732
2015,7,12,5,1785
2015,7,12,6,1887
2015,7,12,7,2000
2015,7,12,8,2108
2015,7,12,9,2107
2015,7,12,10,2016
2015,7,12,11,1922
2015,7,12,12,1774
2015,7,12,13,1622
2015,7,12,14,1548
2015,7,12,15,1553
2015,7,12,16,1711
2015,7,12,17,1779
2015,7,12,18,2033
2015,7,12,19,2220
2015,7,12,20,2426
2015,7,12,21,2543
2015,7,12,22,2525
2015,7,12,23,2367
2015,7,13,0,2148
2015,7,13,1,1949
2015,7,13,2,1737
2015,7,13,3,1653
2015,7,13,4,1666
2015,7,13,5,1650
2015,7,13,6,1755
2015,7,13,7,1785
2015,7,13,8,1973
2015,7,13,9,2054
2015,7,13,10,2179
2015,7,13,11,2077
2015,7,13,12,1945
2015,7,13,13,1778
2015,7,13,14,1582
2015,7,13,15,1473
2015,7,13,16,1554
2015,7,13,17,1680
2015,7,13,18,1886
2015,7,13,19,2091
2015,7,13,20,2290
2015,7,13,21,2451
2015,7,13,22,2560
2015,7,13,23,2533
2015,7,14,0,2400
2015,7,14,1,2112
2015,7,14,2,1906
2015,7,14,3,1677
2015,7,14,4,1597
2015,7,14,5,1624
2015,7,14,6,1651
2015,7,14,7,1708
2015,7,14,8,1828
2015,7,14,9,1968
2015,7,14,10,2124
2015,7,14,11,2186
2015,7,14,12,2102
2015,7,14,13,1936
2015,7,14,14,1699
2015,7,14,15,1533
2015,7,14,16,1460
2015,7,14,17,1534
2015,7,14,18,1691
2015,7,14,19,1878
2015,7,14,20,2097
2015,7,14,21,2300
2015,7,14,22,2463
2015,7,14,23,2581
2015,7,15,0,2519
2015,7,15,1,2319
2015,7,15,2,2073
2015,7,15,3,1811
2015,7,15,4,1612
2015,7,15,5,1542
2015,7,15,6,1502
2015,7,15,7,1599
2015,7,15,8,1712
2015,7,15,9,1878
2015,7,15,10,2042
2015,7,15,11,2184
2015,7,15,12,2211
2015,7,15,13,2058
2015,7,15,14,1839
2015,7,15,15,1577
2015,7,15,16,1481
2015,7,15,17,1464
2015,7,15,18,1563
2015,7,15,19,1725
2015,7,15,20,1949
2015,7,15,21,2140
2015,7,15,22,2319
2015,7,15,23,2481
2015,7,16,0,2557
2015,7,16,1,2483
2015,7,16,2,2261
2015,7,16,3,1988
2015,7,16,4,1737
2015,7,16,5,1572
2015,7,16,6,1497
2015,7,16,7,1570
2015,7,16,8,1616
2015,7,16,9,1750
2015,7,16,10,1965
2015,7,16,11,2140
2015,7,16,12,2229
2015,7,16,13,2166
2015,7,16,14,1993
2015,7,16,15,1767
2015,7,16,16,1519
2015,7,16,17,1401
2015,7,16,18,1425
2015,7,16,19,1553
2015,7,16,20,1724
2015,7,16,21,1948
2015,7,16,22,2167
2015,7,16,23,2360
2015,7,17,0,2493
2015,7,17,1,2469
2015,7,17,2,2355
2015,7,17,3,2122
2015,7,17,4,1834
2015,7,17,5,1639
2015,7,17,6,1519
2015,7,17,7,1473
2015,7,17,8,1494
2015,7,17,9,1668
2015,7,17,10,1849
2015,7,17,11,2026
2015,7,17,12,2144
2015,7,17,13,2187
2015,7,17,14,2050
2015,7,17,15,1908
2015,7,17,16,1656
2015,7,17,17,1460
2015,7,17,18,1388
2015,7,17,19,1458
2015,7,17,20,1631
2015,7,17,21,1823
2015,7,17,22,2059
2015,7,17,23,2286
2015,7,18,0,2417
2015,7,18,1,2517
2015,7,18,2,2435
2015,7,18,3,2290
2015,7,18,4,2036
2015,7,18,5,1775
2015,7,18,6,1548
2015,7,18,7,1493
2015,7,18,8,1498
2015,7,18,9,1590
2015,7,18,10,1750
2015,7,18,11,1962
2015,7,18,12,2115
2015,7,18,13,2202
2015,7,18,14,2168
2015,7,18,15,2019
2015,7,18,16,1775
2015,7,18,17,1638
2015,7,18,18,1436
2015,7,18,19,1428
2015,7,18,20,1513
2015,7,18,21,1671
2015,7,18,22,1893
2015,7,18,23,2113
2015,7,19,0,2283
2015,7,19,1,2406
2015,7,19,2,2407
2015,7,19,3,2331
2015,7,19,4,2131
2015,7,19,5,1865
2015,7,19,6,1600
2015,7,19,7,1456
2015,7,19,8,1452
2015,7,19,9,1538
2015,7,19,10,1691
2015,7,19,11,1902
2015,7,19,12,2049
2015,7,19,13,2215
2015,7,19,14,2243
2015,7,19,15,2136
2015,7,19,16,1949
2015,7,19,17,1747
2015,7,19,18,1545
2015,7,19,19,1481
2015,7,19,20,1471
2015,7,19,21,1610
2015,7,19,22,1782
2015,7,19,23,1998
2015,7,20,0,2204
2015,7,20,1,2378
2015,7,20,2,2385
2015,7,20,3,2336
2015,7,20,4,2170
2015,7,20,5,1964
2015,7,20,6,1713
2015,7,20,7,1487
2015,7,20,8,1414
2015,7,20,9,1468
2015,7,20,10,1627
2015,7,20,11,1791
2015,7,20,12,1951
2015,7,20,13,2112
2015,7,20,14,2151
2015,7,20,15,2140
2015,7,20,16,2044
2015,7,20,17,1906
2015,7,20,18,1663
2015,7,20,19,1502
2015,7,20,20,1448
2015,7,20,21,1555
2015,7,20,22,1711
2015,7,20,23,1895
2015,7,21,0,2041
2015,7,21,1,2172
2015,7,21,2,2262
2015,7,21,3,2252
2015,7,21,4,2153
2015,7,21,5,2001
2015,7,21,6,1792
2015,7,21,7,1583
2015,7,21,8,1453
2015,7,21,9,1449
2015,7,21,10,1586
2015,7,21,11,1768
2015,7,21,12,1912
2015,7,21,13,2041
2015,7,21,14,2135
2015,7,21,15,2141
2015,7,21,16,2128
2015,7,21,17,2021
2015,7,21,18,1820
2015,7,21,19,1658
2015,7,21,20,1535
2015,7,21,21,1579
2015,7,21,22,1647
2015,7,21,23,1814
2015,7,22,0,1937
2015,7,22,1,2067
2015,7,22,2,2206
2015,7,22,3,2240
2015,7,22,4,2169
2015,7,22,5,2034
2015,7,22,6,1860
2015,7,22,7,1683
2015,7,22,8,1540
2015,7,22,9,1514
2015,7,22,10,1542
2015,7,22,11,1673
2015,7,22,12,1843
2015,7,22,13,1977
2015,7,22,14,2092
2015,7,22,15,2163
2015,7,22,16,2201
2015,7,22,17,2099
2015,7,22,18,1993
2015,7,22,19,1832
2015,7,22,20,1675
2015,7,22,21,1629
2015,7,22,22,1649
2015,7,22,23,1764
2015,7,23,0,1887
2015,7,23,1,1991
2015,7,23,2,2119
2015,7,23,3,2169
2015,7,23,4,2185
2015,7,23,5,2118
2015,7,23,6,1993
2015,7,23,7,1831
2015,7,23,8,1669
2015,7,23,9,1570
2015,7,23,10,1593
2015,7,23,11,1651
2015,7,23,12,1768
2015,7,23,13,1937
2015,7,23,14,2042
2015,7,23,15,2119
2015,7,23,16,2193
2015,7,23,17,2185
2015,7,23,18,2143
2015,7,23,19,2007
2015,7,23,20,1839
2015,7,23,21,1742
2015,7,23,22,1692
2015,7,23,23,1744
2015,7,24,0,1821
2015,7,24,1,1937
2015,7,24,2,2019
2015,7,24,3,2054
2015,7,24,4,2113
2015,7,24,5,2092
2015,7,24,6,2040
2015,7,24,7,1923
2015,7,24,8,1746
2015,7,24,9,1622
2015,7,24,10,1514
2015,7,24,11,1596
2015,7,24,12,1682
2015,7,24,13,1757
2015,7,24,14,1900
2015,7,24,15,1975
2015,7,24,16,2035
2015,7,24,17,2103
2015,7,24,18,2104
2015,7,24,19,2052
2015,7,24,20,1932
2015,7,24,21,1821
2015,7,24,22,1708
2015,7,24,23,1689
2015,7,25,0,1717
2015,7,25,1,1751
2015,7,25,2,1805
2015,7,25,3,1890
2015,7,25,4,1943
2015,7,25,5,1988
2015,7,25,6,1959
2015,7,25,7,1871
2015,7,25,8,1772
2015,7,25,9,1662
2015,7,25,10,1558
2015,7,25,11,1562
2015,7,25,12,1589
2015,7,25,13,1647
2015,7,25,14,1709
2015,7,25,15,1833
2015,7,25,16,1990
2015,7,25,17,2030
2015,7,25,18,2092
2015,7,25,19,2078
2015,7,25,20,2048
2015,7,25,21,1921
2015,7,25,22,1823
2015,7,25,23,1699
2015,7,26,0,1616
2015,7,26,1,1624
2015,7,26,2,1664
2015,7,26,3,1749
2015,7,26,4,1802
2015,7,26,5,1869
2015,7,26,6,1854
2015,7,26,7,1865
2015,7,26,8,1800
2015,7,26,9,1769
2015,7,26,10,1690
2015,7,26,11,1580
2015,7,26,12,1529
2015,7,26,13,1538
2015,7,26,14,1590
2015,7,26,15,1677
2015,7,26,16,1805
2015,7,26,17,1897
2015,7,26,18,2022
2015,7,26,19,2133
2015,7,26,20,2123
2015,7,26,21,2086
2015,7,26,22,1966
2015,7,26,23,1811
2015,7,27,0,1707
2015,7,27,1,1650
2015,7,27,2,1608
2015,7,27,3,1644
2015,7,27,4,1711
2015,7,27,5,1719
2015,7,27,6,1778
2015,7,27,7,1814
2015,7,27,8,1843
2015,7,27,9,1819
2015,7,27,10,1788
2015,7,27,11,1662
2015,7,27,12,1573
2015,7,27,13,1510
2015,7,27,14,1522
2015,7,27,15,1564
2015,7,27,16,1622
2015,7,27,17,1766
2015,7,27,18,1932
2015,7,27,19,2040
2015,7,27,20,2179
2015,7,27,21,2185
2015,7,27,22,2113
2015,7,27,23,1949
2015,7,28,0,1799
2015,7,28,1,1677
2015,7,28,2,1603
2015,7,28,3,1520
2015,7,28,4,1549
2015,7,28,5,1593
2015,7,28,6,1665
2015,7,28,7,1767
2015,7,28,8,1838
2015,7,28,9,1858
2015,7,28,10,1831
2015,7,28,11,1777
2015,7,28,12,1689
2015,7,28,13,1549
2015,7,28,14,1471
2015,7,28,15,1506
2015,7,28,16,1516
2015,7,28,17,1680
2015,7,28,18,1868
2015,7,28,19,2026
2015,7,28,20,2181
2015,7,28,21,2280
2015,7,28,22,2286
2015,7,28,23,2174
2015,7,29,0,2001
2015,7,29,1,1776
2015,7,29,2,1614
2015,7,29,3,1495
2015,7,29,4,1436
2015,7,29,5,1482
2015,7,29,6,1550
2015,7,29,7,1657
2015,7,29,8,1792
2015,7,29,9,1908
2015,7,29,10,1963
2015,7,29,11,1963
2015,7,29,12,1803
2015,7,29,13,1634
2015,7,29,14,1516
2015,7,29,15,1404
2015,7,29,16,1422
2015,7,29,17,1468
2015,7,29,18,1625
2015,7,29,19,1903
2015,7,29,20,2099
2015,7,29,21,2302
2015,7,29,22,2395
2015,7,29,23,2364
2015,7,30,0,2225
2015,7,30,1,1983
2015,7,30,2,1763
2015,7,30,3,1567
2015,7,30,4,1426
2015,7,30,5,1354
2015,7,30,6,1414
2015,7,30,7,1532
2015,7,30,8,1689
2015,7,30,9,1885
2015,7,30,10,1969
2015,7,30,11,2068
2015,7,30,12,1996
2015,7,30,13,1820
2015,7,30,14,1576
2015,7,30,15,1414
2015,7,30,16,1287
2015,7,30,17,1342
2015,7,30,18,1448
2015,7,30,19,1665
2015,7,30,20,1948
2015,7,30,21,2180
2015,7,30,22,2356
2015,7,30,23,2461
2015,7,31,0,2396
2015,7,31,1,2233
2015,7,31,2,1967
2015,7,31,3,1657
2015,7,31,4,1428
2015,7,31,5,1308
2015,7,31,6,1315
2015,7,31,7,1391
2015,7,31,8,1548
2015,7,31,9,1730
2015,7,31,10,1958
2015,7,31,11,2111
2015,7,31,12,2150
2015,7,31,13,2027
2015,7,31,14,1827
2015,7,31,15,1546
2015,7,31,16,1366
2015,7,31,17,1254
2015,7,31,18,1273
2015,7,31,19,1486
2015,7,31,20,1673
2015,7,31,21,2000
2015,7,31,22,2258
2015,7,31,23,2443
2015,8,1,0,2522
2015,8,1,1,2436
2015,8,1,2,2204
2015,8,1,3,1881
2015,8,1,4,1551
2015,8,1,5,1354
2015,8,1,6,1228
2015,8,1,7,1235
2015,8,1,8,1389
2015,8,1,9,1602
2015,8,1,10,1806
2015,8,1,11,2067
2015,8,1,12,2215
2015,8,1,13,2212
2015,8,1,14,2032
2015,8,1,15,1736
2015,8,1,16,1493
2015,8,1,17,1302
2015,8,1,18,1233
2015,8,1,19,1311
2015,8,1,20,1506
2015,8,1,21,1770
2015,8,1,22,2046
2015,8,1,23,2300
2015,8,2,0,2461
2015,8,2,1,2513
2015,8,2,2,2404
2015,8,2,3,2131
2015,8,2,4,1712
2015,8,2,5,1436
2015,8,2,6,1253
2015,8,2,7,1219
2015,8,2,8,1297
2015,8,2,9,1430
2015,8,2,10,1738
2015,8,2,11,1906
2015,8,2,12,2180
2015,8,2,13,2256
2015,8,2,14,2212
2015,8,2,15,2006
2015,8,2,16,1717
2015,8,2,17,1447
2015,8,2,18,1263
2015,8,2,19,1299
2015,8,2,20,1377
2015,8,2,21,1606
2015,8,2,22,1840
2015,8,2,23,2119
2015,8,3,0,2310
2015,8,3,1,2434
2015,8,3,2,2480
2015,8,3,3,2293
2015,8,3,4,1990
2015,8,3,5,1576
2015,8,3,6,1314
2015,8,3,7,1145
2015,8,3,8,1166
2015,8,3,9,1354
2015,8,3,10,1525
2015,8,3,11,1782
2015,8,3,12,2057
2015,8,3,13,2251
2015,8,3,14,2341
2015,8,3,15,2252
2015,8,3,16,2004
2015,8,3,17,1697
2015,8,3,18,1434
2015,8,3,19,1304
2015,8,3,20,1302
2015,8,3,21,1462
2015,8,3,22,1692
2015,8,3,23,1923
2015,8,4,0,2133
2015,8,4,1,2307
2015,8,4,2,2427
2015,8,4,3,2371
2015,8,4,4,2195
2015,8,4,5,1846
2015,8,4,6,1481
2015,8,4,7,1246
2015,8,4,8,1210
2015,8,4,9,1253
2015,8,4,10,1436
2015,8,4,11,1626
2015,8,4,12,1868
2015,8,4,13,2160
2015,8,4,14,2283
2015,8,4,15,2342
2015,8,4,16,2242
2015,8,4,17,1985
2015,8,4,18,1716
2015,8,4,19,1475
2015,8,4,20,1369
2015,8,4,21,1384
2015,8,4,22,1487
2015,8,4,23,1680
2015,8,5,0,1939
2015,8,5,1,2076
2015,8,5,2,2243
2015,8,5,3,2364
2015,8,5,4,2280
2015,8,5,5,2031
2015,8,5,6,1718
2015,8,5,7,1425
2015,8,5,8,1251
2015,8,5,9,1254
2015,8,5,10,1358
2015,8,5,11,1456
2015,8,5,12,1719
2015,8,5,13,1915
2015,8,5,14,2113
2015,8,5,15,2281
2015,8,5,16,2293
2015,8,5,17,2151
2015,8,5,18,1909
2015,8,5,19,1668
2015,8,5,20,1563
2015,8,5,21,1429
2015,8,5,22,1475
2015,8,5,23,1595
2015,8,6,0,1747
2015,8,6,1,1842
2015,8,6,2,2086
2015,8,6,3,2121
2015,8,6,4,2172
2015,8,6,5,2110
2015,8,6,6,1859
2015,8,6,7,1589
2015,8,6,8,1345
2015,8,6,9,1276
2015,8,6,10,1330
2015,8,6,11,1429
2015,8,6,12,1622
2015,8,6,13,1827
2015,8,6,14,1886
2015,8,6,15,2061
2015,8,6,16,2260
2015,8,6,17,2195
2015,8,6,18,2093
2015,8,6,19,1891
2015,8,6,20,1733
2015,8,6,21,1475
2015,8,6,22,1486
2015,8,6,23,1497
2015,8,7,0,1671
2015,8,7,1,1682
2015,8,7,2,1862
2015,8,7,3,1963
2015,8,7,4,2018
2015,8,7,5,2021
2015,8,7,6,1977
2015,8,7,7,1769
2015,8,7,8,1603
2015,8,7,9,1394
2015,8,7,10,1321
2015,8,7,11,1390
2015,8,7,12,1469
2015,8,7,13,1699
2015,8,7,14,1779
2015,8,7,15,1928
2015,8,7,16,2085
2015,8,7,17,2158
2015,8,7,18,2174
2015,8,7,19,2096
2015,8,7,20,1978
2015,8,7,21,1732
2015,8,7,22,1613
2015,8,7,23,1564
2015,8,8,0,1552
2015,8,8,1,1641
2015,8,8,2,1695
2015,8,8,3,1800
2015,8,8,4,1899
2015,8,8,5,1933
2015,8,8,6,1969
2015,8,8,7,1916
2015,8,8,8,1772
2015,8,8,9,1579
2015,8,8,10,1497
2015,8,8,11,1436
2015,8,8,12,1506
2015,8,8,13,1582
2015,8,8,14,1670
2015,8,8,15,1765
2015,8,8,16,1917
2015,8,8,17,1996
2015,8,8,18,2159
2015,8,8,19,2204
2015,8,8,20,2108
2015,8,8,21,2006
2015,8,8,22,1810
2015,8,8,23,1670
2015,8,9,0,1603
2015,8,9,1,1586
2015,8,9,2,1614
2015,8,9,3,1662
2015,8,9,4,1750
2015,8,9,5,1799
2015,8,9,6,1859
2015,8,9,7,1907
2015,8,9,8,1895
2015,8,9,9,1785
2015,8,9,10,1658
2015,8,9,11,1542
2015,8,9,12,1499
2015,8,9,13,1539
2015,8,9,14,1539
2015,8,9,15,1637
2015,8,9,16,1753
2015,8,9,17,1883
2015,8,9,18,2018
2015,8,9,19,2176
2015,8,9,20,2157
2015,8,9,21,2137
2015,8,9,22,2006
2015,8,9,23,1871
2015,8,10,0,1691
2015,8,10,1,1601
2015,8,10,2,1577
2015,8,10,3,1543
2015,8,10,4,1590
2015,8,10,5,1678
2015,8,10,6,1747
2015,8,10,7,1845
2015,8,10,8,1908
2015,8,10,9,1878
2015,8,10,10,1819
2015,8,10,11,1692
2015,8,10,12,1566
2015,8,10,13,1554
2015,8,10,14,1508
2015,8,10,15,1536
2015,8,10,16,1612
2015,8,10,17,1713
2015,8,10,18,1871
2015,8,10,19,2050
2015,8,10,20,2127
2015,8,10,21,2202
2015,8,10,22,2172
2015,8,10,23,2066
2015,8,11,0,1910
2015,8,11,1,1716
2015,8,11,2,1602
2015,8,11,3,1515
2015,8,11,4,1499
2015,8,11,5,1529
2015,8,11,6,1621
2015,8,11,7,1739
2015,8,11,8,1820
2015,8,11,9,1932
2015,8,11,10,1924
2015,8,11,11,1895
2015,8,11,12,1735
2015,8,11,13,1617
2015,8,11,14,1528
2015,8,11,15,1472
2015,8,11,16,1494
2015,8,11,17,1622
2015,8,11,18,1730
2015,8,11,19,1894
2015,8,11,20,2059
2015,8,11,21,2189
2015,8,11,22,2248
2015,8,11,23,2192
2015,8,12,0,2064
2015,8,12,1,1862
2015,8,12,2,1676
2015,8,12,3,1522
2015,8,12,4,1428
2015,8,12,5,1427
2015,8,12,6,1487
2015,8,12,7,1622
2015,8,12,8,1745
2015,8,12,9,1863
2015,8,12,10,1934
2015,8,12,11,1941
2015,8,12,12,1891
2015,8,12,13,1754
2015,8,12,14,1588
2015,8,12,15,1478
2015,8,12,16,1432
2015,8,12,17,1466
2015,8,12,18,1589
2015,8,12,19,1772
2015,8,12,20,1954
2015,8,12,21,2166
2015,8,12,22,2252
2015,8,12,23,2297
2015,8,13,0,2203
2015,8,13,1,2016
2015,8,13,2,1829
2015,8,13,3,1602
2015,8,13,4,1439
2015,8,13,5,1415
2015,8,13,6,1420
2015,8,13,7,1487
2015,8,13,8,1633
2015,8,13,9,1827
2015,8,13,10,1971
2015,8,13,11,2059
2015,8,13,12,2041
2015,8,13,13,1896
2015,8,13,14,1700
2015,8,13,15,1535
2015,8,13,16,1430
2015,8,13,17,1380
2015,8,13,18,1512
2015,8,13,19,1628
2015,8,13,20,1855
2015,8,13,21,2115
2015,8,13,22,2247
2015,8,13,23,2314
2015,8,14,0,2294
2015,8,14,1,2201
2015,8,14,2,1990
2015,8,14,3,1784
2015,8,14,4,1551
2015,8,14,5,1423
2015,8,14,6,1385
2015,8,14,7,1417
2015,8,14,8,1567
2015,8,14,9,1730
2015,8,14,10,1912
2015,8,14,11,2046
2015,8,14,12,2094
2015,8,14,13,2000
2015,8,14,14,1861
2015,8,14,15,1658
2015,8,14,16,1464
2015,8,14,17,1398
2015,8,14,18,1426
2015,8,14,19,1535
2015,8,14,20,1743
2015,8,14,21,1921
2015,8,14,22,2133
2015,8,14,23,2276
2015,8,15,0,2326
2015,8,15,1,2291
2015,8,15,2,2152
2015,8,15,3,1869
2015,8,15,4,1654
2015,8,15,5,1462
2015,8,15,6,1378
2015,8,15,7,1392
2015,8,15,8,1503
2015,8,15,9,1681
2015,8,15,10,1867
2015,8,15,11,2004
2015,8,15,12,2113
2015,8,15,13,2099
2015,8,15,14,1993
2015,8,15,15,1764
2015,8,15,16,1550
2015,8,15,17,1366
2015,8,15,18,1349
2015,8,15,19,1398
2015,8,15,20,1583
2015,8,15,21,1829
2015,8,15,22,2029
2015,8,15,23,2194
2015,8,16,0,2249
2015,8,16,1,2311
2015,8,16,2,2220
2015,8,16,3,2022
2015,8,16,4,1762
2015,8,16,5,1476
2015,8,16,6,1371
2015,8,16,7,1320
2015,8,16,8,1415
2015,8,16,9,1598
2015,8,16,10,1813
2015,8,16,11,1976
2015,8,16,12,2095
2015,8,16,13,2173
2015,8,16,14,2120
2015,8,16,15,1935
2015,8,16,16,1726
2015,8,16,17,1517
2015,8,16,18,1381
2015,8,16,19,1372
2015,8,16,20,1513
2015,8,16,21,1741
2015,8,16,22,1901
2015,8,16,23,2118
2015,8,17,0,2265
2015,8,17,1,2314
2015,8,17,2,2276
2015,8,17,3,2115
2015,8,17,4,1913
2015,8,17,5,1612
2015,8,17,6,1436
2015,8,17,7,1344
2015,8,17,8,1408
2015,8,17,9,1550
2015,8,17,10,1713
2015,8,17,11,1916
2015,8,17,12,2074
2015,8,17,13,2162
2015,8,17,14,2163
2015,8,17,15,2048
2015,8,17,16,1834
2015,8,17,17,1592
2015,8,17,18,1413
2015,8,17,19,1386
2015,8,17,20,1436
2015,8,17,21,1599
2015,8,17,22,1784
2015,8,17,23,1978
2015,8,18,0,2129
2015,8,18,1,2213
2015,8,18,2,2256
2015,8,18,3,2146
2015,8,18,4,1993
2015,8,18,5,1727
2015,8,18,6,1473
2015,8,18,7,1366
2015,8,18,8,1343
2015,8,18,9,1471
2015,8,18,10,1652
2015,8,18,11,1879
2015,8,18,12,2045
2015,8,18,13,2169
2015,8,18,14,2215
2015,8,18,15,2192
2015,8,18,16,2031
2015,8,18,17,1785
2015,8,18,18,1590
2015,8,18,19,1477
2015,8,18,20,1485
2015,8,18,21,1578
2015,8,18,22,1743
2015,8,18,23,1929
2015,8,19,0,2055
2015,8,19,1,2175
2015,8,19,2,2237
2015,8,19,3,2188
2015,8,19,4,2034
2015,8,19,5,1827
2015,8,19,6,1594
2015,8,19,7,1408
2015,8,19,8,1363
2015,8,19,9,1441
2015,8,19,10,1583
2015,8,19,11,1757
2015,8,19,12,1958
2015,8,19,13,2098
2015,8,19,14,2206
2015,8,19,15,2188
2015,8,19,16,2128
2015,8,19,17,1929
2015,8,19,18,1701
2015,8,19,19,1596
2015,8,19,20,1494
2015,8,19,21,1517
2015,8,19,22,1654
2015,8,19,23,1818
2015,8,20,0,1928
2015,8,20,1,2102
2015,8,20,2,2134
2015,8,20,3,2204
2015,8,20,4,2073
2015,8,20,5,1961
2015,8,20,6,1709
2015,8,20,7,1495
2015,8,20,8,1410
2015,8,20,9,1433
2015,8,20,10,1493
2015,8,20,11,1657
2015,8,20,12,1890
2015,8,20,13,2038
2015,8,20,14,2185
2015,8,20,15,2191
2015,8,20,16,2153
2015,8,20,17,2027
2015,8,20,18,1865
2015,8,20,19,1701
2015,8,20,20,1576
2015,8,20,21,1540
2015,8,20,22,1580
2015,8,20,23,1736
2015,8,21,0,1875
2015,8,21,1,1996
2015,8,21,2,2093
2015,8,21,3,2143
2015,8,21,4,2060
2015,8,21,5,1976
2015,8,21,6,1800
2015,8,21,7,1641
2015,8,21,8,1474
2015,8,21,9,1397
2015,8,21,10,1495
2015,8,21,11,1617
2015,8,21,12,1766
2015,8,21,13,1928
2015,8,21,14,2080
2015,8,21,15,2126
2015,8,21,16,2144
2015,8,21,17,2031
2015,8,21,18,1939
2015,8,21,19,1771
2015,8,21,20,1679
2015,8,21,21,1541
2015,8,21,22,1611
2015,8,21,23,1650
2015,8,22,0,1766
2015,8,22,1,1906
2015,8,22,2,1956
2015,8,22,3,2059
2015,8,22,4,2041
2015,8,22,5,1971
2015,8,22,6,1875
2015,8,22,7,1775
2015,8,22,8,1613
2015,8,22,9,1524
2015,8,22,10,1473
2015,8,22,11,1522
2015,8,22,12,1683
2015,8,22,13,1775
2015,8,22,14,1980
2015,8,22,15,2054
2015,8,22,16,2138
2015,8,22,17,2133
2015,8,22,18,2041
2015,8,22,19,1923
2015,8,22,20,1822
2015,8,22,21,1696
2015,8,22,22,1650
2015,8,22,23,1628
2015,8,23,0,1698
2015,8,23,1,1753
2015,8,23,2,1869
2015,8,23,3,1935
2015,8,23,4,1984
2015,8,23,5,1951
2015,8,23,6,1896
2015,8,23,7,1808
2015,8,23,8,1658
2015,8,23,9,1635
2015,8,23,10,1574
2015,8,23,11,1580
2015,8,23,12,1635
2015,8,23,13,1707
2015,8,23,14,1830
2015,8,23,15,1933
2015,8,23,16,2043
2015,8,23,17,2119
2015,8,23,18,2118
2015,8,23,19,2034
2015,8,23,20,1912
2015,8,23,21,1821
2015,8,23,22,1747
2015,8,23,23,1666
2015,8,24,0,1676
2015,8,24,1,1679
2015,8,24,2,1742
2015,8,24,3,1803
2015,8,24,4,1852
2015,8,24,5,1914
2015,8,24,6,1893
2015,8,24,7,1853
2015,8,24,8,1764
2015,8,24,9,1683
2015,8,24,10,1612
2015,8,24,11,1567
2015,8,24,12,1594
2015,8,24,13,1641
2015,8,24,14,1676
2015,8,24,15,1772
2015,8,24,16,1908
2015,8,24,17,2041
2015,8,24,18,2092
2015,8,24,19,2118
2015,8,24,20,2078
2015,8,24,21,1913
2015,8,24,22,1828
2015,8,24,23,1691
2015,8,25,0,1665
2015,8,25,1,1602
2015,8,25,2,1630
2015,8,25,3,1663
2015,8,25,4,1744
2015,8,25,5,1837
2015,8,25,6,1849
2015,8,25,7,1875
2015,8,25,8,1848
2015,8,25,9,1758
2015,8,25,10,1701
2015,8,25,11,1649
2015,8,25,12,1624
2015,8,25,13,1554
2015,8,25,14,1608
2015,8,25,15,1640
2015,8,25,16,1747
2015,8,25,17,1906
2015,8,25,18,2050
2015,8,25,19,2145
2015,8,25,20,2183
2015,8,25,21,2086
2015,8,25,22,2008
2015,8,25,23,1871
2015,8,26,0,1727
2015,8,26,1,1618
2015,8,26,2,1567
2015,8,26,3,1588
2015,8,26,4,1599
2015,8,26,5,1625
2015,8,26,6,1716
2015,8,26,7,1789
2015,8,26,8,1887
2015,8,26,9,1876
2015,8,26,10,1859
2015,8,26,11,1763
2015,8,26,12,1656
2015,8,26,13,1555
2015,8,26,14,1490
2015,8,26,15,1522
2015,8,26,16,1583
2015,8,26,17,1723
2015,8,26,18,1875
2015,8,26,19,2071
2015,8,26,20,2201
2015,8,26,21,2280
2015,8,26,22,2244
2015,8,26,23,2102
2015,8,27,0,1902
2015,8,27,1,1756
2015,8,27,2,1603
2015,8,27,3,1516
2015,8,27,4,1481
2015,8,27,5,1547
2015,8,27,6,1649
2015,8,27,7,1788
2015,8,27,8,1922
2015,8,27,9,2003
2015,8,27,10,2024
2015,8,27,11,1961
2015,8,27,12,1854
2015,8,27,13,1675
2015,8,27,14,1543
2015,8,27,15,1455
2015,8,27,16,1436
2015,8,27,17,1531
2015,8,27,18,1745
2015,8,27,19,1935
2015,8,27,20,2149
2015,8,27,21,2321
2015,8,27,22,2345
2015,8,27,23,2303
2015,8,28,0,2132
2015,8,28,1,1894
2015,8,28,2,1692
2015,8,28,3,1486
2015,8,28,4,1426
2015,8,28,5,1407
2015,8,28,6,1502
2015,8,28,7,1673
2015,8,28,8,1846
2015,8,28,9,2044
2015,8,28,10,2152
2015,8,28,11,2131
2015,8,28,12,2012
2015,8,28,13,1825
2015,8,28,14,1638
2015,8,28,15,1415
2015,8,28,16,1340
2015,8,28,17,1363
2015,8,28,18,1512
2015,8,28,19,1681
2015,8,28,20,1978
2015,8,28,21,2203
2015,8,28,22,2408
2015,8,28,23,2444
2015,8,29,0,2314
2015,8,29,1,2112
2015,8,29,2,1825
2015,8,29,3,1516
2015,8,29,4,1399
2015,8,29,5,1276
2015,8,29,6,1307
2015,8,29,7,1450
2015,8,29,8,1654
2015,8,29,9,1896
2015,8,29,10,2123
2015,8,29,11,2254
2015,8,29,12,2208
2015,8,29,13,2085
2015,8,29,14,1814
2015,8,29,15,1542
2015,8,29,16,1353
2015,8,29,17,1271
2015,8,29,18,1357
2015,8,29,19,1500
2015,8,29,20,1772
2015,8,29,21,2023
2015,8,29,22,2257
2015,8,29,23,2454
2015,8,30,0,2451
2015,8,30,1,2348
2015,8,30,2,2017
2015,8,30,3,1712
2015,8,30,4,1432
2015,8,30,5,1216
2015,8,30,6,1210
2015,8,30,7,1269
2015,8,30,8,1526
2015,8,30,9,1727
2015,8,30,10,2001
2015,8,30,11,2240
2015,8,30,12,2341
2015,8,30,13,2290
2015,8,30,14,2047
2015,8,30,15,1723
2015,8,30,16,1435
2015,8,30,17,1247
2015,8,30,18,1223
2015,8,30,19,1314
2015,8,30,20,1491
2015,8,30,21,1754
2015,8,30,22,2047
2015,8,30,23,2339
2015,8,31,0,2477
2015,8,31,1,2465
2015,8,31,2,2265
2015,8,31,3,1929
2015,8,31,4,1545
2015,8,31,5,1293
2015,8,31,6,1180
2015,8,31,7,1196
2015,8,31,8,1320
2015,8,31,9,1569
2015,8,31,10,1838
2015,8,31,11,2098
2015,8,31,12,2361
2015,8,31,13,2427
2015,8,31,14,2294
2015,8,31,15,2032
2015,8,31,16,1694
2015,8,31,17,1402
2015,8,31,18,1257
2015,8,31,19,1252
2015,8,31,20,1350
2015,8,31,21,1564
2015,8,31,22,1865
2015,8,31,23,2130
2015,9,1,0,2332
2015,9,1,1,2406
2015,9,1,2,2362
2015,9,1,3,2142
2015,9,1,4,1825
2015,9,1,5,1462
2015,9,1,6,1220
2015,9,1,7,1125
2015,9,1,8,1239
2015,9,1,9,1413
2015,9,1,10,1674
2015,9,1,11,1979
2015,9,1,12,2229
2015,9,1,13,2394
2015,9,1,14,2468
2015,9,1,15,2304
2015,9,1,16,1999
2015,9,1,17,1658
2015,9,1,18,1380
2015,9,1,19,1243
2015,9,1,20,1253
2015,9,1,21,1409
2015,9,1,22,1626
2015,9,1,23,1900
2015,9,2,0,2127
2015,9,2,1,2265
2015,9,2,2,2327
2015,9,2,3,2215
2015,9,2,4,1977
2015,9,2,5,1626
2015,9,2,6,1319
2015,9,2,7,1139
2015,9,2,8,1133
2015,9,2,9,1264
2015,9,2,10,1522
2015,9,2,11,1795
2015,9,2,12,2057
2015,9,2,13,2272
2015,9,2,14,2367
2015,9,2,15,2354
2015,9,2,16,2186
2015,9,2,17,1925
2015,9,2,18,1671
2015,9,2,19,1335
2015,9,2,20,1246
2015,9,2,21,1308
2015,9,2,22,1441
2015,9,2,23,1682
2015,9,3,0,1887
2015,9,3,1,2063
2015,9,3,2,2195
2015,9,3,3,2245
2015,9,3,4,2080
2015,9,3,5,1833
2015,9,3,6,1550
2015,9,3,7,1288
2015,9,3,8,1180
2015,9,3,9,1225
2015,9,3,10,1406
2015,9,3,11,1635
2015,9,3,12,1871
2015,9,3,13,2077
2015,9,3,14,2231
2015,9,3,15,2287
2015,9,3,16,2261
2015,9,3,17,2072
2015,9,3,18,1829
2015,9,3,19,1555
2015,9,3,20,1390
2015,9,3,21,1306
2015,9,3,22,1358
2015,9,3,23,1496
2015,9,4,0,1666
2015,9,4,1,1839
2015,9,4,2,1939
2015,9,4,3,2072
2015,9,4,4,2037
2015,9,4,5,1914
2015,9,4,6,1682
2015,9,4,7,1451
2015,9,4,8,1302
2015,9,4,9,1224
2015,9,4,10,1314
2015,9,4,11,1501
2015,9,4,12,1709
2015,9,4,13,1899
2015,9,4,14,2063
2015,9,4,15,2162
2015,9,4,16,2189
2015,9,4,17,2126
2015,9,4,18,1979
2015,9,4,19,1730
2015,9,4,20,1520
2015,9,4,21,1360
2015,9,4,22,1423
2015,9,4,23,1442
2015,9,5,0,1545
2015,9,5,1,1672
2015,9,5,2,1811
2015,9,5,3,1877
2015,9,5,4,1947
2015,9,5,5,1902
2015,9,5,6,1799
2015,9,5,7,1611
2015,9,5,8,1399
2015,9,5,9,1338
2015,9,5,10,1358
2015,9,5,11,1451
2015,9,5,12,1598
2015,9,5,13,1738
2015,9,5,14,1891
2015,9,5,15,2037
2015,9,5,16,2101
2015,9,5,17,2102
2015,9,5,18,2063
2015,9,5,19,1962
2015,9,5,20,1714
2015,9,5,21,1545
2015,9,5,22,1470
2015,9,5,23,1487
2015,9,6,0,1519
2015,9,6,1,1623
2015,9,6,2,1682
2015,9,6,3,1734
2015,9,6,4,1780
2015,9,6,5,1830
2015,9,6,6,1848
2015,9,6,7,1717
2015,9,6,8,1620
2015,9,6,9,1469
2015,9,6,10,1409
2015,9,6,11,1433
2015,9,6,12,1505
2015,9,6,13,1618
2015,9,6,14,1748
2015,9,6,15,1848
2015,9,6,16,1954
2015,9,6,17,2036
2015,9,6,18,2064
2015,9,6,19,2069
2015,9,6,20,1927
2015,9,6,21,1785
2015,9,6,22,1677
2015,9,6,23,1566
2015,9,7,0,1540
2015,9,7,1,1520
2015,9,7,2,1551
2015,9,7,3,1572
2015,9,7,4,1624
2015,9,7,5,1710
2015,9,7,6,1775
2015,9,7,7,1778
2015,9,7,8,1712
2015,9,7,9,1634
2015,9,7,10,1563
2015,9,7,11,1477
2015,9,7,12,1493
2015,9,7,13,1514
2015,9,7,14,1611
2015,9,7,15,1669
2015,9,7,16,1773
2015,9,7,17,1858
2015,9,7,18,1979
2015,9,7,19,2055
2015,9,7,20,2074
2015,9,7,21,1979
2015,9,7,22,1905
2015,9,7,23,1739
2015,9,8,0,1631
2015,9,8,1,1563
2015,9,8,2,1499
2015,9,8,3,1505
2015,9,8,4,1549
2015,9,8,5,1608
2015,9,8,6,1626
2015,9,8,7,1742
2015,9,8,8,1767
2015,9,8,9,1773
2015,9,8,10,1683
2015,9,8,11,1596
2015,9,8,12,1533
2015,9,8,13,1492
2015,9,8,14,1505
2015,9,8,15,1549
2015,9,8,16,1649
2015,9,8,17,1724
2015,9,8,18,1830
2015,9,8,19,1958
2015,9,8,20,2058
2015,9,8,21,2064
2015,9,8,22,2044
2015,9,8,23,1889
2015,9,9,0,1720
2015,9,9,1,1647
2015,9,9,2,1501
2015,9,9,3,1506
2015,9,9,4,1481
2015,9,9,5,1513
2015,9,9,6,1624
2015,9,9,7,1709
2015,9,9,8,1781
2015,9,9,9,1870
2015,9,9,10,1844
2015,9,9,11,1788
2015,9,9,12,1702
2015,9,9,13,1528
2015,9,9,14,1458
2015,9,9,15,1465
2015,9,9,16,1487
2015,9,9,17,1578
2015,9,9,18,1709
2015,9,9,19,1845
2015,9,9,20,1975
2015,9,9,21,2075
2015,9,9,22,2100
2015,9,9,23,2044
2015,9,10,0,1896
2015,9,10,1,1684
2015,9,10,2,1527
2015,9,10,3,1440
2015,9,10,4,1393
2015,9,10,5,1421
2015,9,10,6,1498
2015,9,10,7,1628
2015,9,10,8,1752
2015,9,10,9,1852
2015,9,10,10,1919
2015,9,10,11,1929
2015,9,10,12,1805
2015,9,10,13,1634
2015,9,10,14,1522
2015,9,10,15,1412
2015,9,10,16,1422
2015,9,10,17,1487
2015,9,10,18,1632
2015,9,10,19,1750
2015,9,10,20,1902
2015,9,10,21,2065
2015,9,10,22,2163
2015,9,10,23,2181
2015,9,11,0,2041
2015,9,11,1,1855
2015,9,11,2,1632
2015,9,11,3,1479
2015,9,11,4,1368
2015,9,11,5,1368
2015,9,11,6,1439
2015,9,11,7,1523
2015,9,11,8,1709
2015,9,11,9,1847
2015,9,11,10,1997
2015,9,11,11,2053
2015,9,11,12,1996
2015,9,11,13,1822
2015,9,11,14,1624
2015,9,11,15,1469
2015,9,11,16,1391
2015,9,11,17,1384
2015,9,11,18,1452
2015,9,11,19,1608
2015,9,11,20,1804
2015,9,11,21,1954
2015,9,11,22,2149
2015,9,11,23,2198
2015,9,12,0,2114
2015,9,12,1,1955
2015,9,12,2,1749
2015,9,12,3,1519
2015,9,12,4,1359
2015,9,12,5,1334
2015,9,12,6,1332
2015,9,12,7,1479
2015,9,12,8,1647
2015,9,12,9,1849
2015,9,12,10,2012
2015,9,12,11,2123
2015,9,12,12,2102
2015,9,12,13,1992
2015,9,12,14,1762
2015,9,12,15,1588
2015,9,12,16,1400
2015,9,12,17,1370
2015,9,12,18,1416
2015,9,12,19,1549
2015,9,12,20,1687
2015,9,12,21,1969
2015,9,12,22,2092
2015,9,12,23,2242
2015,9,13,0,2210
2015,9,13,1,2128
2015,9,13,2,1930
2015,9,13,3,1644
2015,9,13,4,1463
2015,9,13,5,1313
2015,9,13,6,1336
2015,9,13,7,1469
2015,9,13,8,1587
2015,9,13,9,1830
2015,9,13,10,1968
2015,9,13,11,2135
2015,9,13,12,2194
2015,9,13,13,2100
2015,9,13,14,1950
2015,9,13,15,1718
2015,9,13,16,1505
2015,9,13,17,1338
2015,9,13,18,1347
2015,9,13,19,1425
2015,9,13,20,1571
2015,9,13,21,1845
2015,9,13,22,2022
2015,9,13,23,2146
2015,9,14,0,2233
2015,9,14,1,2176
2015,9,14,2,1998
2015,9,14,3,1763
2015,9,14,4,1520
2015,9,14,5,1328
2015,9,14,6,1261
2015,9,14,7,1336
2015,9,14,8,1506
2015,9,14,9,1692
2015,9,14,10,1908
2015,9,14,11,2095
2015,9,14,12,2195
2015,9,14,13,2166
2015,9,14,14,2013
2015,9,14,15,1778
2015,9,14,16,1547
2015,9,14,17,1303
2015,9,14,18,1257
2015,9,14,19,1305
2015,9,14,20,1478
2015,9,14,21,1679
2015,9,14,22,1878
2015,9,14,23,2062
2015,9,15,0,2150
2015,9,15,1,2136
2015,9,15,2,2039
2015,9,15,3,1842
2015,9,15,4,1546
2015,9,15,5,1363
2015,9,15,6,1211
2015,9,15,7,1275
2015,9,15,8,1412
2015,9,15,9,1609
2015,9,15,10,1795
2015,9,15,11,2069
2015,9,15,12,2173
2015,9,15,13,2185
2015,9,15,14,2122
2015,9,15,15,1917
2015,9,15,16,1638
2015,9,15,17,1397
2015,9,15,18,1238
2015,9,15,19,1270
2015,9,15,20,1363
2015,9,15,21,1590
2015,9,15,22,1775
2015,9,15,23,1990
2015,9,16,0,2077
2015,9,16,1,2165
2015,9,16,2,2061
2015,9,16,3,1941
2015,9,16,4,1683
2015,9,16,5,1448
2015,9,16,6,1302
2015,9,16,7,1216
2015,9,16,8,1322
2015,9,16,9,1517
2015,9,16,10,1734
2015,9,16,11,1958
2015,9,16,12,2148
2015,9,16,13,2208
2015,9,16,14,2162
2015,9,16,15,2023
2015,9,16,16,1828
2015,9,16,17,1536
2015,9,16,18,1371
2015,9,16,19,1284
2015,9,16,20,1324
2015,9,16,21,1437
2015,9,16,22,1636
2015,9,16,23,1860
2015,9,17,0,2008
2015,9,17,1,2068
2015,9,17,2,2037
2015,9,17,3,1926
2015,9,17,4,1751
2015,9,17,5,1501
2015,9,17,6,1314
2015,9,17,7,1217
2015,9,17,8,1245
2015,9,17,9,1404
2015,9,17,10,1613
2015,9,17,11,1868
2015,9,17,12,2070
2015,9,17,13,2151
2015,9,17,14,2183
2015,9,17,15,2086
2015,9,17,16,1915
2015,9,17,17,1680
2015,9,17,18,1437
2015,9,17,19,1292
2015,9,17,20,1271
2015,9,17,21,1382
2015,9,17,22,1565
2015,9,17,23,1763
2015,9,18,0,1902
2015,9,18,1,1978
2015,9,18,2,2019
2015,9,18,3,1983
2015,9,18,4,1818
2015,9,18,5,1617
2015,9,18,6,1427
2015,9,18,7,1257
2015,9,18,8,1245
2015,9,18,9,1347
2015,9,18,10,1524
2015,9,18,11,1749
2015,9,18,12,1961
2015,9,18,13,2089
2015,9,18,14,2164
2015,9,18,15,2132
2015,9,18,16,2015
2015,9,18,17,1830
2015,9,18,18,1608
2015,9,18,19,1425
2015,9,18,20,1340
2015,9,18,21,1382
2015,9,18,22,1490
2015,9,18,23,1659
2015,9,19,0,1796
2015,9,19,1,1912
2015,9,19,2,1968
2015,9,19,3,1963
2015,9,19,4,1908
2015,9,19,5,1746
2015,9,19,6,1549
2015,9,19,7,1390
2015,9,19,8,1325
2015,9,19,9,1388
2015,9,19,10,1504
2015,9,19,11,1695
2015,9,19,12,1905
2015,9,19,13,2018
2015,9,19,14,2120
2015,9,19,15,2138
2015,9,19,16,2081
2015,9,19,17,1943
2015,9,19,18,1775
2015,9,19,19,1587
2015,9,19,20,1481
2015,9,19,21,1443
2015,9,19,22,1538
2015,9,19,23,1587
2015,9,20,0,1724
2015,9,20,1,1883
2015,9,20,2,1910
2015,9,20,3,1959
2015,9,20,4,1893
2015,9,20,5,1776
2015,9,20,6,1645
2015,9,20,7,1503
2015,9,20,8,1394
2015,9,20,9,1411
2015,9,20,10,1482
2015,9,20,11,1615
2015,9,20,12,1764
2015,9,20,13,1916
2015,9,20,14,2036
2015,9,20,15,2078
2015,9,20,16,2096
2015,9,20,17,1990
2015,9,20,18,1876
2015,9,20,19,1713
2015,9,20,20,1567
2015,9,20,21,1484
2015,9,20,22,1500
2015,9,20,23,1487
2015,9,21,0,1604
2015,9,21,1,1712
2015,9,21,2,1781
2015,9,21,3,1818
2015,9,21,4,1817
2015,9,21,5,1786
2015,9,21,6,1709
2015,9,21,7,1611
2015,9,21,8,1517
2015,9,21,9,1440
2015,9,21,10,1446
2015,9,21,11,1514
2015,9,21,12,1643
2015,9,21,13,1781
2015,9,21,14,1896
2015,9,21,15,1939
2015,9,21,16,2015
2015,9,21,17,1981
2015,9,21,18,1957
2015,9,21,19,1858
2015,9,21,20,1715
2015,9,21,21,1571
2015,9,21,22,1559
2015,9,21,23,1520
2015,9,22,0,1544
2015,9,22,1,1614
2015,9,22,2,1662
2015,9,22,3,1766
2015,9,22,4,1768
2015,9,22,5,1718
2015,9,22,6,1758
2015,9,22,7,1737
2015,9,22,8,1608
2015,9,22,9,1552
2015,9,22,10,1487
2015,9,22,11,1497
2015,9,22,12,1575
2015,9,22,13,1658
2015,9,22,14,1755
2015,9,22,15,1803
2015,9,22,16,1926
2015,9,22,17,2006
2015,9,22,18,2051
2015,9,22,19,2007
2015,9,22,20,1931
2015,9,22,21,1784
2015,9,22,22,1672
2015,9,22,23,1564
2015,9,23,0,1555
2015,9,23,1,1547
2015,9,23,2,1541
2015,9,23,3,1590
2015,9,23,4,1658
2015,9,23,5,1746
2015,9,23,6,1751
2015,9,23,7,1796
2015,9,23,8,1758
2015,9,23,9,1674
2015,9,23,10,1592
2015,9,23,11,1563
2015,9,23,12,1542
2015,9,23,13,1543
2015,9,23,14,1594
2015,9,23,15,1661
2015,9,23,16,1794
2015,9,23,17,1909
2015,9,23,18,1979
2015,9,23,19,2068
2015,9,23,20,2035
2015,9,23,21,1924
2015,9,23,22,1819
2015,9,23,23,1675
2015,9,24,0,1567
2015,9,24,1,1486
2015,9,24,2,1434
2015,9,24,3,1457
2015,9,24,4,1519
2015,9,24,5,1612
2015,9,24,6,1722
2015,9,24,7,1818
2015,9,24,8,1856
2015,9,24,9,1852
2015,9,24,10,1783
2015,9,24,11,1679
2015,9,24,12,1594
2015,9,24,13,1476
2015,9,24,14,1468
2015,9,24,15,1489
2015,9,24,16,1578
2015,9,24,17,1713
2015,9,24,18,1907
2015,9,24,19,2004
2015,9,24,20,2100
2015,9,24,21,2073
2015,9,24,22,2028
2015,9,24,23,1868
2015,9,25,0,1669
2015,9,25,1,1513
2015,9,25,2,1434
2015,9,25,3,1345
2015,9,25,4,1374
2015,9,25,5,1465
2015,9,25,6,1623
2015,9,25,7,1792
2015,9,25,8,1950
2015,9,25,9,2006
2015,9,25,10,1998
2015,9,25,11,1879
2015,9,25,12,1712
2015,9,25,13,1593
2015,9,25,14,1453
2015,9,25,15,1439
2015,9,25,16,1439
2015,9,25,17,1564
2015,9,25,18,1721
2015,9,25,19,1924
2015,9,25,20,2136
2015,9,25,21,2265
2015,9,25,22,2276
2015,9,25,23,2144
2015,9,26,0,1941
2015,9,26,1,1713
2015,9,26,2,1472
2015,9,26,3,1362
2015,9,26,4,1332
2015,9,26,5,1392
2015,9,26,6,1531
2015,9,26,7,1733
2015,9,26,8,1933
2015,9,26,9,2157
2015,9,26,10,2220
2015,9,26,11,2162
2015,9,26,12,2009
2015,9,26,13,1801
2015,9,26,14,1552
2015,9,26,15,1403
2015,9,26,16,1365
2015,9,26,17,1409
2015,9,26,18,1532
2015,9,26,19,1727
2015,9,26,20,2000
2015,9,26,21,2268
2015,9,26,22,2408
2015,9,26,23,2398
2015,9,27,0,2185
2015,9,27,1,1928
2015,9,27,2,1616
2015,9,27,3,1420
2015,9,27,4,1293
2015,9,27,5,1271
2015,9,27,6,1354
2015,9,27,7,1591
2015,9,27,8,1843
2015,9,27,9,2066
2015,9,27,10,2271
2015,9,27,11,2331
2015,9,27,12,2242
2015,9,27,13,2028
2015,9,27,14,1726
2015,9,27,15,1472
2015,9,27,16,1288
2015,9,27,17,1233
2015,9,27,18,1315
2015,9,27,19,1512
2015,9,27,20,1796
2015,9,27,21,2092
2015,9,27,22,2312
2015,9,27,23,2403
2015,9,28,0,2321
2015,9,28,1,2153
2015,9,28,2,1861
2015,9,28,3,1542
2015,9,28,4,1258
2015,9,28,5,1175
2015,9,28,6,1226
2015,9,28,7,1397
2015,9,28,8,1652
2015,9,28,9,1957
2015,9,28,10,2212
2015,9,28,11,2416
2015,9,28,12,2456
2015,9,28,13,2308
2015,9,28,14,2044
2015,9,28,15,1708
2015,9,28,16,1420
2015,9,28,17,1279
2015,9,28,18,1213
2015,9,28,19,1337
2015,9,28,20,1530
2015,9,28,21,1856
2015,9,28,22,2118
2015,9,28,23,2342
2015,9,29,0,2420
2015,9,29,1,2337
2015,9,29,2,2091
2015,9,29,3,1758
2015,9,29,4,1468
2015,9,29,5,1227
2015,9,29,6,1218
2015,9,29,7,1292
2015,9,29,8,1510
2015,9,29,9,1820
2015,9,29,10,2119
2015,9,29,11,2392
2015,9,29,12,2509
2015,9,29,13,2505
2015,9,29,14,2326
2015,9,29,15,2010
2015,9,29,16,1678
2015,9,29,17,1384
2015,9,29,18,1236
2015,9,29,19,1236
2015,9,29,20,1391
2015,9,29,21,1637
2015,9,29,22,1899
2015,9,29,23,2156
2015,9,30,0,2324
2015,9,30,1,2365
2015,9,30,2,2230
2015,9,30,3,1943
2015,9,30,4,1609
2015,9,30,5,1320
2015,9,30,6,1150
2015,9,30,7,1162
2015,9,30,8,1314
2015,9,30,9,1584
2015,9,30,10,1901
2015,9,30,11,2229
2015,9,30,12,2472
2015,9,30,13,2578
2015,9,30,14,2482
2015,9,30,15,2244
2015,9,30,16,1890
2015,9,30,17,1563
2015,9,30,18,1316
2015,9,30,19,1185
2015,9,30,20,1234
2015,9,30,21,1346
2015,9,30,22,1606
2015,9,30,23,1857
2015,10,1,0,2061
2015,10,1,1,2225
2015,10,1,2,2243
2015,10,1,3,2094
2015,10,1,4,1810
2015,10,1,5,1466
2015,10,1,6,1250
2015,10,1,7,1140
2015,10,1,8,1256
2015,10,1,9,1400
2015,10,1,10,1713
2015,10,1,11,2028
2015,10,1,12,2265
2015,10,1,13,2453
2015,10,1,14,2479
2015,10,1,15,2404
2015,10,1,16,2167
2015,10,1,17,1812
2015,10,1,18,1500
2015,10,1,19,1324
2015,10,1,20,1206
2015,10,1,21,1288
2015,10,1,22,1455
2015,10,1,23,1669
2015,10,2,0,1962
2015,10,2,1,2083
2015,10,2,2,2155
2015,10,2,3,2111
2015,10,2,4,1986
2015,10,2,5,1734
2015,10,2,6,1452
2015,10,2,7,1276
2015,10,2,8,1242
2015,10,2,9,1354
2015,10,2,10,1538
2015,10,2,11,1833
2015,10,2,12,2096
2015,10,2,13,2299
2015,10,2,14,2401
2015,10,2,15,2405
2015,10,2,16,2311
2015,10,2,17,2049
2015,10,2,18,1789
2015,10,2,19,1531
2015,10,2,20,1330
2015,10,2,21,1347
2015,10,2,22,1430
2015,10,2,23,1585
2015,10,3,0,1765
2015,10,3,1,1908
2015,10,3,2,2027
2015,10,3,3,2077
2015,10,3,4,2032
2015,10,3,5,1894
2015,10,3,6,1683
2015,10,3,7,1475
2015,10,3,8,1347
2015,10,3,9,1370
2015,10,3,10,1521
2015,10,3,11,1719
2015,10,3,12,1940
2015,10,3,13,2102
2015,10,3,14,2216
2015,10,3,15,2305
2015,10,3,16,2307
2015,10,3,17,2213
2015,10,3,18,1993
2015,10,3,19,1719
2015,10,3,20,1548
2015,10,3,21,1479
2015,10,3,22,1448
2015,10,3,23,1565
2015,10,4,0,1652
2015,10,4,1,1781
2015,10,4,2,1849
2015,10,4,3,1933
2015,10,4,4,1971
2015,10,4,5,1987
2015,10,4,6,1829
2015,10,4,7,1675
2015,10,4,8,1498
2015,10,4,9,1418
2015,10,4,10,1468
2015,10,4,11,1610
2015,10,4,12,1775
2015,10,4,13,1921
2015,10,4,14,2020
2015,10,4,15,2116
2015,10,4,16,2177
2015,10,4,17,2195
2015,10,4,18,2090
2015,10,4,19,1921
2015,10,4,20,1693
2015,10,4,21,1555
2015,10,4,22,1515
2015,10,4,23,1524
2015,10,5,0,1574
2015,10,5,1,1667
2015,10,5,2,1729
2015,10,5,3,1743
2015,10,5,4,1863
2015,10,5,5,1939
2015,10,5,6,1935
2015,10,5,7,1834
2015,10,5,8,1679
2015,10,5,9,1575
2015,10,5,10,1537
2015,10,5,11,1556
2015,10,5,12,1686
2015,10,5,13,1797
2015,10,5,14,1889
2015,10,5,15,1935
2015,10,5,16,2019
2015,10,5,17,2081
2015,10,5,18,2102
2015,10,5,19,2023
2015,10,5,20,1930
2015,10,5,21,1787
2015,10,5,22,1679
2015,10,5,23,1626
2015,10,6,0,1619
2015,10,6,1,1645
2015,10,6,2,1630
2015,10,6,3,1684
2015,10,6,4,1772
2015,10,6,5,1841
2015,10,6,6,1937
2015,10,6,7,1918
2015,10,6,8,1858
2015,10,6,9,1750
2015,10,6,10,1683
2015,10,6,11,1663
2015,10,6,12,1669
2015,10,6,13,1760
2015,10,6,14,1769
2015,10,6,15,1815
2015,10,6,16,1881
2015,10,6,17,1998
2015,10,6,18,2083
2015,10,6,19,2071
2015,10,6,20,2061
2015,10,6,21,1972
2015,10,6,22,1824
2015,10,6,23,1749
2015,10,7,0,1656
2015,10,7,1,1600
2015,10,7,2,1596
2015,10,7,3,1592
2015,10,7,4,1633
2015,10,7,5,1740
2015,10,7,6,1832
2015,10,7,7,1919
2015,10,7,8,1963
2015,10,7,9,1905
2015,10,7,10,1841
2015,10,7,11,1745
2015,10,7,12,1685
2015,10,7,13,1644
2015,10,7,14,1662
2015,10,7,15,1679
2015,10,7,16,1692
2015,10,7,17,1834
2015,10,7,18,1935
2015,10,7,19,2008
2015,10,7,20,2086
2015,10,7,21,2055
2015,10,7,22,2002
2015,10,7,23,1835
2015,10,8,0,1737
2015,10,8,1,1602
2015,10,8,2,1531
2015,10,8,3,1515
2015,10,8,4,1569
2015,10,8,5,1623
2015,10,8,6,1756
2015,10,8,7,1915
2015,10,8,8,1983
2015,10,8,9,2039
2015,10,8,10,1972
2015,10,8,11,1888
2015,10,8,12,1784
2015,10,8,13,1690
2015,10,8,14,1600
2015,10,8,15,1615
2015,10,8,16,1614
2015,10,8,17,1664
2015,10,8,18,1819
2015,10,8,19,1944
2015,10,8,20,2031
2015,10,8,21,2114
2015,10,8,22,2071
2015,10,8,23,1980
2015,10,9,0,1846
2015,10,9,1,1665
2015,10,9,2,1574
2015,10,9,3,1441
2015,10,9,4,1470
2015,10,9,5,1519
2015,10,9,6,1648
2015,10,9,7,1816
2015,10,9,8,1978
2015,10,9,9,2063
2015,10,9,10,2085
2015,10,9,11,2041
2015,10,9,12,1909
2015,10,9,13,1741
2015,10,9,14,1609
2015,10,9,15,1503
2015,10,9,16,1470
2015,10,9,17,1520
2015,10,9,18,1653
2015,10,9,19,1817
2015,10,9,20,1961
2015,10,9,21,2090
2015,10,9,22,2136
2015,10,9,23,2066
2015,10,10,0,1978
2015,10,10,1,1799
2015,10,10,2,1620
2015,10,10,3,1479
2015,10,10,4,1415
2015,10,10,5,1420
2015,10,10,6,1531
2015,10,10,7,1719
2015,10,10,8,1896
2015,10,10,9,2077
2015,10,10,10,2159
2015,10,10,11,2137
2015,10,10,12,2026
2015,10,10,13,1873
2015,10,10,14,1664
2015,10,10,15,1538
2015,10,10,16,1454
2015,10,10,17,1456
2015,10,10,18,1556
2015,10,10,19,1731
2015,10,10,20,1834
2015,10,10,21,2052
2015,10,10,22,2126
2015,10,10,23,2144
2015,10,11,0,2087
2015,10,11,1,1923
2015,10,11,2,1689
2015,10,11,3,1499
2015,10,11,4,1382
2015,10,11,5,1379
2015,10,11,6,1505
2015,10,11,7,1638
2015,10,11,8,1857
2015,10,11,9,2074
2015,10,11,10,2207
2015,10,11,11,2279
2015,10,11,12,2169
2015,10,11,13,1990
2015,10,11,14,1798
2015,10,11,15,1602
2015,10,11,16,1437
2015,10,11,17,1405
2015,10,11,18,1444
2015,10,11,19,1600
2015,10,11,20,1803
2015,10,11,21,1989
2015,10,11,22,2134
2015,10,11,23,2156
2015,10,12,0,2123
2015,10,12,1,2002
2015,10,12,2,1780
2015,10,12,3,1557
2015,10,12,4,1382
2015,10,12,5,1330
2015,10,12,6,1406
2015,10,12,7,1569
2015,10,12,8,1797
2015,10,12,9,2024
2015,10,12,10,2158
2015,10,12,11,2304
2015,10,12,12,2299
2015,10,12,13,2112
2015,10,12,14,1937
2015,10,12,15,1667
2015,10,12,16,1468
2015,10,12,17,1361
2015,10,12,18,1391
2015,10,12,19,1467
2015,10,12,20,1686
2015,10,12,21,1882
2015,10,12,22,2045
2015,10,12,23,2166
2015,10,13,0,2175
2015,10,13,1,2102
2015,10,13,2,1879
2015,10,13,3,1674
2015,10,13,4,1441
2015,10,13,5,1322
2015,10,13,6,1364
2015,10,13,7,1470
2015,10,13,8,1697
2015,10,13,9,1909
2015,10,13,10,2146
2015,10,13,11,2297
2015,10,13,12,2322
2015,10,13,13,2265
2015,10,13,14,2099
2015,10,13,15,1835
2015,10,13,16,1544
2015,10,13,17,1388
2015,10,13,18,1343
2015,10,13,19,1408
2015,10,13,20,1555
2015,10,13,21,1770
2015,10,13,22,1961
2015,10,13,23,2082
2015,10,14,0,2193
2015,10,14,1,2105
2015,10,14,2,2007
2015,10,14,3,1799
2015,10,14,4,1527
2015,10,14,5,1353
2015,10,14,6,1344
2015,10,14,7,1384
2015,10,14,8,1598
2015,10,14,9,1842
2015,10,14,10,2083
2015,10,14,11,2302
2015,10,14,12,2387
2015,10,14,13,2357
2015,10,14,14,2221
2015,10,14,15,1974
2015,10,14,16,1710
2015,10,14,17,1449
2015,10,14,18,1356
2015,10,14,19,1336
2015,10,14,20,1451
2015,10,14,21,1642
2015,10,14,22,1831
2015,10,14,23,2036
2015,10,15,0,2125
2015,10,15,1,2126
2015,10,15,2,2074
2015,10,15,3,1850
2015,10,15,4,1612
2015,10,15,5,1440
2015,10,15,6,1316
2015,10,15,7,1327
2015,10,15,8,1494
2015,10,15,9,1722
2015,10,15,10,1965
2015,10,15,11,2181
2015,10,15,12,2316
2015,10,15,13,2348
2015,10,15,14,2271
2015,10,15,15,2085
2015,10,15,16,1827
2015,10,15,17,1550
2015,10,15,18,1354
2015,10,15,19,1311
2015,10,15,20,1394
2015,10,15,21,1549
2015,10,15,22,1746
2015,10,15,23,1917
2015,10,16,0,2106
2015,10,16,1,2113
2015,10,16,2,2106
2015,10,16,3,1963
2015,10,16,4,1796
2015,10,16,5,1546
2015,10,16,6,1375
2015,10,16,7,1324
2015,10,16,8,1456
2015,10,16,9,1635
2015,10,16,10,1887
2015,10,16,11,2103
2015,10,16,12,2264
2015,10,16,13,2317
2015,10,16,14,2293
2015,10,16,15,2221
2015,10,16,16,1987
2015,10,16,17,1721
2015,10,16,18,1469
2015,10,16,19,1286
2015,10,16,20,1328
2015,10,16,21,1411
2015,10,16,22,1599
2015,10,16,23,1795
2015,10,17,0,1979
2015,10,17,1,2055
2015,10,17,2,2028
2015,10,17,3,1986
2015,10,17,4,1875
2015,10,17,5,1659
2015,10,17,6,1417
2015,10,17,7,1310
2015,10,17,8,1344
2015,10,17,9,1536
2015,10,17,10,1767
2015,10,17,11,1977
2015,10,17,12,2157
2015,10,17,13,2261
2015,10,17,14,2286
2015,10,17,15,2226
2015,10,17,16,2096
2015,10,17,17,1902
2015,10,17,18,1587
2015,10,17,19,1390
2015,10,17,20,1294
2015,10,17,21,1333
2015,10,17,22,1531
2015,10,17,23,1684
2015,10,18,0,1865
2015,10,18,1,1958
2015,10,18,2,1996
2015,10,18,3,1961
2015,10,18,4,1855
2015,10,18,5,1712
2015,10,18,6,1573
2015,10,18,7,1413
2015,10,18,8,1357
2015,10,18,9,1455
2015,10,18,10,1623
2015,10,18,11,1831
2015,10,18,12,2004
2015,10,18,13,2155
2015,10,18,14,2203
2015,10,18,15,2231
2015,10,18,16,2132
2015,10,18,17,1982
2015,10,18,18,1731
2015,10,18,19,1533
2015,10,18,20,1391
2015,10,18,21,1378
2015,10,18,22,1381
2015,10,18,23,1557
2015,10,19,0,1712
2015,10,19,1,1794
2015,10,19,2,1902
2015,10,19,3,1930
2015,10,19,4,1916
2015,10,19,5,1809
2015,10,19,6,1638
2015,10,19,7,1531
2015,10,19,8,1471
2015,10,19,9,1446
2015,10,19,10,1557
2015,10,19,11,1705
2015,10,19,12,1909
2015,10,19,13,2087
2015,10,19,14,2157
2015,10,19,15,2181
2015,10,19,16,2164
2015,10,19,17,2051
2015,10,19,18,1892
2015,10,19,19,1695
2015,10,19,20,1487
2015,10,19,21,1439
2015,10,19,22,1423
2015,10,19,23,1517
2015,10,20,0,1609
2015,10,20,1,1703
2015,10,20,2,1790
2015,10,20,3,1865
2015,10,20,4,1873
2015,10,20,5,1845
2015,10,20,6,1724
2015,10,20,7,1603
2015,10,20,8,1501
2015,10,20,9,1475
2015,10,20,10,1514
2015,10,20,11,1590
2015,10,20,12,1721
2015,10,20,13,1855
2015,10,20,14,1997
2015,10,20,15,2045
2015,10,20,16,2101
2015,10,20,17,2083
2015,10,20,18,1998
2015,10,20,19,1816
2015,10,20,20,1656
2015,10,20,21,1545
2015,10,20,22,1461
2015,10,20,23,1477
2015,10,21,0,1539
2015,10,21,1,1607
2015,10,21,2,1688
2015,10,21,3,1771
2015,10,21,4,1821
2015,10,21,5,1878
2015,10,21,6,1818
2015,10,21,7,1762
2015,10,21,8,1677
2015,10,21,9,1598
2015,10,21,10,1553
2015,10,21,11,1586
2015,10,21,12,1632
2015,10,21,13,1740
2015,10,21,14,1821
2015,10,21,15,1941
2015,10,21,16,2032
2015,10,21,17,2101
2015,10,21,18,2092
2015,10,21,19,1976
2015,10,21,20,1852
2015,10,21,21,1711
2015,10,21,22,1579
2015,10,21,23,1533
2015,10,22,0,1502
2015,10,22,1,1506
2015,10,22,2,1586
2015,10,22,3,1642
2015,10,22,4,1741
2015,10,22,5,1836
2015,10,22,6,1895
2015,10,22,7,1879
2015,10,22,8,1825
2015,10,22,9,1713
2015,10,22,10,1667
2015,10,22,11,1548
2015,10,22,12,1558
2015,10,22,13,1605
2015,10,22,14,1671
2015,10,22,15,1779
2015,10,22,16,1893
2015,10,22,17,1990
2015,10,22,18,2065
2015,10,22,19,2068
2015,10,22,20,2024
2015,10,22,21,1924
2015,10,22,22,1762
2015,10,22,23,1616
2015,10,23,0,1514
2015,10,23,1,1474
2015,10,23,2,1472
2015,10,23,3,1534
2015,10,23,4,1614
2015,10,23,5,1735
2015,10,23,6,1866
2015,10,23,7,1987
2015,10,23,8,1997
2015,10,23,9,1924
2015,10,23,10,1853
2015,10,23,11,1717
2015,10,23,12,1603
2015,10,23,13,1575
2015,10,23,14,1528
2015,10,23,15,1587
2015,10,23,16,1691
2015,10,23,17,1825
2015,10,23,18,1972
2015,10,23,19,2060
2015,10,23,20,2148
2015,10,23,21,2067
2015,10,23,22,1935
2015,10,23,23,1796
2015,10,24,0,1612
2015,10,24,1,1475
2015,10,24,2,1404
2015,10,24,3,1358
2015,10,24,4,1462
2015,10,24,5,1633
2015,10,24,6,1782
2015,10,24,7,1968
2015,10,24,8,2094
2015,10,24,9,2093
2015,10,24,10,2024
2015,10,24,11,1925
2015,10,24,12,1713
2015,10,24,13,1607
2015,10,24,14,1459
2015,10,24,15,1425
2015,10,24,16,1481
2015,10,24,17,1586
2015,10,24,18,1791
2015,10,24,19,1959
2015,10,24,20,2137
2015,10,24,21,2172
2015,10,24,22,2134
2015,10,24,23,1981
2015,10,25,0,1787
2015,10,25,1,1553
2015,10,25,2,1392
2015,10,25,3,1307
2015,10,25,4,1309
2015,10,25,5,1454
2015,10,25,6,1666
2015,10,25,7,1879
2015,10,25,8,2096
2015,10,25,9,2224
2015,10,25,10,2253
2015,10,25,11,2156
2015,10,25,12,1977
2015,10,25,13,1740
2015,10,25,14,1536
2015,10,25,15,1361
2015,10,25,16,1325
2015,10,25,17,1412
2015,10,25,18,1540
2015,10,25,19,1762
2015,10,25,20,1987
2015,10,25,21,2178
2015,10,25,22,2230
2015,10,25,23,2201
2015,10,26,0,2011
2015,10,26,1,1715
2015,10,26,2,1440
2015,10,26,3,1304
2015,10,26,4,1224
2015,10,26,5,1322
2015,10,26,6,1535
2015,10,26,7,1778
2015,10,26,8,2014
2015,10,26,9,2247
2015,10,26,10,2398
2015,10,26,11,2389
2015,10,26,12,2261
2015,10,26,13,2010
2015,10,26,14,1676
2015,10,26,15,1431
2015,10,26,16,1280
2015,10,26,17,1253
2015,10,26,18,1341
2015,10,26,19,1549
2015,10,26,20,1757
2015,10,26,21,2045
2015,10,26,22,2231
2015,10,26,23,2254
2015,10,27,0,2182
2015,10,27,1,1905
2015,10,27,2,1603
2015,10,27,3,1357
2015,10,27,4,1165
2015,10,27,5,1179
2015,10,27,6,1323
2015,10,27,7,1505
2015,10,27,8,1812
2015,10,27,9,2120
2015,10,27,10,2352
2015,10,27,11,2499
2015,10,27,12,2440
2015,10,27,13,2228
2015,10,27,14,1918
2015,10,27,15,1562
2015,10,27,16,1273
2015,10,27,17,1174
2015,10,27,18,1145
2015,10,27,19,1280
2015,10,27,20,1504
2015,10,27,21,1781
2015,10,27,22,1994
2015,10,27,23,2214
2015,10,28,0,2209
2015,10,28,1,2099
2015,10,28,2,1829
2015,10,28,3,1510
2015,10,28,4,1225
2015,10,28,5,1126
2015,10,28,6,1158
2015,10,28,7,1353
2015,10,28,8,1590
2015,10,28,9,1935
2015,10,28,10,2247
2015,10,28,11,2445
2015,10,28,12,2556
2015,10,28,13,2449
2015,10,28,14,2227
2015,10,28,15,1846
2015,10,28,16,1468
2015,10,28,17,1229
2015,10,28,18,1099
2015,10,28,19,1150
2015,10,28,20,1305
2015,10,28,21,1523
2015,10,28,22,1790
2015,10,28,23,2033
2015,10,29,0,2196
2015,10,29,1,2192
2015,10,29,2,2023
2015,10,29,3,1710
2015,10,29,4,1399
2015,10,29,5,1202
2015,10,29,6,1154
2015,10,29,7,1272
2015,10,29,8,1443
2015,10,29,9,1698
2015,10,29,10,2040
2015,10,29,11,2339
2015,10,29,12,2521
2015,10,29,13,2577
2015,10,29,14,2450
2015,10,29,15,2138
2015,10,29,16,1765
2015,10,29,17,1396
2015,10,29,18,1202
2015,10,29,19,1102
2015,10,29,20,1192
2015,10,29,21,1374
2015,10,29,22,1585
2015,10,29,23,1834
2015,10,30,0,2037
2015,10,30,1,2144
2015,10,30,2,2095
2015,10,30,3,1921
2015,10,30,4,1602
2015,10,30,5,1336
2015,10,30,6,1196
2015,10,30,7,1205
2015,10,30,8,1350
2015,10,30,9,1582
2015,10,30,10,1881
2015,10,30,11,2158
2015,10,30,12,2326
2015,10,30,13,2480
2015,10,30,14,2493
2015,10,30,15,2306
2015,10,30,16,1985
2015,10,30,17,1671
2015,10,30,18,1323
2015,10,30,19,1200
2015,10,30,20,1212
2015,10,30,21,1266
2015,10,30,22,1417
2015,10,30,23,1612
2015,10,31,0,1839
2015,10,31,1,2022
2015,10,31,2,2057
2015,10,31,3,2020
2015,10,31,4,1798
2015,10,31,5,1546
2015,10,31,6,1351
2015,10,31,7,1256
2015,10,31,8,1286
2015,10,31,9,1439
2015,10,31,10,1635
2015,10,31,11,1890
2015,10,31,12,2114
2015,10,31,13,2301
2015,10,31,14,2402
2015,10,31,15,2367
2015,10,31,16,2195
2015,10,31,17,1894
2015,10,31,18,1617
2015,10,31,19,1377
2015,10,31,20,1271
2015,10,31,21,1308
2015,10,31,22,1397
2015,10,31,23,1547
2015,11,1,0,1709
2015,11,1,1,1876
2015,11,1,2,1977
2015,11,1,3,2018
2015,11,1,4,1928
2015,11,1,5,1756
2015,11,1,6,1568
2015,11,1,7,1401
2015,11,1,8,1334
2015,11,1,9,1407
2015,11,1,10,1603
2015,11,1,11,1817
2015,11,1,12,1987
2015,11,1,13,2169
2015,11,1,14,2265
2015,11,1,15,2328
2015,11,1,16,2266
2015,11,1,17,2119
2015,11,1,18,1883
2015,11,1,19,1606
2015,11,1,20,1496
2015,11,1,21,1434
2015,11,1,22,1430
2015,11,1,23,1521
2015,11,2,0,1697
2015,11,2,1,1801
2015,11,2,2,1900
2015,11,2,3,1968
2015,11,2,4,1944
2015,11,2,5,1888
2015,11,2,6,1795
2015,11,2,7,1596
2015,11,2,8,1482
2015,11,2,9,1486
2015,11,2,10,1550
2015,11,2,11,1711
2015,11,2,12,1859
2015,11,2,13,2010
2015,11,2,14,2138
2015,11,2,15,2196
2015,11,2,16,2168
2015,11,2,17,2147
2015,11,2,18,2024
2015,11,2,19,1818
2015,11,2,20,1657
2015,11,2,21,1491
2015,11,2,22,1500
2015,11,2,23,1523
2015,11,3,0,1623
2015,11,3,1,1714
2015,11,3,2,1796
2015,11,3,3,1871
2015,11,3,4,1912
2015,11,3,5,1955
2015,11,3,6,1891
2015,11,3,7,1790
2015,11,3,8,1670
2015,11,3,9,1588
2015,11,3,10,1609
2015,11,3,11,1660
2015,11,3,12,1743
2015,11,3,13,1876
2015,11,3,14,1966
2015,11,3,15,2024
2015,11,3,16,2082
2015,11,3,17,2064
2015,11,3,18,2021
2015,11,3,19,1919
2015,11,3,20,1806
2015,11,3,21,1670
2015,11,3,22,1580
2015,11,3,23,1585
2015,11,4,0,1567
2015,11,4,1,1628
2015,11,4,2,1679
2015,11,4,3,1760
2015,11,4,4,1824
2015,11,4,5,1905
2015,11,4,6,1903
2015,11,4,7,1912
2015,11,4,8,1808
2015,11,4,9,1726
2015,11,4,10,1678
2015,11,4,11,1673
2015,11,4,12,1696
2015,11,4,13,1737
2015,11,4,14,1823
2015,11,4,15,1887
2015,11,4,16,1955
2015,11,4,17,2017
2015,11,4,18,2037
2015,11,4,19,1996
2015,11,4,20,1926
2015,11,4,21,1805
2015,11,4,22,1708
2015,11,4,23,1632
2015,11,5,0,1595
2015,11,5,1,1569
2015,11,5,2,1594
2015,11,5,3,1655
2015,11,5,4,1754
2015,11,5,5,1838
2015,11,5,6,1943
2015,11,5,7,1983
2015,11,5,8,1986
2015,11,5,9,1949
2015,11,5,10,1857
2015,11,5,11,1735
2015,11,5,12,1701
2015,11,5,13,1712
2015,11,5,14,1753
2015,11,5,15,1760
2015,11,5,16,1872
2015,11,5,17,1915
2015,11,5,18,1984
2015,11,5,19,2036
2015,11,5,20,1993
2015,11,5,21,1930
2015,11,5,22,1834
2015,11,5,23,1723
2015,11,6,0,1629
2015,11,6,1,1547
2015,11,6,2,1532
2015,11,6,3,1592
2015,11,6,4,1639
2015,11,6,5,1768
2015,11,6,6,1896
2015,11,6,7,1994
2015,11,6,8,2041
2015,11,6,9,2043
2015,11,6,10,1941
2015,11,6,11,1840
2015,11,6,12,1730
2015,11,6,13,1711
2015,11,6,14,1642
2015,11,6,15,1687
2015,11,6,16,1717
2015,11,6,17,1815
2015,11,6,18,1871
2015,11,6,19,1965
2015,11,6,20,2024
2015,11,6,21,2016
2015,11,6,22,1954
2015,11,6,23,1849
2015,11,7,0,1725
2015,11,7,1,1616
2015,11,7,2,1521
2015,11,7,3,1543
2015,11,7,4,1598
2015,11,7,5,1680
2015,11,7,6,1819
2015,11,7,7,2015
2015,11,7,8,2120
2015,11,7,9,2169
2015,11,7,10,2138
2015,11,7,11,2022
2015,11,7,12,1904
2015,11,7,13,1773
2015,11,7,14,1672
2015,11,7,15,1662
2015,11,7,16,1655
2015,11,7,17,1677
2015,11,7,18,1815
2015,11,7,19,1923
2015,11,7,20,2057
2015,11,7,21,2069
2015,11,7,22,2057
2015,11,7,23,1996
2015,11,8,0,1857
2015,11,8,1,1699
2015,11,8,2,1583
2015,11,8,3,1514
2015,11,8,4,1542
2015,11,8,5,1635
2015,11,8,6,1789
2015,11,8,7,1969
2015,11,8,8,2125
2015,11,8,9,2247
2015,11,8,10,2251
2015,11,8,11,2213
2015,11,8,12,2039
2015,11,8,13,1886
2015,11,8,14,1689
2015,11,8,15,1604
2015,11,8,16,1541
2015,11,8,17,1589
2015,11,8,18,1685
2015,11,8,19,1809
2015,11,8,20,1976
2015,11,8,21,2068
2015,11,8,22,2071
2015,11,8,23,2070
2015,11,9,0,1974
2015,11,9,1,1839
2015,11,9,2,1625
2015,11,9,3,1530
2015,11,9,4,1487
2015,11,9,5,1548
2015,11,9,6,1682
2015,11,9,7,1892
2015,11,9,8,2086
2015,11,9,9,2257
2015,11,9,10,2349
2015,11,9,11,2335
2015,11,9,12,2209
2015,11,9,13,2039
2015,11,9,14,1842
2015,11,9,15,1663
2015,11,9,16,1535
2015,11,9,17,1550
2015,11,9,18,1614
2015,11,9,19,1755
2015,11,9,20,1897
2015,11,9,21,2040
2015,11,9,22,2157
2015,11,9,23,2148
2015,11,10,0,2073
2015,11,10,1,1918
2015,11,10,2,1718
2015,11,10,3,1551
2015,11,10,4,1487
2015,11,10,5,1478
2015,11,10,6,1610
2015,11,10,7,1769
2015,11,10,8,2034
2015,11,10,9,2206
2015,11,10,10,2369
2015,11,10,11,2407
2015,11,10,12,2334
2015,11,10,13,2167
2015,11,10,14,1913
2015,11,10,15,1657
2015,11,10,16,1496
2015,11,10,17,1433
2015,11,10,18,1491
2015,11,10,19,1630
2015,11,10,20,1765
2015,11,10,21,1929
2015,11,10,22,2068
2015,11,10,23,2144
2015,11,11,0,2132
2015,11,11,1,1993
2015,11,11,2,1780
2015,11,11,3,1582
2015,11,11,4,1427
2015,11,11,5,1400
2015,11,11,6,1491
2015,11,11,7,1652
2015,11,11,8,1889
2015,11,11,9,2128
2015,11,11,10,2303
2015,11,11,11,2377
2015,11,11,12,2371
2015,11,11,13,2243
2015,11,11,14,2031
2015,11,11,15,1779
2015,11,11,16,1532
2015,11,11,17,1370
2015,11,11,18,1383
2015,11,11,19,1472
2015,11,11,20,1644
2015,11,11,21,1844
2015,11,11,22,2003
2015,11,11,23,2113
2015,11,12,0,2145
2015,11,12,1,2082
2015,11,12,2,1925
2015,11,12,3,1688
2015,11,12,4,1487
2015,11,12,5,1384
2015,11,12,6,1415
2015,11,12,7,1563
2015,11,12,8,1798
2015,11,12,9,2059
2015,11,12,10,2269
2015,11,12,11,2419
2015,11,12,12,2459
2015,11,12,13,2393
2015,11,12,14,2189
2015,11,12,15,1918
2015,11,12,16,1632
2015,11,12,17,1440
2015,11,12,18,1304
2015,11,12,19,1375
2015,11,12,20,1494
2015,11,12,21,1673
2015,11,12,22,1917
2015,11,12,23,2040
2015,11,13,0,2148
2015,11,13,1,2126
2015,11,13,2,1983
2015,11,13,3,1778
2015,11,13,4,1530
2015,11,13,5,1400
2015,11,13,6,1372
2015,11,13,7,1476
2015,11,13,8,1679
2015,11,13,9,1923
2015,11,13,10,2170
2015,11,13,11,2366
2015,11,13,12,2471
2015,11,13,13,2491
2015,11,13,14,2345
2015,11,13,15,2112
2015,11,13,16,1794
2015,11,13,17,1555
2015,11,13,18,1389
2015,11,13,19,1348
2015,11,13,20,1470
2015,11,13,21,1627
2015,11,13,22,1801
2015,11,13,23,1967
2015,11,14,0,2118
2015,11,14,1,2120
2015,11,14,2,2084
2015,11,14,3,1897
2015,11,14,4,1683
2015,11,14,5,1473
2015,11,14,6,1360
2015,11,14,7,1415
2015,11,14,8,1560
2015,11,14,9,1780
2015,11,14,10,2038
2015,11,14,11,2260
2015,11,14,12,2386
2015,11,14,13,2421
2015,11,14,14,2391
2015,11,14,15,2233
2015,11,14,16,1929
2015,11,14,17,1707
2015,11,14,18,1411
2015,11,14,19,1334
2015,11,14,20,1391
2015,11,14,21,1499
2015,11,14,22,1710
2015,11,14,23,1896
2015,11,15,0,2026
2015,11,15,1,2096
2015,11,15,2,2097
2015,11,15,3,1989
2015,11,15,4,1813
2015,11,15,5,1607
2015,11,15,6,1460
2015,11,15,7,1414
2015,11,15,8,1486
2015,11,15,9,1665
2015,11,15,10,1956
2015,11,15,11,2165
2015,11,15,12,2332
2015,11,15,13,2440
2015,11,15,14,2458
2015,11,15,15,2390
2015,11,15,16,2196
2015,11,15,17,1875
2015,11,15,18,1597
2015,11,15,19,1433
2015,11,15,20,1420
2015,11,15,21,1489
2015,11,15,22,1629
2015,11,15,23,1810
2015,11,16,0,1939
2015,11,16,1,2089
2015,11,16,2,2113
2015,11,16,3,2054
2015,11,16,4,1947
2015,11,16,5,1751
2015,11,16,6,1577
2015,11,16,7,1503
2015,11,16,8,1485
2015,11,16,9,1596
2015,11,16,10,1798
2015,11,16,11,1999
2015,11,16,12,2203
2015,11,16,13,2341
2015,11,16,14,2429
2015,11,16,15,2398
2015,11,16,16,2282
2015,11,16,17,2063
2015,11,16,18,1811
2015,11,16,19,1555
2015,11,16,20,1420
2015,11,16,21,1394
2015,11,16,22,1526
2015,11,16,23,1696
2015,11,17,0,1887
2015,11,17,1,2010
2015,11,17,2,2072
2015,11,17,3,2071
2015,11,17,4,1987
2015,11,17,5,1860
2015,11,17,6,1721
2015,11,17,7,1585
2015,11,17,8,1536
2015,11,17,9,1563
2015,11,17,10,1687
2015,11,17,11,1875
2015,11,17,12,2032
2015,11,17,13,2214
2015,11,17,14,2293
2015,11,17,15,2346
2015,11,17,16,2326
2015,11,17,17,2202
2015,11,17,18,1979
2015,11,17,19,1710
2015,11,17,20,1549
2015,11,17,21,1494
2015,11,17,22,1530
2015,11,17,23,1644
2015,11,18,0,1758
2015,11,18,1,1886
2015,11,18,2,1991
2015,11,18,3,2079
2015,11,18,4,2098
2015,11,18,5,2039
2015,11,18,6,1908
2015,11,18,7,1767
2015,11,18,8,1676
2015,11,18,9,1624
2015,11,18,10,1669
2015,11,18,11,1770
2015,11,18,12,1935
2015,11,18,13,2060
2015,11,18,14,2211
2015,11,18,15,2264
2015,11,18,16,2333
2015,11,18,17,2246
2015,11,18,18,2151
2015,11,18,19,1930
2015,11,18,20,1720
2015,11,18,21,1556
2015,11,18,22,1536
2015,11,18,23,1594
2015,11,19,0,1698
2015,11,19,1,1824
2015,11,19,2,1884
2015,11,19,3,1984
2015,11,19,4,2065
2015,11,19,5,2099
2015,11,19,6,2080
2015,11,19,7,1992
2015,11,19,8,1841
2015,11,19,9,1730
2015,11,19,10,1690
2015,11,19,11,1737
2015,11,19,12,1842
2015,11,19,13,1925
2015,11,19,14,2093
2015,11,19,15,2182
2015,11,19,16,2282
2015,11,19,17,2312
2015,11,19,18,2294
2015,11,19,19,2141
2015,11,19,20,1943
2015,11,19,21,1809
2015,11,19,22,1653
2015,11,19,23,1630
2015,11,20,0,1693
2015,11,20,1,1719
2015,11,20,2,1822
2015,11,20,3,1875
2015,11,20,4,1979
2015,11,20,5,2108
2015,11,20,6,2213
2015,11,20,7,2130
2015,11,20,8,2053
2015,11,20,9,1907
2015,11,20,10,1795
2015,11,20,11,1767
2015,11,20,12,1793
2015,11,20,13,1863
2015,11,20,14,1913
2015,11,20,15,2010
2015,11,20,16,2094
2015,11,20,17,2197
2015,11,20,18,2284
2015,11,20,19,2282
2015,11,20,20,2138
2015,11,20,21,1981
2015,11,20,22,1846
2015,11,20,23,1716
2015,11,21,0,1666
2015,11,21,1,1683
2015,11,21,2,1714
2015,11,21,3,1784
2015,11,21,4,1886
2015,11,21,5,2051
2015,11,21,6,2230
2015,11,21,7,2288
2015,11,21,8,2291
2015,11,21,9,2209
2015,11,21,10,2029
2015,11,21,11,1920
2015,11,21,12,1780
2015,11,21,13,1785
2015,11,21,14,1769
2015,11,21,15,1828
2015,11,21,16,1877
2015,11,21,17,2051
2015,11,21,18,2176
2015,11,21,19,2204
2015,11,21,20,2218
2015,11,21,21,2148
2015,11,21,22,1980
2015,11,21,23,1824
2015,11,22,0,1699
2015,11,22,1,1618
2015,11,22,2,1560
2015,11,22,3,1631
2015,11,22,4,1738
2015,11,22,5,1940
2015,11,22,6,2108
2015,11,22,7,2295
2015,11,22,8,2394
2015,11,22,9,2332
2015,11,22,10,2225
2015,11,22,11,2054
2015,11,22,12,1880
2015,11,22,13,1754
2015,11,22,14,1674
2015,11,22,15,1640
2015,11,22,16,1731
2015,11,22,17,1823
2015,11,22,18,1962
2015,11,22,19,2111
2015,11,22,20,2226
2015,11,22,21,2234
2015,11,22,22,2132
2015,11,22,23,1973
2015,11,23,0,1778
2015,11,23,1,1640
2015,11,23,2,1519
2015,11,23,3,1510
2015,11,23,4,1611
2015,11,23,5,1760
2015,11,23,6,1966
2015,11,23,7,2195
2015,11,23,8,2384
2015,11,23,9,2464
2015,11,23,10,2471
2015,11,23,11,2336
2015,11,23,12,2097
2015,11,23,13,1894
2015,11,23,14,1690
2015,11,23,15,1569
2015,11,23,16,1528
2015,11,23,17,1614
2015,11,23,18,1746
2015,11,23,19,1915
2015,11,23,20,2091
2015,11,23,21,2204
2015,11,23,22,2247
2015,11,23,23,2142
2015,11,24,0,1945
2015,11,24,1,1725
2015,11,24,2,1532
2015,11,24,3,1430
2015,11,24,4,1439
2015,11,24,5,1561
2015,11,24,6,1756
2015,11,24,7,2053
2015,11,24,8,2316
2015,11,24,9,2513
2015,11,24,10,2599
2015,11,24,11,2550
2015,11,24,12,2381
2015,11,24,13,2076
2015,11,24,14,1839
2015,11,24,15,1602
2015,11,24,16,1497
2015,11,24,17,1458
2015,11,24,18,1521
2015,11,24,19,1678
2015,11,24,20,1933
2015,11,24,21,2109
2015,11,24,22,2246
2015,11,24,23,2297
2015,11,25,0,2167
2015,11,25,1,1942
2015,11,25,2,1669
2015,11,25,3,1447
2015,11,25,4,1375
2015,11,25,5,1400
2015,11,25,6,1596
2015,11,25,7,1849
2015,11,25,8,2132
2015,11,25,9,2403
2015,11,25,10,2600
2015,11,25,11,2678
2015,11,25,12,2620
2015,11,25,13,2378
2015,11,25,14,2092
2015,11,25,15,1761
2015,11,25,16,1508
2015,11,25,17,1406
2015,11,25,18,1397
2015,11,25,19,1494
2015,11,25,20,1682
2015,11,25,21,1928
2015,11,25,22,2151
2015,11,25,23,2292
2015,11,26,0,2300
2015,11,26,1,2148
2015,11,26,2,1857
2015,11,26,3,1568
2015,11,26,4,1374
2015,11,26,5,1349
2015,11,26,6,1441
2015,11,26,7,1625
2015,11,26,8,1900
2015,11,26,9,2214
2015,11,26,10,2452
2015,11,26,11,2671
2015,11,26,12,2685
2015,11,26,13,2581
2015,11,26,14,2302
2015,11,26,15,1967
2015,11,26,16,1636
2015,11,26,17,1414
2015,11,26,18,1343
2015,11,26,19,1366
2015,11,26,20,1526
2015,11,26,21,1727
2015,11,26,22,1968
2015,11,26,23,2127
2015,11,27,0,2256
2015,11,27,1,2197
2015,11,27,2,2017
2015,11,27,3,1752
2015,11,27,4,1485
2015,11,27,5,1349
2015,11,27,6,1348
2015,11,27,7,1495
2015,11,27,8,1695
2015,11,27,9,2020
2015,11,27,10,2244
2015,11,27,11,2516
2015,11,27,12,2666
2015,11,27,13,2664
2015,11,27,14,2481
2015,11,27,15,2198
2015,11,27,16,1858
2015,11,27,17,1539
2015,11,27,18,1358
2015,11,27,19,1317
2015,11,27,20,1409
2015,11,27,21,1568
2015,11,27,22,1781
2015,11,27,23,2000
2015,11,28,0,2172
2015,11,28,1,2249
2015,11,28,2,2170
2015,11,28,3,1924
2015,11,28,4,1678
2015,11,28,5,1452
2015,11,28,6,1340
2015,11,28,7,1388
2015,11,28,8,1517
2015,11,28,9,1772
2015,11,28,10,2020
2015,11,28,11,2294
2015,11,28,12,2479
2015,11,28,13,2557
2015,11,28,14,2549
2015,11,28,15,2334
2015,11,28,16,2017
2015,11,28,17,1696
2015,11,28,18,1453
2015,11,28,19,1344
2015,11,28,20,1346
2015,11,28,21,1472
2015,11,28,22,1620
2015,11,28,23,1767
2015,11,29,0,1989
2015,11,29,1,2135
2015,11,29,2,2187
2015,11,29,3,2078
2015,11,29,4,1839
2015,11,29,5,1567
2015,11,29,6,1415
2015,11,29,7,1409
2015,11,29,8,1483
2015,11,29,9,1627
2015,11,29,10,1834
2015,11,29,11,2039
2015,11,29,12,2288
2015,11,29,13,2438
2015,11,29,14,2519
2015,11,29,15,2405
2015,11,29,16,2159
2015,11,29,17,1876
2015,11,29,18,1610
2015,11,29,19,1440
2015,11,29,20,1378
2015,11,29,21,1384
2015,11,29,22,1534
2015,11,29,23,1702
2015,11,30,0,1865
2015,11,30,1,2021
2015,11,30,2,2140
2015,11,30,3,2124
2015,11,30,4,1999
2015,11,30,5,1804
2015,11,30,6,1611
2015,11,30,7,1474
2015,11,30,8,1468
2015,11,30,9,1548
2015,11,30,10,1695
2015,11,30,11,1888
2015,11,30,12,2033
2015,11,30,13,2262
2015,11,30,14,2330
2015,11,30,15,2371
2015,11,30,16,2272
2015,11,30,17,2012
2015,11,30,18,1785
2015,11,30,19,1586
2015,11,30,20,1452
2015,11,30,21,1411
2015,11,30,22,1472
2015,11,30,23,1578
2015,12,1,0,1721
2015,12,1,1,1888
2015,12,1,2,2001
2015,12,1,3,2073
2015,12,1,4,2076
2015,12,1,5,1960
2015,12,1,6,1800
2015,12,1,7,1644
2015,12,1,8,1583
2015,12,1,9,1587
2015,12,1,10,1667
2015,12,1,11,1811
2015,12,1,12,1960
2015,12,1,13,2111
2015,12,1,14,2228
2015,12,1,15,2291
2015,12,1,16,2301
2015,12,1,17,2169
2015,12,1,18,1966
2015,12,1,19,1756
2015,12,1,20,1614
2015,12,1,21,1502
2015,12,1,22,1528
2015,12,1,23,1575
2015,12,2,0,1705
2015,12,2,1,1844
2015,12,2,2,1967
2015,12,2,3,2050
2015,12,2,4,2089
2015,12,2,5,2072
2015,12,2,6,1970
2015,12,2,7,1845
2015,12,2,8,1735
2015,12,2,9,1692
2015,12,2,10,1701
2015,12,2,11,1756
2015,12,2,12,1878
2015,12,2,13,1995
2015,12,2,14,2133
2015,12,2,15,2209
2015,12,2,16,2241
2015,12,2,17,2213
2015,12,2,18,2067
2015,12,2,19,1929
2015,12,2,20,1770
2015,12,2,21,1617
2015,12,2,22,1593
2015,12,2,23,1601
2015,12,3,0,1655
2015,12,3,1,1736
2015,12,3,2,1850
2015,12,3,3,1922
2015,12,3,4,2010
2015,12,3,5,2080
2015,12,3,6,2078
2015,12,3,7,1978
2015,12,3,8,1878
2015,12,3,9,1809
2015,12,3,10,1755
2015,12,3,11,1749
2015,12,3,12,1806
2015,12,3,13,1858
2015,12,3,14,1980
2015,12,3,15,2036
2015,12,3,16,2100
2015,12,3,17,2114
2015,12,3,18,2078
2015,12,3,19,1982
2015,12,3,20,1843
2015,12,3,21,1735
2015,12,3,22,1647
2015,12,3,23,1598
2015,12,4,0,1638
2015,12,4,1,1686
2015,12,4,2,1767
2015,12,4,3,1862
2015,12,4,4,1948
2015,12,4,5,2013
2015,12,4,6,2117
2015,12,4,7,2133
2015,12,4,8,2041
2015,12,4,9,1967
2015,12,4,10,1886
2015,12,4,11,1840
2015,12,4,12,1831
2015,12,4,13,1860
2015,12,4,14,1903
2015,12,4,15,1973
2015,12,4,16,2034
2015,12,4,17,2081
2015,12,4,18,2090
2015,12,4,19,2098
2015,12,4,20,2025
2015,12,4,21,1945
2015,12,4,22,1821
2015,12,4,23,1740
2015,12,5,0,1655
2015,12,5,1,1667
2015,12,5,2,1712
2015,12,5,3,1794
2015,12,5,4,1876
2015,12,5,5,1995
2015,12,5,6,2089
2015,12,5,7,2161
2015,12,5,8,2182
2015,12,5,9,2146
2015,12,5,10,2050
2015,12,5,11,1957
2015,12,5,12,1844
2015,12,5,13,1805
2015,12,5,14,1822
2015,12,5,15,1899
2015,12,5,16,1939
2015,12,5,17,2018
2015,12,5,18,2024
2015,12,5,19,2031
2015,12,5,20,2069
2015,12,5,21,2027
2015,12,5,22,1944
2015,12,5,23,1829
2015,12,6,0,1754
2015,12,6,1,1709
2015,12,6,2,1693
2015,12,6,3,1737
2015,12,6,4,1846
2015,12,6,5,1953
2015,12,6,6,2100
2015,12,6,7,2210
2015,12,6,8,2274
2015,12,6,9,2294
2015,12,6,10,2209
2015,12,6,11,2083
2015,12,6,12,1942
2015,12,6,13,1839
2015,12,6,14,1770
2015,12,6,15,1803
2015,12,6,16,1830
2015,12,6,17,1890
2015,12,6,18,1977
2015,12,6,19,2041
2015,12,6,20,2085
2015,12,6,21,2109
2015,12,6,22,2083
2015,12,6,23,2013
2015,12,7,0,1836
2015,12,7,1,1748
2015,12,7,2,1653
2015,12,7,3,1657
2015,12,7,4,1757
2015,12,7,5,1885
2015,12,7,6,2075
2015,12,7,7,2247
2015,12,7,8,2327
2015,12,7,9,2389
2015,12,7,10,2357
2015,12,7,11,2248
2015,12,7,12,2094
2015,12,7,13,1990
2015,12,7,14,1789
2015,12,7,15,1754
2015,12,7,16,1733
2015,12,7,17,1810
2015,12,7,18,1872
2015,12,7,19,1960
2015,12,7,20,2075
2015,12,7,21,2107
2015,12,7,22,2150
2015,12,7,23,2052
2015,12,8,0,1920
2015,12,8,1,1802
2015,12,8,2,1672
2015,12,8,3,1618
2015,12,8,4,1613
2015,12,8,5,1773
2015,12,8,6,1937
2015,12,8,7,2097
2015,12,8,8,2329
2015,12,8,9,2470
2015,12,8,10,2432
2015,12,8,11,2429
2015,12,8,12,2246
2015,12,8,13,2086
2015,12,8,14,1897
2015,12,8,15,1729
2015,12,8,16,1677
2015,12,8,17,1685
2015,12,8,18,1740
2015,12,8,19,1873
2015,12,8,20,1988
2015,12,8,21,2078
2015,12,8,22,2138
2015,12,8,23,2122
2015,12,9,0,2018
2015,12,9,1,1887
2015,12,9,2,1734
2015,12,9,3,1593
2015,12,9,4,1557
2015,12,9,5,1629
2015,12,9,6,1799
2015,12,9,7,1993
2015,12,9,8,2238
2015,12,9,9,2414
2015,12,9,10,2527
2015,12,9,11,2498
2015,12,9,12,2379
2015,12,9,13,2192
2015,12,9,14,1963
2015,12,9,15,1774
2015,12,9,16,1637
2015,12,9,17,1610
2015,12,9,18,1612
2015,12,9,19,1757
2015,12,9,20,1877
2015,12,9,21,2051
2015,12,9,22,2137
2015,12,9,23,2163
2015,12,10,0,2110
2015,12,10,1,1997
2015,12,10,2,1807
2015,12,10,3,1618
2015,12,10,4,1543
2015,12,10,5,1564
2015,12,10,6,1685
2015,12,10,7,1854
2015,12,10,8,2116
2015,12,10,9,2343
2015,12,10,10,2514
2015,12,10,11,2549
2015,12,10,12,2504
2015,12,10,13,2339
2015,12,10,14,2113
2015,12,10,15,1854
2015,12,10,16,1646
2015,12,10,17,1520
2015,12,10,18,1516
2015,12,10,19,1634
2015,12,10,20,1783
2015,12,10,21,1929
2015,12,10,22,2059
2015,12,10,23,2154
2015,12,11,0,2202
2015,12,11,1,2078
2015,12,11,2,1929
2015,12,11,3,1717
2015,12,11,4,1541
2015,12,11,5,1481
2015,12,11,6,1577
2015,12,11,7,1764
2015,12,11,8,1988
2015,12,11,9,2258
2015,12,11,10,2447
2015,12,11,11,2583
2015,12,11,12,2601
2015,12,11,13,2490
2015,12,11,14,2297
2015,12,11,15,2023
2015,12,11,16,1751
2015,12,11,17,1582
2015,12,11,18,1504
2015,12,11,19,1565
2015,12,11,20,1672
2015,12,11,21,1844
2015,12,11,22,2026
2015,12,11,23,2175
2015,12,12,0,2213
2015,12,12,1,2151
2015,12,12,2,2043
2015,12,12,3,1786
2015,12,12,4,1575
2015,12,12,5,1429
2015,12,12,6,1484
2015,12,12,7,1652
2015,12,12,8,1880
2015,12,12,9,2142
2015,12,12,10,2379
2015,12,12,11,2564
2015,12,12,12,2635
2015,12,12,13,2599
2015,12,12,14,2484
2015,12,12,15,2227
2015,12,12,16,1889
2015,12,12,17,1659
2015,12,12,18,1511
2015,12,12,19,1514
2015,12,12,20,1573
2015,12,12,21,1721
2015,12,12,22,1925
2015,12,12,23,2091
2015,12,13,0,2231
2015,12,13,1,2267
2015,12,13,2,2143
2015,12,13,3,1937
2015,12,13,4,1675
2015,12,13,5,1494
2015,12,13,6,1441
2015,12,13,7,1513
2015,12,13,8,1698
2015,12,13,9,1942
2015,12,13,10,2261
2015,12,13,11,2510
2015,12,13,12,2665
2015,12,13,13,2695
2015,12,13,14,2624
2015,12,13,15,2406
2015,12,13,16,2103
2015,12,13,17,1803
2015,12,13,18,1585
2015,12,13,19,1492
2015,12,13,20,1521
2015,12,13,21,1655
2015,12,13,22,1846
2015,12,13,23,2041
2015,12,14,0,2197
2015,12,14,1,2286
2015,12,14,2,2243
2015,12,14,3,2109
2015,12,14,4,1879
2015,12,14,5,1668
2015,12,14,6,1534
2015,12,14,7,1529
2015,12,14,8,1655
2015,12,14,9,1836
2015,12,14,10,2090
2015,12,14,11,2346
2015,12,14,12,2561
2015,12,14,13,2714
2015,12,14,14,2706
2015,12,14,15,2575
2015,12,14,16,2341
2015,12,14,17,2019
2015,12,14,18,1726
2015,12,14,19,1560
2015,12,14,20,1505
2015,12,14,21,1603
2015,12,14,22,1734
2015,12,14,23,1911
2015,12,15,0,2103
2015,12,15,1,2237
2015,12,15,2,2293
2015,12,15,3,2249
2015,12,15,4,2087
2015,12,15,5,1876
2015,12,15,6,1693
2015,12,15,7,1578
2015,12,15,8,1615
2015,12,15,9,1767
2015,12,15,10,1974
2015,12,15,11,2212
2015,12,15,12,2449
2015,12,15,13,2615
2015,12,15,14,2702
2015,12,15,15,2693
2015,12,15,16,2519
2015,12,15,17,2216
2015,12,15,18,1919
2015,12,15,19,1664
2015,12,15,20,1526
2015,12,15,21,1537
2015,12,15,22,1646
2015,12,15,23,1835
2015,12,16,0,2023
2015,12,16,1,2188
2015,12,16,2,2274
2015,12,16,3,2327
2015,12,16,4,2235
2015,12,16,5,2042
2015,12,16,6,1842
2015,12,16,7,1694
2015,12,16,8,1630
2015,12,16,9,1734
2015,12,16,10,1882
2015,12,16,11,2063
2015,12,16,12,2288
2015,12,16,13,2469
2015,12,16,14,2623
2015,12,16,15,2690
2015,12,16,16,2604
2015,12,16,17,2389
2015,12,16,18,2095
2015,12,16,19,1828
2015,12,16,20,1632
2015,12,16,21,1559
2015,12,16,22,1606
2015,12,16,23,1697
2015,12,17,0,1888
2015,12,17,1,2074
2015,12,17,2,2216
2015,12,17,3,2319
2015,12,17,4,2335
2015,12,17,5,2268
2015,12,17,6,2103
2015,12,17,7,1929
2015,12,17,8,1777
2015,12,17,9,1726
2015,12,17,10,1766
2015,12,17,11,1899
2015,12,17,12,2115
2015,12,17,13,2290
2015,12,17,14,2481
2015,12,17,15,2572
2015,12,17,16,2585
2015,12,17,17,2491
2015,12,17,18,2280
2015,12,17,19,1985
2015,12,17,20,1729
2015,12,17,21,1599
2015,12,17,22,1546
2015,12,17,23,1609
2015,12,18,0,1732
2015,12,18,1,1919
2015,12,18,2,2082
2015,12,18,3,2215
2015,12,18,4,2311
2015,12,18,5,2342
2015,12,18,6,2279
2015,12,18,7,2117
2015,12,18,8,1954
2015,12,18,9,1838
2015,12,18,10,1798
2015,12,18,11,1843
2015,12,18,12,1967
2015,12,18,13,2117
2015,12,18,14,2244
2015,12,18,15,2348
2015,12,18,16,2442
2015,12,18,17,2467
2015,12,18,18,2356
2015,12,18,19,2122
2015,12,18,20,1879
2015,12,18,21,1701
2015,12,18,22,1606
2015,12,18,23,1585
2015,12,19,0,1640
2015,12,19,1,1775
2015,12,19,2,1923
2015,12,19,3,2094
2015,12,19,4,2205
2015,12,19,5,2303
2015,12,19,6,2344
2015,12,19,7,2262
2015,12,19,8,2150
2015,12,19,9,2000
2015,12,19,10,1870
2015,12,19,11,1839
2015,12,19,12,1844
2015,12,19,13,1900
2015,12,19,14,2031
2015,12,19,15,2136
2015,12,19,16,2232
2015,12,19,17,2312
2015,12,19,18,2296
2015,12,19,19,2216
2015,12,19,20,2054
2015,12,19,21,1847
2015,12,19,22,1672
2015,12,19,23,1564
2015,12,20,0,1547
2015,12,20,1,1587
2015,12,20,2,1708
2015,12,20,3,1878
2015,12,20,4,2045
2015,12,20,5,2211
2015,12,20,6,2332
2015,12,20,7,2352
2015,12,20,8,2319
2015,12,20,9,2196
2015,12,20,10,2028
2015,12,20,11,1886
2015,12,20,12,1795
2015,12,20,13,1779
2015,12,20,14,1822
2015,12,20,15,1890
2015,12,20,16,1996
2015,12,20,17,2089
2015,12,20,18,2185
2015,12,20,19,2186
2015,12,20,20,2130
2015,12,20,21,1986
2015,12,20,22,1840
2015,12,20,23,1658
2015,12,21,0,1565
2015,12,21,1,1555
2015,12,21,2,1601
2015,12,21,3,1695
2015,12,21,4,1864
2015,12,21,5,2069
2015,12,21,6,2264
2015,12,21,7,2394
2015,12,21,8,2444
2015,12,21,9,2391
2015,12,21,10,2270
2015,12,21,11,2090
2015,12,21,12,1917
2015,12,21,13,1810
2015,12,21,14,1751
2015,12,21,15,1740
2015,12,21,16,1795
2015,12,21,17,1887
2015,12,21,18,2000
2015,12,21,19,2093
2015,12,21,20,2186
2015,12,21,21,2119
2015,12,21,22,2013
2015,12,21,23,1839
2015,12,22,0,1674
2015,12,22,1,1560
2015,12,22,2,1522
2015,12,22,3,1569
2015,12,22,4,1695
2015,12,22,5,1894
2015,12,22,6,2111
2015,12,22,7,2370
2015,12,22,8,2506
2015,12,22,9,2588
2015,12,22,10,2525
2015,12,22,11,2351
2015,12,22,12,2155
2015,12,22,13,1934
2015,12,22,14,1767
2015,12,22,15,1644
2015,12,22,16,1630
2015,12,22,17,1695
2015,12,22,18,1817
2015,12,22,19,1960
2015,12,22,20,2067
2015,12,22,21,2154
2015,12,22,22,2116
2015,12,22,23,2027
2015,12,23,0,1851
2015,12,23,1,1648
2015,12,23,2,1494
2015,12,23,3,1457
2015,12,23,4,1483
2015,12,23,5,1696
2015,12,23,6,1899
2015,12,23,7,2146
2015,12,23,8,2395
2015,12,23,9,2548
2015,12,23,10,2598
2015,12,23,11,2539
2015,12,23,12,2379
2015,12,23,13,2131
2015,12,23,14,1868
2015,12,23,15,1665
2015,12,23,16,1532
2015,12,23,17,1509
2015,12,23,18,1570
2015,12,23,19,1728
2015,12,23,20,1912
2015,12,23,21,2032
2015,12,23,22,2125
2015,12,23,23,2120
2015,12,24,0,2012
2015,12,24,1,1803
2015,12,24,2,1586
2015,12,24,3,1419
2015,12,24,4,1364
2015,12,24,5,1467
2015,12,24,6,1654
2015,12,24,7,1900
2015,12,24,8,2161
2015,12,24,9,2406
2015,12,24,10,2586
2015,12,24,11,2626
2015,12,24,12,2560
2015,12,24,13,2354
2015,12,24,14,2036
2015,12,24,15,1743
2015,12,24,16,1529
2015,12,24,17,1413
2015,12,24,18,1440
2015,12,24,19,1546
2015,12,24,20,1690
2015,12,24,21,1895
2015,12,24,22,2082
2015,12,24,23,2169
2015,12,25,0,2148
2015,12,25,1,1989
2015,12,25,2,1771
2015,12,25,3,1519
2015,12,25,4,1371
2015,12,25,5,1351
2015,12,25,6,1477
2015,12,25,7,1693
2015,12,25,8,1950
2015,12,25,9,2230
2015,12,25,10,2444
2015,12,25,11,2601
2015,12,25,12,2616
2015,12,25,13,2527
2015,12,25,14,2282
2015,12,25,15,2002
2015,12,25,16,1670
2015,12,25,17,1513
2015,12,25,18,1382
2015,12,25,19,1397
2015,12,25,20,1522
2015,12,25,21,1712
2015,12,25,22,1917
2015,12,25,23,2101
2015,12,26,0,2166
2015,12,26,1,2120
2015,12,26,2,1928
2015,12,26,3,1695
2015,12,26,4,1441
2015,12,26,5,1315
2015,12,26,6,1377
2015,12,26,7,1536
2015,12,26,8,1718
2015,12,26,9,1989
2015,12,26,10,2240
2015,12,26,11,2429
2015,12,26,12,2552
2015,12,26,13,2544
2015,12,26,14,2418
2015,12,26,15,2137
2015,12,26,16,1860
2015,12,26,17,1540
2015,12,26,18,1396
2015,12,26,19,1322
2015,12,26,20,1403
2015,12,26,21,1568
2015,12,26,22,1738
2015,12,26,23,1981
2015,12,27,0,2128
2015,12,27,1,2195
2015,12,27,2,2083
2015,12,27,3,1869
2015,12,27,4,1594
2015,12,27,5,1416
2015,12,27,6,1324
2015,12,27,7,1398
2015,12,27,8,1566
2015,12,27,9,1763
2015,12,27,10,2033
2015,12,27,11,2289
2015,12,27,12,2467
2015,12,27,13,2489
2015,12,27,14,2473
2015,12,27,15,2274
2015,12,27,16,1997
2015,12,27,17,1717
2015,12,27,18,1513
2015,12,27,19,1380
2015,12,27,20,1395
2015,12,27,21,1477
2015,12,27,22,1667
2015,12,27,23,1857
2015,12,28,0,2056
2015,12,28,1,2155
2015,12,28,2,2155
2015,12,28,3,2019
2015,12,28,4,1789
2015,12,28,5,1580
2015,12,28,6,1448
2015,12,28,7,1402
2015,12,28,8,1496
2015,12,28,9,1690
2015,12,28,10,1905
2015,12,28,11,2114
2015,12,28,12,2284
2015,12,28,13,2413
2015,12,28,14,2433
2015,12,28,15,2320
2015,12,28,16,2123
2015,12,28,17,1841
2015,12,28,18,1588
2015,12,28,19,1427
2015,12,28,20,1392
2015,12,28,21,1446
2015,12,28,22,1554
2015,12,28,23,1782
2015,12,29,0,1943
2015,12,29,1,2110
2015,12,29,2,2181
2015,12,29,3,2122
2015,12,29,4,1966
2015,12,29,5,1726
2015,12,29,6,1560
2015,12,29,7,1459
2015,12,29,8,1421
2015,12,29,9,1535
2015,12,29,10,1750
2015,12,29,11,1966
2015,12,29,12,2162
2015,12,29,13,2325
2015,12,29,14,2371
2015,12,29,15,2343
2015,12,29,16,2193
2015,12,29,17,2010
2015,12,29,18,1685
2015,12,29,19,1539
2015,12,29,20,1444
2015,12,29,21,1439
2015,12,29,22,1532
2015,12,29,23,1670
2015,12,30,0,1864
2015,12,30,1,2012
2015,12,30,2,2137
2015,12,30,3,2147
2015,12,30,4,2040
2015,12,30,5,1938
2015,12,30,6,1736
2015,12,30,7,1573
2015,12,30,8,1498
2015,12,30,9,1544
2015,12,30,10,1644
2015,12,30,11,1857
2015,12,30,12,2033
2015,12,30,13,2187
2015,12,30,14,2262
2015,12,30,15,2260
2015,12,30,16,2211
2015,12,30,17,2067
2015,12,30,18,1865
2015,12,30,19,1635
2015,12,30,20,1481
2015,12,30,21,1444
2015,12,30,22,1499
2015,12,30,23,1624
2015,12,31,0,1803
2015,12,31,1,1941
2015,12,31,2,2067
2015,12,31,3,2137
2015,12,31,4,2123
2015,12,31,5,2006
2015,12,31,6,1875
2015,12,31,7,1707
2015,12,31,8,1600
2015,12,31,9,1552
2015,12,31,10,1591
2015,12,31,11,1728
2015,12,31,12,1879
2015,12,31,13,2058
2015,12,31,14,2153
2015,12,31,15,2193
2015,12,31,16,2155
2015,12,31,17,2064
2015,12,31,18,1889
2015,12,31,19,1722
2015,12,31,20,1552
2015,12,31,21,1492
2015,12,31,22,1485
2015,12,31,23,1587
2016,1,1,0,1717
2016,1,1,1,1848
2016,1,1,2,1934
2016,1,1,3,2052
2016,1,1,4,2082
2016,1,1,5,2060
2016,1,1,6,2014
2016,1,1,7,1834
2016,1,1,8,1732
2016,1,1,9,1642
2016,1,1,10,1625
2016,1,1,11,1660
2016,1,1,12,1777
2016,1,1,13,1929
2016,1,1,14,2058
2016,1,1,15,2088
2016,1,1,16,2115
2016,1,1,17,2097
2016,1,1,18,1988
2016,1,1,19,1821
2016,1,1,20,1659
2016,1,1,21,1537
2016,1,1,22,1509
2016,1,1,23,1551
2016,1,2,0,1635
2016,1,2,1,1750
2016,1,2,2,1867
2016,1,2,3,1975
2016,1,2,4,2052
2016,1,2,5,2084
2016,1,2,6,2039
2016,1,2,7,2002
2016,1,2,8,1836
2016,1,2,9,1702
2016,1,2,10,1654
2016,1,2,11,1648
2016,1,2,12,1687
2016,1,2,13,1790
2016,1,2,14,1898
2016,1,2,15,2007
2016,1,2,16,1974
2016,1,2,17,1974
2016,1,2,18,1933
2016,1,2,19,1884
2016,1,2,20,1753
2016,1,2,21,1655
2016,1,2,22,1559
2016,1,2,23,1510
2016,1,3,0,1563
2016,1,3,1,1641
2016,1,3,2,1756
2016,1,3,3,1873
2016,1,3,4,1974
2016,1,3,5,2049
2016,1,3,6,2098
2016,1,3,7,2051
2016,1,3,8,1971
2016,1,3,9,1878
2016,1,3,10,1755
2016,1,3,11,1695
2016,1,3,12,1663
2016,1,3,13,1712
2016,1,3,14,1779
2016,1,3,15,1887
2016,1,3,16,1888
2016,1,3,17,1911
2016,1,3,18,1892
2016,1,3,19,1845
2016,1,3,20,1811
2016,1,3,21,1717
2016,1,3,22,1636
2016,1,3,23,1600
2016,1,4,0,1575
2016,1,4,1,1613
2016,1,4,2,1685
2016,1,4,3,1767
2016,1,4,4,1889
2016,1,4,5,1986
2016,1,4,6,2115
2016,1,4,7,2155
2016,1,4,8,2125
2016,1,4,9,2042
2016,1,4,10,1901
2016,1,4,11,1819
2016,1,4,12,1758
2016,1,4,13,1707
2016,1,4,14,1721
2016,1,4,15,1755
2016,1,4,16,1783
2016,1,4,17,1773
2016,1,4,18,1874
2016,1,4,19,1835
2016,1,4,20,1846
2016,1,4,21,1769
2016,1,4,22,1714
2016,1,4,23,1628
2016,1,5,0,1558
2016,1,5,1,1544
2016,1,5,2,1578
2016,1,5,3,1663
2016,1,5,4,1749
2016,1,5,5,1916
2016,1,5,6,2049
2016,1,5,7,2180
2016,1,5,8,2184
2016,1,5,9,2160
2016,1,5,10,2032
2016,1,5,11,1904
2016,1,5,12,1812
2016,1,5,13,1702
2016,1,5,14,1612
2016,1,5,15,1653
2016,1,5,16,1649
2016,1,5,17,1686
2016,1,5,18,1787
2016,1,5,19,1815
2016,1,5,20,1891
2016,1,5,21,1870
2016,1,5,22,1796
2016,1,5,23,1714
2016,1,6,0,1602
2016,1,6,1,1525
2016,1,6,2,1507
2016,1,6,3,1538
2016,1,6,4,1629
2016,1,6,5,1761
2016,1,6,6,1951
2016,1,6,7,2107
2016,1,6,8,2220
2016,1,6,9,2271
2016,1,6,10,2183
2016,1,6,11,2084
2016,1,6,12,1914
2016,1,6,13,1785
2016,1,6,14,1680
2016,1,6,15,1581
2016,1,6,16,1529
2016,1,6,17,1573
2016,1,6,18,1669
2016,1,6,19,1733
2016,1,6,20,1861
2016,1,6,21,1914
2016,1,6,22,1885
2016,1,6,23,1844
2016,1,7,0,1660
2016,1,7,1,1532
2016,1,7,2,1434
2016,1,7,3,1470
2016,1,7,4,1457
2016,1,7,5,1622
2016,1,7,6,1813
2016,1,7,7,2002
2016,1,7,8,2174
2016,1,7,9,2293
2016,1,7,10,2305
2016,1,7,11,2225
2016,1,7,12,2118
2016,1,7,13,1911
2016,1,7,14,1700
2016,1,7,15,1561
2016,1,7,16,1448
2016,1,7,17,1490
2016,1,7,18,1544
2016,1,7,19,1637
2016,1,7,20,1762
2016,1,7,21,1838
2016,1,7,22,1916
2016,1,7,23,1915
2016,1,8,0,1815
2016,1,8,1,1654
2016,1,8,2,1518
2016,1,8,3,1403
2016,1,8,4,1396
2016,1,8,5,1496
2016,1,8,6,1641
2016,1,8,7,1842
2016,1,8,8,2057
2016,1,8,9,2249
2016,1,8,10,2360
2016,1,8,11,2353
2016,1,8,12,2262
2016,1,8,13,2045
2016,1,8,14,1811
2016,1,8,15,1601
2016,1,8,16,1449
2016,1,8,17,1362
2016,1,8,18,1445
2016,1,8,19,1523
2016,1,8,20,1634
2016,1,8,21,1752
2016,1,8,22,1898
2016,1,8,23,2006
2016,1,9,0,1935
2016,1,9,1,1832
2016,1,9,2,1614
2016,1,9,3,1402
2016,1,9,4,1329
2016,1,9,5,1351
2016,1,9,6,1477
2016,1,9,7,1651
2016,1,9,8,1875
2016,1,9,9,2138
2016,1,9,10,2325
2016,1,9,11,2444
2016,1,9,12,2413
2016,1,9,13,2211
2016,1,9,14,1960
2016,1,11,13,2514
2016,1,11,14,2362
2016,1,11,15,2108
2016,1,11,16,1814
2016,1,11,17,1466
2016,1,11,18,1284
2016,1,11,19,1237
2016,1,11,20,1312
2016,1,11,21,1473
2016,1,11,22,1687
2016,1,11,23,1909
2016,1,12,0,2079
2016,1,12,1,2152
2016,1,12,2,2101
2016,1,12,3,1911
2016,1,12,4,1686
2016,1,12,5,1428
2016,1,12,6,1328
2016,1,12,7,1340
2016,1,12,8,1439
2016,1,12,9,1659
2016,1,12,10,1880
2016,1,12,11,2119
2016,1,12,12,2380
2016,1,12,13,2502
2016,1,12,14,2493
2016,1,12,15,2310
2016,1,12,16,1949
2016,1,12,17,1613
2016,1,12,18,1331
2016,1,12,19,1209
2016,1,12,20,1219
2016,1,12,21,1311
2016,1,12,22,1518
2016,1,12,23,1740
2016,1,13,0,2006
2016,1,13,1,2165
2016,1,13,2,2238
2016,1,13,3,2165
2016,1,13,4,1855
2016,1,13,5,1638
2016,1,13,6,1456
2016,1,13,7,1325
2016,1,13,8,1388
2016,1,13,9,1529
2016,1,13,10,1742
2016,1,13,11,2004
2016,1,13,12,2235
2016,1,13,13,2411
2016,1,13,14,2514
2016,1,13,15,2377
2016,1,13,16,2165
2016,1,13,17,1858
2016,1,13,18,1537
2016,1,13,19,1314
2016,1,13,20,1241
2016,1,13,21,1277
2016,1,13,22,1437
2016,1,13,23,1666
2016,1,14,0,1872
2016,1,14,1,2144
2016,1,14,2,2225
2016,1,14,3,2241
2016,1,14,4,2095
2016,1,14,5,1887
2016,1,14,6,1648
2016,1,14,7,1450
2016,1,14,8,1397
2016,1,14,9,1467
2016,1,14,10,1612
2016,1,14,11,1763
2016,1,14,12,1997
2016,1,14,13,2168
2016,1,14,14,2323
2016,1,14,15,2390
2016,1,14,16,2233
2016,1,14,17,2033
2016,1,14,18,1700
2016,1,14,19,1420
2016,1,14,20,1258
2016,1,14,21,1222
2016,1,14,22,1306
2016,1,14,23,1498
2016,1,15,0,1708
2016,1,15,1,1954
2016,1,15,2,2119
2016,1,15,3,2204
2016,1,15,4,2201
2016,1,15,5,2037
2016,1,15,6,1844
2016,1,15,7,1643
2016,1,15,8,1496
2016,1,15,9,1452
2016,1,15,10,1531
2016,1,15,11,1661
2016,1,15,12,1843
2016,1,15,13,2004
2016,1,15,14,2167
2016,1,15,15,2289
2016,1,15,16,2289
2016,1,15,17,2141
2016,1,15,18,1887
2016,1,15,19,1562
2016,1,15,20,1341
2016,1,15,21,1265
2016,1,15,22,1287
2016,1,15,23,1405
2016,1,16,0,1610
2016,1,16,1,1791
2016,1,16,2,1976
2016,1,16,3,2115
2016,1,16,4,2191
2016,1,16,5,2194
2016,1,16,6,2070
2016,1,16,7,1878
2016,1,16,8,1662
2016,1,16,9,1519
2016,1,16,10,1502
2016,1,16,11,1568
2016,1,16,12,1697
2016,1,16,13,1831
2016,1,16,14,1930
2016,1,16,15,2038
2016,1,16,16,2106
2016,1,16,17,2136
2016,1,16,18,1973
2016,1,16,19,1750
2016,1,16,20,1497
2016,1,16,21,1319
2016,1,16,22,1272
2016,1,16,23,1336
2016,1,17,0,1463
2016,1,17,1,1631
2016,1,17,2,1804
2016,1,17,3,1969
2016,1,17,4,2047
2016,1,17,5,2139
2016,1,17,6,2127
2016,1,17,7,2032
2016,1,17,8,1871
2016,1,17,9,1710
2016,1,17,10,1578
2016,1,17,11,1561
2016,1,17,12,1576
2016,1,17,13,1669
2016,1,17,14,1765
2016,1,17,15,1855
2016,1,17,16,1916
2016,1,17,17,1938
2016,1,17,18,1954
2016,1,17,19,1854
2016,1,17,20,1697
2016,1,17,21,1504
2016,1,17,22,1348
2016,1,17,23,1346
2016,1,18,0,1394
2016,1,18,1,1546
2016,1,18,2,1662
2016,1,18,3,1834
2016,1,18,4,1949
2016,1,18,5,2062
2016,1,18,6,2148
2016,1,18,7,2174
2016,1,18,8,2105
2016,1,18,9,1947
2016,1,18,10,1787
2016,1,18,11,1677
2016,1,18,12,1584
2016,1,18,13,1582
2016,1,18,14,1625
2016,1,18,15,1709
2016,1,18,16,1785
2016,1,18,17,1837
2016,1,18,18,1902
2016,1,18,19,1872
2016,1,18,20,1834
2016,1,18,21,1682
2016,1,18,22,1581
2016,1,18,23,1422
2016,1,19,0,1400
2016,1,19,1,1491
2016,1,19,2,1566
2016,1,19,3,1696
2016,1,19,4,1794
2016,1,19,5,1948
2016,1,19,6,2104
2016,1,19,7,2205
2016,1,19,8,2213
2016,1,19,9,2130
2016,1,19,10,1970
2016,1,19,11,1823
2016,1,19,12,1665
2016,1,19,13,1569
2016,1,19,14,1520
2016,1,19,15,1550
2016,1,19,16,1590
2016,1,19,17,1662
2016,1,19,18,1721
2016,1,19,19,1799
2016,1,19,20,1850
2016,1,19,21,1811
2016,1,19,22,1700
2016,1,19,23,1574
2016,1,20,0,1470
2016,1,20,1,1464
2016,1,20,2,1475
2016,1,20,3,1535
2016,1,20,4,1662
2016,1,20,5,1789
2016,1,20,6,1975
2016,1,20,7,2137
2016,1,20,8,2260
2016,1,20,9,2318
2016,1,20,10,2221
2016,1,20,11,2056
2016,1,20,12,1894
2016,1,20,13,1703
2016,1,20,14,1579
2016,1,20,15,1512
2016,1,20,16,1488
2016,1,20,17,1545
2016,1,20,18,1631
2016,1,20,19,1748
2016,1,20,20,1856
2016,1,20,21,1910
2016,1,20,22,1871
2016,1,20,23,1747
2016,1,21,0,1622
2016,1,21,1,1523
2016,1,21,2,1438
2016,1,21,3,1390
2016,1,21,4,1472
2016,1,21,5,1596
2016,1,21,6,1782
2016,1,21,7,1967
2016,1,21,8,2154
2016,1,21,9,2294
2016,1,21,10,2297
2016,1,21,11,2215
2016,1,21,12,2062
2016,1,21,13,1845
2016,1,21,14,1649
2016,1,21,15,1474
2016,1,21,16,1381
2016,1,21,17,1365
2016,1,21,18,1439
2016,1,21,19,1586
2016,1,21,20,1714
2016,1,21,21,1831
2016,1,21,22,1915
2016,1,21,23,1901
2016,1,22,0,1804
2016,1,22,1,1609
2016,1,22,2,1471
2016,1,22,3,1384
2016,1,22,4,1374
2016,1,22,5,1466
2016,1,22,6,1608
2016,1,22,7,1813
2016,1,22,8,2031
2016,1,22,9,2236
2016,1,22,10,2329
2016,1,22,11,2358
2016,1,22,12,2239
2016,1,22,13,2063
2016,1,22,14,1800
2016,1,22,15,1534
2016,1,22,16,1362
2016,1,22,17,1283
2016,1,22,18,1328
2016,1,22,19,1427
2016,1,22,20,1589
2016,1,22,21,1758
2016,1,22,22,1902
2016,1,22,23,1964
2016,1,23,0,1931
2016,1,23,1,1835
2016,1,23,2,1646
2016,1,23,3,1420
2016,1,23,4,1320
2016,1,23,5,1327
2016,1,23,6,1456
2016,1,23,7,1667
2016,1,23,8,1868
2016,1,23,9,2098
2016,1,23,10,2282
2016,1,23,11,2384
2016,1,23,12,2392
2016,1,23,13,2253
2016,1,23,14,2028
2016,1,23,15,1752
2016,1,23,16,1478
2016,1,23,17,1308
2016,1,23,18,1289
2016,1,23,19,1355
2016,1,23,20,1493
2016,1,23,21,1701
2016,1,23,22,1858
2016,1,23,23,2002
2016,1,24,0,2043
2016,1,24,1,2000
2016,1,24,2,1859
2016,1,24,3,1596
2016,1,24,4,1370
2016,1,24,5,1315
2016,1,24,6,1357
2016,1,24,7,1514
2016,1,24,8,1730
2016,1,24,9,1944
2016,1,24,10,2175
2016,1,24,11,2338
2016,1,24,12,2398
2016,1,24,13,2382
2016,1,24,14,2202
2016,1,24,15,1903
2016,1,24,16,1612
2016,1,24,17,1385
2016,1,24,18,1263
2016,1,24,19,1285
2016,1,24,20,1357
2016,1,24,21,1548
2016,1,24,22,1767
2016,1,24,23,1894
2016,1,25,0,2029
2016,1,25,1,2086
2016,1,25,2,1942
2016,1,25,3,1716
2016,1,25,4,1495
2016,1,25,5,1312
2016,1,25,6,1283
2016,1,25,7,1385
2016,1,25,8,1560
2016,1,25,9,1781
2016,1,25,10,2026
2016,1,25,11,2217
2016,1,25,12,2368
2016,1,25,13,2400
2016,1,25,14,2266
2016,1,25,15,2051
2016,1,25,16,1756
2016,1,25,17,1464
2016,1,25,18,1295
2016,1,25,19,1223
2016,1,25,20,1285
2016,1,25,21,1452
2016,1,25,22,1647
2016,1,25,23,1866
2016,1,26,0,2032
2016,1,26,1,2145
2016,1,26,2,2101
2016,1,26,3,1929
2016,1,26,4,1674
2016,1,26,5,1486
2016,1,26,6,1331
2016,1,26,7,1360
2016,1,26,8,1502
2016,1,26,9,1691
2016,1,26,10,1918
2016,1,26,11,2143
2016,1,26,12,2334
2016,1,26,13,2424
2016,1,26,14,2397
2016,1,26,15,2226
2016,1,26,16,1943
2016,1,26,17,1636
2016,1,26,18,1382
2016,1,26,19,1285
2016,1,26,20,1267
2016,1,26,21,1341
2016,1,26,22,1557
2016,1,26,23,1777
2016,1,27,0,2024
2016,1,27,1,2156
2016,1,27,2,2133
2016,1,27,3,2021
2016,1,27,4,1879
2016,1,27,5,1651
2016,1,27,6,1490
2016,1,27,7,1399
2016,1,27,8,1429
2016,1,27,9,1550
2016,1,27,10,1791
2016,1,27,11,2003
2016,1,27,12,2235
2016,1,27,13,2388
2016,1,27,14,2361
2016,1,27,15,2261
2016,1,27,16,2090
2016,1,27,17,1827
2016,1,27,18,1517
2016,1,27,19,1309
2016,1,27,20,1314
2016,1,27,21,1323
2016,1,27,22,1506
2016,1,27,23,1718
2016,1,28,0,1876
2016,1,28,1,2027
2016,1,28,2,2099
2016,1,28,3,2042
2016,1,28,4,1947
2016,1,28,5,1734
2016,1,28,6,1538
2016,1,28,7,1345
2016,1,28,8,1310
2016,1,28,9,1406
2016,1,28,10,1615
2016,1,28,11,1812
2016,1,28,12,2004
2016,1,28,13,2128
2016,1,28,14,2235
2016,1,28,15,2166
2016,1,28,16,2020
2016,1,28,17,1816
2016,1,28,18,1556
2016,1,28,19,1352
2016,1,28,20,1249
2016,1,28,21,1243
2016,1,28,22,1381
2016,1,28,23,1554
2016,1,29,0,1760
2016,1,29,1,1917
2016,1,29,2,2056
2016,1,29,3,2033
2016,1,29,4,1987
2016,1,29,5,1863
2016,1,29,6,1667
2016,1,29,7,1502
2016,1,29,8,1402
2016,1,29,9,1435
2016,1,29,10,1530
2016,1,29,11,1706
2016,1,29,12,1898
2016,1,29,13,2022
2016,1,29,14,2132
2016,1,29,15,2126
2016,1,29,16,2063
2016,1,29,17,1855
2016,1,29,18,1664
2016,1,29,19,1490
2016,1,29,20,1347
2016,1,29,21,1272
2016,1,29,22,1345
2016,1,29,23,1469
2016,1,30,0,1672
2016,1,30,1,1882
2016,1,30,2,2014
2016,1,30,3,2081
2016,1,30,4,2030
2016,1,30,5,1982
2016,1,30,6,1808
2016,1,30,7,1649
2016,1,30,8,1518
2016,1,30,9,1456
2016,1,30,10,1515
2016,1,30,11,1622
2016,1,30,12,1789
2016,1,30,13,1940
2016,1,30,14,2012
2016,1,30,15,2051
2016,1,30,16,2069
2016,1,30,17,1894
2016,1,30,18,1776
2016,1,30,19,1557
2016,1,30,20,1410
2016,1,30,21,1277
2016,1,30,22,1320
2016,1,30,23,1435
2016,1,31,0,1565
2016,1,31,1,1748
2016,1,31,2,1872
2016,1,31,3,1992
2016,1,31,4,2017
2016,1,31,5,2018
2016,1,31,6,1893
2016,1,31,7,1788
2016,1,31,8,1618
2016,1,31,9,1524
2016,1,31,10,1500
2016,1,31,11,1563
2016,1,31,12,1668
2016,1,31,13,1822
2016,1,31,14,1939
2016,1,31,15,1919
2016,1,31,16,1889
2016,1,31,17,1828
2016,1,31,18,1736
2016,1,31,19,1632
2016,1,31,20,1509
2016,1,31,21,1400
2016,1,31,22,1387
2016,1,31,23,1410
2016,2,1,0,1519
2016,2,1,1,1676
2016,2,1,2,1868
2016,2,1,3,1946
2016,2,1,4,2005
2016,2,1,5,2026
2016,2,1,6,1989
2016,2,1,7,1936
2016,2,1,8,1808
2016,2,1,9,1696
2016,2,1,10,1630
2016,2,1,11,1634
2016,2,1,12,1720
2016,2,1,13,1795
2016,2,1,14,1853
2016,2,1,15,1880
2016,2,1,16,1885
2016,2,1,17,1854
2016,2,1,18,1804
2016,2,1,19,1732
2016,2,1,20,1648
2016,2,1,21,1512
2016,2,1,22,1468
2016,2,1,23,1462
2016,2,2,0,1545
2016,2,2,1,1641
2016,2,2,2,1752
2016,2,2,3,1856
2016,2,2,4,1934
2016,2,2,5,2058
2016,2,2,6,2063
2016,2,2,7,2084
2016,2,2,8,2010
2016,2,2,9,1899
2016,2,2,10,1776
2016,2,2,11,1700
2016,2,2,12,1709
2016,2,2,13,1719
2016,2,2,14,1771
2016,2,2,15,1794
2016,2,2,16,1829
2016,2,2,17,1853
2016,2,2,18,1889
2016,2,2,19,1814
2016,2,2,20,1758
2016,2,2,21,1721
2016,2,2,22,1589
2016,2,2,23,1560
2016,2,3,0,1549
2016,2,3,1,1586
2016,2,3,2,1674
2016,2,3,3,1763
2016,2,3,4,1872
2016,2,3,5,1984
2016,2,3,6,2072
2016,2,3,7,2127
2016,2,3,8,2123
2016,2,3,9,2043
2016,2,3,10,1936
2016,2,3,11,1852
2016,2,3,12,1789
2016,2,3,13,1735
2016,2,3,14,1738
2016,2,3,15,1741
2016,2,3,16,1766
2016,2,3,17,1749
2016,2,3,18,1809
2016,2,3,19,1824
2016,2,3,20,1841
2016,2,3,21,1817
2016,2,3,22,1761
2016,2,3,23,1656
2016,2,4,0,1597
2016,2,4,1,1595
2016,2,4,2,1620
2016,2,4,3,1705
2016,2,4,4,1779
2016,2,4,5,1884
2016,2,4,6,2029
2016,2,4,7,2165
2016,2,4,8,2229
2016,2,4,9,2237
2016,2,4,10,2147
2016,2,4,11,2017
2016,2,4,12,1900
2016,2,4,13,1780
2016,2,4,14,1737
2016,2,4,15,1695
2016,2,4,16,1674
2016,2,4,17,1711
2016,2,4,18,1774
2016,2,4,19,1854
2016,2,4,20,1944
2016,2,4,21,1977
2016,2,4,22,1927
2016,2,4,23,1832
2016,2,5,0,1738
2016,2,5,1,1664
2016,2,5,2,1619
2016,2,5,3,1635
2016,2,5,4,1681
2016,2,5,5,1819
2016,2,5,6,1962
2016,2,5,7,2127
2016,2,5,8,2266
2016,2,5,9,2324
2016,2,5,10,2327
2016,2,5,11,2227
2016,2,5,12,2110
2016,2,5,13,1917
2016,2,5,14,1749
2016,2,5,15,1651
2016,2,5,16,1611
2016,2,5,17,1600
2016,2,5,18,1681
2016,2,5,19,1765
2016,2,5,20,1908
2016,2,5,21,1992
2016,2,5,22,1996
2016,2,5,23,1933
2016,2,6,0,1852
2016,2,6,1,1733
2016,2,6,2,1665
2016,2,6,3,1551
2016,2,6,4,1529
2016,2,6,5,1596
2016,2,6,6,1771
2016,2,6,7,1968
2016,2,6,8,2167
2016,2,6,9,2347
2016,2,6,10,2411
2016,2,6,11,2346
2016,2,6,12,2240
2016,2,6,13,2038
2016,2,6,14,1806
2016,2,6,15,1621
2016,2,6,16,1487
2016,2,6,17,1448
2016,2,6,18,1503
2016,2,6,19,1654
2016,2,6,20,1802
2016,2,6,21,1960
2016,2,6,22,2062
2016,2,6,23,2088
2016,2,7,0,2020
2016,2,7,1,1899
2016,2,7,2,1690
2016,2,7,3,1528
2016,2,7,4,1452
2016,2,7,5,1465
2016,2,7,6,1581
2016,2,7,7,1751
2016,2,7,8,1996
2016,2,7,9,2235
2016,2,7,10,2437
2016,2,7,11,2484
2016,2,7,12,2414
2016,2,7,13,2218
2016,2,7,14,1947
2016,2,7,15,1718
2016,2,7,16,1510
2016,2,7,17,1366
2016,2,7,18,1367
2016,2,7,19,1481
2016,2,7,20,1659
2016,2,7,21,1880
2016,2,7,22,2035
2016,2,7,23,2133
2016,2,8,0,2123
2016,2,8,1,2013
2016,2,8,2,1834
2016,2,8,3,1632
2016,2,8,4,1443
2016,2,8,5,1379
2016,2,8,6,1449
2016,2,8,7,1592
2016,2,8,8,1832
2016,2,8,9,2092
2016,2,8,10,2327
2016,2,8,11,2471
2016,2,8,12,2476
2016,2,8,13,2353
2016,2,8,14,2110
2016,2,8,15,1788
2016,2,8,16,1501
2016,2,8,17,1321
2016,2,8,18,1245
2016,2,8,19,1319
2016,2,8,20,1491
2016,2,8,21,1719
2016,2,8,22,1962
2016,2,8,23,2132
2016,2,9,0,2220
2016,2,9,1,2198
2016,2,9,2,2010
2016,2,9,3,1761
2016,2,9,4,1493
2016,2,9,5,1354
2016,2,9,6,1328
2016,2,9,7,1471
2016,2,9,8,1641
2016,2,9,9,1904
2016,2,9,10,2167
2016,2,9,11,2401
2016,2,9,12,2540
2016,2,9,13,2514
2016,2,9,14,2312
2016,2,9,15,2022
2016,2,9,16,1657
2016,2,9,17,1399
2016,2,9,18,1270
2016,2,9,19,1232
2016,2,9,20,1371
2016,2,9,21,1570
2016,2,9,22,1857
2016,2,9,23,2107
2016,2,10,0,2263
2016,2,10,1,2329
2016,2,10,2,2200
2016,2,10,3,1972
2016,2,10,4,1654
2016,2,10,5,1418
2016,2,10,6,1301
2016,2,10,7,1347
2016,2,10,8,1474
2016,2,10,9,1658
2016,2,10,10,1970
2016,2,10,11,2209
2016,2,10,12,2467
2016,2,10,13,2553
2016,2,10,14,2467
2016,2,10,15,2222
2016,2,10,16,1854
2016,2,10,17,1530
2016,2,10,18,1272
2016,2,10,19,1213
2016,2,10,20,1266
2016,2,10,21,1442
2016,2,10,22,1706
2016,2,10,23,1995
2016,2,11,0,2217
2016,2,11,1,2365
2016,2,11,2,2351
2016,2,11,3,2250
2016,2,11,4,1976
2016,2,11,5,1675
2016,2,11,6,1454
2016,2,11,7,1348
2016,2,11,8,1386
2016,2,11,9,1514
2016,2,11,10,1763
2016,2,11,11,2033
2016,2,11,12,2322
2016,2,11,13,2477
2016,2,11,14,2516
2016,2,11,15,2377
2016,2,11,16,2083
2016,2,11,17,1750
2016,2,11,18,1460
2016,2,11,19,1275
2016,2,11,20,1238
2016,2,11,21,1288
2016,2,11,22,1521
2016,2,11,23,1825
2016,2,12,0,2085
2016,2,12,1,2344
2016,2,12,2,2431
2016,2,12,3,2404
2016,2,12,4,2197
2016,2,12,5,1937
2016,2,12,6,1661
2016,2,12,7,1452
2016,2,12,8,1366
2016,2,12,9,1434
2016,2,12,10,1553
2016,2,12,11,1843
2016,2,12,12,2082
2016,2,12,13,2300
2016,2,12,14,2419
2016,2,12,15,2427
2016,2,12,16,2264
2016,2,12,17,1978
2016,2,12,18,1655
2016,2,12,19,1351
2016,2,12,20,1242
2016,2,12,21,1235
2016,2,12,22,1375
2016,2,12,23,1655
2016,2,13,0,1931
2016,2,13,1,2182
2016,2,13,2,2376
2016,2,13,3,2501
2016,2,13,4,2440
2016,2,13,5,2239
2016,2,13,6,1976
2016,2,13,7,1669
2016,2,13,8,1460
2016,2,13,9,1395
2016,2,13,10,1444
2016,2,13,11,1671
2016,2,13,12,1911
2016,2,13,13,2112
2016,2,13,14,2273
2016,2,13,15,2337
2016,2,13,16,2284
2016,2,13,17,2151
2016,2,13,18,1889
2016,2,13,19,1566
2016,2,13,20,1343
2016,2,13,21,1266
2016,2,13,22,1358
2016,2,13,23,1526
2016,2,14,0,1765
2016,2,14,1,2018
2016,2,14,2,2200
2016,2,14,3,2323
2016,2,14,4,2421
2016,2,14,5,2340
2016,2,14,6,2185
2016,2,14,7,1902
2016,2,14,8,1669
2016,2,14,9,1540
2016,2,14,10,1473
2016,2,14,11,1577
2016,2,14,12,1720
2016,2,14,13,1884
2016,2,14,14,1997
2016,2,14,15,2066
2016,2,14,16,2119
2016,2,14,17,2142
2016,2,14,18,2003
2016,2,14,19,1772
2016,2,14,20,1543
2016,2,14,21,1362
2016,2,14,22,1366
2016,2,14,23,1489
2016,2,15,0,1659
2016,2,15,1,1871
2016,2,15,2,2008
2016,2,15,3,2139
2016,2,15,4,2297
2016,2,15,5,2354
2016,2,15,6,2296
2016,2,15,7,2168
2016,2,15,8,1942
2016,2,15,9,1732
2016,2,15,10,1669
2016,2,15,11,1670
2016,2,15,12,1707
2016,2,15,13,1782
2016,2,15,14,1834
2016,2,15,15,1910
2016,2,15,16,1999
2016,2,15,17,2013
2016,2,15,18,2004
2016,2,15,19,1883
2016,2,15,20,1730
2016,2,15,21,1560
2016,2,15,22,1449
2016,2,15,23,1521
2016,2,16,0,1583
2016,2,16,1,1707
2016,2,16,2,1847
2016,2,16,3,1967
2016,2,16,4,2087
2016,2,16,5,2209
2016,2,16,6,2283
2016,2,16,7,2279
2016,2,16,8,2129
2016,2,16,9,1960
2016,2,16,10,1809
2016,2,16,11,1710
2016,2,16,12,1685
2016,2,16,13,1712
2016,2,16,14,1731
2016,2,16,15,1779
2016,2,16,16,1824
2016,2,16,17,1829
2016,2,16,18,1918
2016,2,16,19,1896
2016,2,16,20,1831
2016,2,16,21,1682
2016,2,16,22,1556
2016,2,16,23,1508
2016,2,17,0,1513
2016,2,17,1,1573
2016,2,17,2,1679
2016,2,17,3,1781
2016,2,17,4,1881
2016,2,17,5,2012
2016,2,17,6,2125
2016,2,17,7,2204
2016,2,17,8,2157
2016,2,17,9,2044
2016,2,17,10,1904
2016,2,17,11,1758
2016,2,17,12,1663
2016,2,17,13,1649
2016,2,17,14,1617
2016,2,17,15,1640
2016,2,17,16,1647
2016,2,17,17,1647
2016,2,17,18,1782
2016,2,17,19,1838
2016,2,17,20,1863
2016,2,17,21,1815
2016,2,17,22,1717
2016,2,17,23,1577
2016,2,18,0,1501
2016,2,18,1,1514
2016,2,18,2,1529
2016,2,18,3,1613
2016,2,18,4,1724
2016,2,18,5,1849
2016,2,18,6,2001
2016,2,18,7,2148
2016,2,18,8,2220
2016,2,18,9,2220
2016,2,18,10,2153
2016,2,18,11,2035
2016,2,18,12,1875
2016,2,18,13,1736
2016,2,18,14,1622
2016,2,18,15,1562
2016,2,18,16,1534
2016,2,18,17,1571
2016,2,18,18,1667
2016,2,18,19,1756
2016,2,18,20,1857
2016,2,18,21,1905
2016,2,18,22,1901
2016,2,18,23,1804
2016,2,19,0,1672
2016,2,19,1,1578
2016,2,19,2,1482
2016,2,19,3,1496
2016,2,19,4,1547
2016,2,19,5,1683
2016,2,19,6,1821
2016,2,19,7,2014
2016,2,19,8,2142
2016,2,19,9,2245
2016,2,19,10,2252
2016,2,19,11,2177
2016,2,19,12,2018
2016,2,19,13,1850
2016,2,19,14,1667
2016,2,19,15,1528
2016,2,19,16,1469
2016,2,19,17,1444
2016,2,19,18,1513
2016,2,19,19,1617
2016,2,19,20,1784
2016,2,19,21,1892
2016,2,19,22,1944
2016,2,19,23,1958
2016,2,20,0,1849
2016,2,20,1,1697
2016,2,20,2,1519
2016,2,20,3,1447
2016,2,20,4,1409
2016,2,20,5,1466
2016,2,20,6,1623
2016,2,20,7,1790
2016,2,20,8,1999
2016,2,20,9,2152
2016,2,20,10,2265
2016,2,20,11,2276
2016,2,20,12,2173
2016,2,20,13,1965
2016,2,20,14,1767
2016,2,20,15,1552
2016,2,20,16,1381
2016,2,20,17,1330
2016,2,20,18,1359
2016,2,20,19,1463
2016,2,20,20,1662
2016,2,20,21,1827
2016,2,20,22,1945
2016,2,20,23,2029
2016,2,21,0,1979
2016,2,21,1,1824
2016,2,21,2,1636
2016,2,21,3,1456
2016,2,21,4,1366
2016,2,21,5,1366
2016,2,21,6,1464
2016,2,21,7,1627
2016,2,21,8,1831
2016,2,21,9,2045
2016,2,21,10,2188
2016,2,21,11,2284
2016,2,21,12,2239
2016,2,21,13,2120
2016,2,21,14,1897
2016,2,21,15,1649
2016,2,21,16,1421
2016,2,21,17,1333
2016,2,21,18,1326
2016,2,21,19,1373
2016,2,21,20,1543
2016,2,21,21,1736
2016,2,21,22,1934
2016,2,21,23,2047
2016,2,22,0,2107
2016,2,22,1,1971
2016,2,22,2,1756
2016,2,22,3,1563
2016,2,22,4,1394
2016,2,22,5,1317
2016,2,22,6,1369
2016,2,22,7,1543
2016,2,22,8,1709
2016,2,22,9,1943
2016,2,22,10,2145
2016,2,22,11,2287
2016,2,22,12,2330
2016,2,22,13,2260
2016,2,22,14,2034
2016,2,22,15,1783
2016,2,22,16,1493
2016,2,22,17,1300
2016,2,22,18,1261
2016,2,22,19,1292
2016,2,22,20,1453
2016,2,22,21,1639
2016,2,22,22,1870
2016,2,22,23,2032
2016,2,23,0,2159
2016,2,23,1,2146
2016,2,23,2,1991
2016,2,23,3,1766
2016,2,23,4,1523
2016,2,23,5,1340
2016,2,23,6,1333
2016,2,23,7,1420
2016,2,23,8,1588
2016,2,23,9,1823
2016,2,23,10,2024
2016,2,23,11,2213
2016,2,23,12,2307
2016,2,23,13,2288
2016,2,23,14,2186
2016,2,23,15,1924
2016,2,23,16,1647
2016,2,23,17,1380
2016,2,23,18,1251
2016,2,23,19,1236
2016,2,23,20,1377
2016,2,23,21,1557
2016,2,23,22,1783
2016,2,23,23,1994
2016,2,24,0,2134
2016,2,24,1,2171
2016,2,24,2,2112
2016,2,24,3,1909
2016,2,24,4,1663
2016,2,24,5,1418
2016,2,24,6,1324
2016,2,24,7,1373
2016,2,24,8,1501
2016,2,24,9,1705
2016,2,24,10,1915
2016,2,24,11,2088
2016,2,24,12,2232
2016,2,24,13,2279
2016,2,24,14,2206
2016,2,24,15,2053
2016,2,24,16,1755
2016,2,24,17,1443
2016,2,24,18,1271
2016,2,24,19,1230
2016,2,24,20,1296
2016,2,24,21,1485
2016,2,24,22,1680
2016,2,24,23,1885
2016,2,25,0,2088
2016,2,25,1,2141
2016,2,25,2,2150
2016,2,25,3,2024
2016,2,25,4,1800
2016,2,25,5,1502
2016,2,25,6,1326
2016,2,25,7,1338
2016,2,25,8,1425
2016,2,25,9,1599
2016,2,25,10,1815
2016,2,25,11,2008
2016,2,25,12,2163
2016,2,25,13,2256
2016,2,25,14,2234
2016,2,25,15,2125
2016,2,25,16,1890
2016,2,25,17,1626
2016,2,25,18,1351
2016,2,25,19,1231
2016,2,25,20,1281
2016,2,25,21,1411
2016,2,25,22,1639
2016,2,25,23,1836
2016,2,26,0,2024
2016,2,26,1,2116
2016,2,26,2,2129
2016,2,26,3,2095
2016,2,26,4,1887
2016,2,26,5,1676
2016,2,26,6,1435
2016,2,26,7,1311
2016,2,26,8,1332
2016,2,26,9,1443
2016,2,26,10,1666
2016,2,26,11,1893
2016,2,26,12,2042
2016,2,26,13,2154
2016,2,26,14,2173
2016,2,26,15,2132
2016,2,26,16,1956
2016,2,26,17,1671
2016,2,26,18,1430
2016,2,26,19,1247
2016,2,26,20,1250
2016,2,26,21,1356
2016,2,26,22,1528
2016,2,26,23,1748
2016,2,27,0,1944
2016,2,27,1,2085
2016,2,27,2,2123
2016,2,27,3,2086
2016,2,27,4,1978
2016,2,27,5,1800
2016,2,27,6,1576
2016,2,27,7,1418
2016,2,27,8,1331
2016,2,27,9,1377
2016,2,27,10,1523
2016,2,27,11,1732
2016,2,27,12,1920
2016,2,27,13,2067
2016,2,27,14,2073
2016,2,27,15,2043
2016,2,27,16,1961
2016,2,27,17,1764
2016,2,27,18,1553
2016,2,27,19,1347
2016,2,27,20,1251
2016,2,27,21,1288
2016,2,27,22,1468
2016,2,27,23,1652
2016,2,28,0,1874
2016,2,28,1,2015
2016,2,28,2,2103
2016,2,28,3,2112
2016,2,28,4,2027
2016,2,28,5,1889
2016,2,28,6,1732
2016,2,28,7,1505
2016,2,28,8,1385
2016,2,28,9,1367
2016,2,28,10,1496
2016,2,28,11,1697
2016,2,28,12,1790
2016,2,28,13,1949
2016,2,28,14,1991
2016,2,28,15,1962
2016,2,28,16,1948
2016,2,28,17,1794
2016,2,28,18,1597
2016,2,28,19,1435
2016,2,28,20,1305
2016,2,28,21,1307
2016,2,28,22,1344
2016,2,28,23,1554
2016,2,29,0,1763
2016,2,29,1,1948
2016,2,29,2,2062
2016,2,29,3,2104
2016,2,29,4,2045
2016,2,29,5,1948
2016,2,29,6,1779
2016,2,29,7,1597
2016,2,29,8,1473
2016,2,29,9,1402
2016,2,29,10,1442
2016,2,29,11,1564
2016,2,29,12,1641
2016,2,29,13,1836
2016,2,29,14,1892
2016,2,29,15,1912
2016,2,29,16,1897
2016,2,29,17,1789
2016,2,29,18,1679
2016,2,29,19,1486
2016,2,29,20,1369
2016,2,29,21,1279
2016,2,29,22,1344
2016,2,29,23,1447
2016,3,1,0,1628
2016,3,1,1,1799
2016,3,1,2,1948
2016,3,1,3,1986
2016,3,1,4,2021
2016,3,1,5,2020
2016,3,1,6,1941
2016,3,1,7,1789
2016,3,1,8,1622
2016,3,1,9,1512
2016,3,1,10,1485
2016,3,1,11,1541
2016,3,1,12,1643
2016,3,1,13,1751
2016,3,1,14,1850
2016,3,1,15,1862
2016,3,1,16,1874
2016,3,1,17,1832
2016,3,1,18,1741
2016,3,1,19,1604
2016,3,1,20,1501
2016,3,1,21,1401
2016,3,1,22,1394
2016,3,1,23,1459
2016,3,2,0,1585
2016,3,2,1,1700
2016,3,2,2,1843
2016,3,2,3,1957
2016,3,2,4,2023
2016,3,2,5,2023
2016,3,2,6,1998
2016,3,2,7,1901
2016,3,2,8,1737
2016,3,2,9,1660
2016,3,2,10,1574
2016,3,2,11,1570
2016,3,2,12,1586
2016,3,2,13,1653
2016,3,2,14,1693
2016,3,2,15,1771
2016,3,2,16,1796
2016,3,2,17,1795
2016,3,2,18,1728
2016,3,2,19,1718
2016,3,2,20,1608
2016,3,2,21,1499
2016,3,2,22,1451
2016,3,2,23,1455
2016,3,3,0,1511
2016,3,3,1,1613
2016,3,3,2,1723
2016,3,3,3,1828
2016,3,3,4,1912
2016,3,3,5,1972
2016,3,3,6,2044
2016,3,3,7,1982
2016,3,3,8,1911
2016,3,3,9,1805
2016,3,3,10,1723
2016,3,3,11,1647
2016,3,3,12,1607
2016,3,3,13,1602
2016,3,3,14,1635
2016,3,3,15,1629
2016,3,3,16,1703
2016,3,3,17,1731
2016,3,3,18,1734
2016,3,3,19,1751
2016,3,3,20,1705
2016,3,3,21,1664
2016,3,3,22,1552
2016,3,3,23,1510
2016,3,4,0,1490
2016,3,4,1,1534
2016,3,4,2,1596
2016,3,4,3,1676
2016,3,4,4,1801
2016,3,4,5,1920
2016,3,4,6,1981
2016,3,4,7,2070
2016,3,4,8,2064
2016,3,4,9,1978
2016,3,4,10,1863
2016,3,4,11,1761
2016,3,4,12,1665
2016,3,4,13,1586
2016,3,4,14,1547
2016,3,4,15,1535
2016,3,4,16,1560
2016,3,4,17,1619
2016,3,4,18,1728
2016,3,4,19,1800
2016,3,4,20,1778
2016,3,4,21,1731
2016,3,4,22,1696
2016,3,4,23,1610
2016,3,5,0,1563
2016,3,5,1,1490
2016,3,5,2,1525
2016,3,5,3,1553
2016,3,5,4,1667
2016,3,5,5,1790
2016,3,5,6,1911
2016,3,5,7,2051
2016,3,5,8,2140
2016,3,5,9,2135
2016,3,5,10,2087
2016,3,5,11,1969
2016,3,5,12,1802
2016,3,5,13,1676
2016,3,5,14,1581
2016,3,5,15,1496
2016,3,5,16,1510
2016,3,5,17,1536
2016,3,5,18,1609
2016,3,5,19,1752
2016,3,5,20,1827
2016,3,5,21,1891
2016,3,5,22,1891
2016,3,5,23,1876
2016,3,6,0,1732
2016,3,6,1,1606
2016,3,6,2,1509
2016,3,6,3,1537
2016,3,6,4,1559
2016,3,6,5,1636
2016,3,6,6,1799
2016,3,6,7,1939
2016,3,6,8,2142
2016,3,6,9,2224
2016,3,6,10,2221
2016,3,6,11,2127
2016,3,6,12,1953
2016,3,6,13,1751
2016,3,6,14,1537
2016,3,6,15,1470
2016,3,6,16,1377
2016,3,6,17,1425
2016,3,6,18,1478
2016,3,6,19,1629
2016,3,6,20,1827
2016,3,6,21,1969
2016,3,6,22,2017
2016,3,6,23,2001
2016,3,7,0,1884
2016,3,7,1,1743
2016,3,7,2,1577
2016,3,7,3,1472
2016,3,7,4,1422
2016,3,7,5,1491
2016,3,7,6,1623
2016,3,7,7,1835
2016,3,7,8,2056
2016,3,7,9,2252
2016,3,7,10,2356
2016,3,7,11,2355
2016,3,7,12,2207
2016,3,7,13,1990
2016,3,7,14,1762
2016,3,7,15,1500
2016,3,7,16,1343
2016,3,7,17,1319
2016,3,7,18,1356
2016,3,7,19,1503
2016,3,7,20,1761
2016,3,7,21,1994
2016,3,7,22,2126
2016,3,7,23,2135
2016,3,8,0,2078
2016,3,8,1,1921
2016,3,8,2,1696
2016,3,8,3,1506
2016,3,8,4,1318
2016,3,8,5,1344
2016,3,8,6,1433
2016,3,8,7,1649
2016,3,8,8,1874
2016,3,8,9,2151
2016,3,8,10,2365
2016,3,8,11,2442
2016,3,8,12,2369
2016,3,8,13,2185
2016,3,8,14,1924
2016,3,8,15,1612
2016,3,8,16,1385
2016,3,8,17,1232
2016,3,8,18,1266
2016,3,8,19,1386
2016,3,8,20,1599
2016,3,8,21,1855
2016,3,8,22,2123
2016,3,8,23,2251
2016,3,9,0,2263
2016,3,9,1,2173
2016,3,9,2,1947
2016,3,9,3,1653
2016,3,9,4,1449
2016,3,9,5,1281
2016,3,9,6,1268
2016,3,9,7,1437
2016,3,9,8,1680
2016,3,9,9,1969
2016,3,9,10,2232
2016,3,9,11,2441
2016,3,9,12,2500
2016,3,9,13,2364
2016,3,9,14,2113
2016,3,9,15,1809
2016,3,9,16,1494
2016,3,9,17,1264
2016,3,9,18,1176
2016,3,9,19,1239
2016,3,9,20,1436
2016,3,9,21,1677
2016,3,9,22,2004
2016,3,9,23,2223
2016,3,10,0,2366
2016,3,10,1,2355
2016,3,10,2,2183
2016,3,10,3,1906
2016,3,10,4,1545
2016,3,10,5,1340
2016,3,10,6,1198
2016,3,10,7,1256
2016,3,10,8,1408
2016,3,10,9,1667
2016,3,10,10,2013
2016,3,10,11,2228
2016,3,10,12,2476
2016,3,10,13,2466
2016,3,10,14,2344
2016,3,10,15,2010
2016,3,10,16,1696
2016,3,10,17,1366
2016,3,10,18,1178
2016,3,10,19,1162
2016,3,10,20,1298
2016,3,10,21,1528
2016,3,10,22,1801
2016,3,10,23,2146
2016,3,11,0,2394
2016,3,11,1,2468
2016,3,11,2,2433
2016,3,11,3,2200
2016,3,11,4,1848
2016,3,11,5,1534
2016,3,11,6,1314
2016,3,11,7,1228
2016,3,11,8,1340
2016,3,11,9,1516
2016,3,11,10,1827
2016,3,11,11,2080
2016,3,11,12,2301
2016,3,11,13,2398
2016,3,11,14,2369
2016,3,11,15,2190
2016,3,11,16,1868
2016,3,11,17,1536
2016,3,11,18,1264
2016,3,11,19,1137
2016,3,11,20,1229
2016,3,11,21,1350
2016,3,11,22,1638
2016,3,11,23,1982
2016,3,12,0,2253
2016,3,12,1,2442
2016,3,12,2,2447
2016,3,12,3,2374
2016,3,12,4,2123
2016,3,12,5,1791
2016,3,12,6,1510
2016,3,12,7,1301
2016,3,12,8,1222
2016,3,12,9,1356
2016,3,12,10,1571
2016,3,12,11,1824
2016,3,12,12,2064
2016,3,12,13,2243
2016,3,12,14,2305
2016,3,12,15,2246
2016,3,12,16,2066
2016,3,12,17,1767
2016,3,12,18,1432
2016,3,12,19,1216
2016,3,12,20,1176
2016,3,12,21,1292
2016,3,12,22,1499
2016,3,12,23,1770
2016,3,13,0,2063
2016,3,13,1,2339
2016,3,13,2,2463
2016,3,13,3,2482
2016,3,13,4,2328
2016,3,13,5,2072
2016,3,13,6,1768
2016,3,13,7,1487
2016,3,13,8,1355
2016,3,13,9,1348
2016,3,13,10,1453
2016,3,13,11,1644
2016,3,13,12,1882
2016,3,13,13,2061
2016,3,13,14,2188
2016,3,13,15,2190
2016,3,13,16,2127
2016,3,13,17,1936
2016,3,13,18,1635
2016,3,13,19,1401
2016,3,13,20,1240
2016,3,13,21,1284
2016,3,13,22,1415
2016,3,13,23,1624
2016,3,14,0,1883
2016,3,14,1,2127
2016,3,14,2,2295
2016,3,14,3,2396
2016,3,14,4,2389
2016,3,14,5,2257
2016,3,14,6,2040
2016,3,14,7,1780
2016,3,14,8,1553
2016,3,14,9,1452
2016,3,14,10,1440
2016,3,14,11,1578
2016,3,14,12,1718
2016,3,14,13,1872
2016,3,14,14,2023
2016,3,14,15,2073
2016,3,14,16,2083
2016,3,14,17,1988
2016,3,14,18,1841
2016,3,14,19,1639
2016,3,14,20,1456
2016,3,14,21,1385
2016,3,14,22,1427
2016,3,14,23,1535
2016,3,15,0,1731
2016,3,15,1,1956
2016,3,15,2,2124
2016,3,15,3,2219
2016,3,15,4,2275
2016,3,15,5,2294
2016,3,15,6,2165
2016,3,15,7,1966
2016,3,15,8,1760
2016,3,15,9,1610
2016,3,15,10,1544
2016,3,15,11,1558
2016,3,15,12,1622
2016,3,15,13,1733
2016,3,15,14,1812
2016,3,15,15,1911
2016,3,15,16,1987
2016,3,15,17,1957
2016,3,15,18,1899
2016,3,15,19,1785
2016,3,15,20,1627
2016,3,15,21,1542
2016,3,15,22,1491
2016,3,15,23,1543
2016,3,16,0,1629
2016,3,16,1,1794
2016,3,16,2,1966
2016,3,16,3,2071
2016,3,16,4,2152
2016,3,16,5,2215
2016,3,16,6,2198
2016,3,16,7,2131
2016,3,16,8,1989
2016,3,16,9,1826
2016,3,16,10,1692
2016,3,16,11,1630
2016,3,16,12,1642
2016,3,16,13,1674
2016,3,16,14,1715
2016,3,16,15,1762
2016,3,16,16,1793
2016,3,16,17,1857
2016,3,16,18,1876
2016,3,16,19,1855
2016,3,16,20,1759
2016,3,16,21,1703
2016,3,16,22,1589
2016,3,16,23,1579
2016,3,17,0,1596
2016,3,17,1,1658
2016,3,17,2,1787
2016,3,17,3,1870
2016,3,17,4,1967
2016,3,17,5,2091
2016,3,17,6,2155
2016,3,17,7,2177
2016,3,17,8,2137
2016,3,17,9,2026
2016,3,17,10,1911
2016,3,17,11,1809
2016,3,17,12,1692
2016,3,17,13,1665
2016,3,17,14,1662
2016,3,17,15,1675
2016,3,17,16,1665
2016,3,17,17,1758
2016,3,17,18,1829
2016,3,17,19,1895
2016,3,17,20,1929
2016,3,17,21,1854
2016,3,17,22,1778
2016,3,17,23,1696
2016,3,18,0,1669
2016,3,18,1,1635
2016,3,18,2,1694
2016,3,18,3,1726
2016,3,18,4,1803
2016,3,18,5,1913
2016,3,18,6,2019
2016,3,18,7,2118
2016,3,18,8,2162
2016,3,18,9,2143
2016,3,18,10,2042
2016,3,18,11,1946
2016,3,18,12,1826
2016,3,18,13,1697
2016,3,18,14,1608
2016,3,18,15,1584
2016,3,18,16,1608
2016,3,18,17,1643
2016,3,18,18,1764
2016,3,18,19,1862
2016,3,18,20,1930
2016,3,18,21,1975
2016,3,18,22,1917
2016,3,18,23,1840
2016,3,19,0,1727
2016,3,19,1,1646
2016,3,19,2,1623
2016,3,19,3,1619
2016,3,19,4,1656
2016,3,19,5,1761
2016,3,19,6,1901
2016,3,19,7,2026
2016,3,19,8,2158
2016,3,19,9,2209
2016,3,19,10,2160
2016,3,19,11,2095
2016,3,19,12,1971
2016,3,19,13,1779
2016,3,19,14,1634
2016,3,19,15,1556
2016,3,19,16,1497
2016,3,19,17,1553
2016,3,19,18,1612
2016,3,19,19,1799
2016,3,19,20,1916
2016,3,19,21,2066
2016,3,19,22,2064
2016,3,19,23,2012
2016,3,20,0,1890
2016,3,20,1,1768
2016,3,20,2,1645
2016,3,20,3,1570
2016,3,20,4,1541
2016,3,20,5,1656
2016,3,20,6,1726
2016,3,20,7,1932
2016,3,20,8,2103
2016,3,20,9,2184
2016,3,20,10,2257
2016,3,20,11,2194
2016,3,20,12,2100
2016,3,20,13,1936
2016,3,20,14,1686
2016,3,20,15,1532
2016,3,20,16,1464
2016,3,20,17,1451
2016,3,20,18,1498
2016,3,20,19,1672
2016,3,20,20,1847
2016,3,20,21,2015
2016,3,20,22,2080
2016,3,20,23,2159
2016,3,21,0,2085
2016,3,21,1,1912
2016,3,21,2,1738
2016,3,21,3,1575
2016,3,21,4,1514
2016,3,21,5,1524
2016,3,21,6,1627
2016,3,21,7,1770
2016,3,21,8,1969
2016,3,21,9,2158
2016,3,21,10,2301
2016,3,21,11,2317
2016,3,21,12,2252
2016,3,21,13,2002
2016,3,21,14,1834
2016,3,21,15,1602
2016,3,21,16,1489
2016,3,21,17,1391
2016,3,21,18,1465
2016,3,21,19,1540
2016,3,21,20,1773
2016,3,21,21,1971
2016,3,21,22,2158
2016,3,21,23,2261
2016,3,22,0,2250
2016,3,22,1,2077
2016,3,22,2,1883
2016,3,22,3,1681
2016,3,22,4,1507
2016,3,22,5,1438
2016,3,22,6,1469
2016,3,22,7,1654
2016,3,22,8,1821
2016,3,22,9,2064
2016,3,22,10,2181
2016,3,22,11,2320
2016,3,22,12,2301
2016,3,22,13,2192
2016,3,22,14,1984
2016,3,22,15,1714
2016,3,22,16,1511
2016,3,22,17,1369
2016,3,22,18,1364
2016,3,22,19,1480
2016,3,22,20,1661
2016,3,22,21,1908
2016,3,22,22,2122
2016,3,22,23,2258
2016,3,23,0,2308
2016,3,23,1,2228
2016,3,23,2,2062
2016,3,23,3,1805
2016,3,23,4,1561
2016,3,23,5,1432
2016,3,23,6,1432
2016,3,23,7,1532
2016,3,23,8,1730
2016,3,23,9,1932
2016,3,23,10,2115
2016,3,23,11,2305
2016,3,23,12,2335
2016,3,23,13,2294
2016,3,23,14,2103
2016,3,23,15,1841
2016,3,23,16,1565
2016,3,23,17,1406
2016,3,23,18,1367
2016,3,23,19,1444
2016,3,23,20,1624
2016,3,23,21,1843
2016,3,23,22,2083
2016,3,23,23,2288
2016,3,24,0,2371
2016,3,24,1,2357
2016,3,24,2,2213
2016,3,24,3,1953
2016,3,24,4,1672
2016,3,24,5,1491
2016,3,24,6,1425
2016,3,24,7,1504
2016,3,24,8,1678
2016,3,24,9,1845
2016,3,24,10,2074
2016,3,24,11,2253
2016,3,24,12,2337
2016,3,24,13,2342
2016,3,24,14,2199
2016,3,24,15,1959
2016,3,24,16,1662
2016,3,24,17,1495
2016,3,24,18,1354
2016,3,24,19,1410
2016,3,24,20,1560
2016,3,24,21,1758
2016,3,24,22,2015
2016,3,24,23,2234
2016,3,25,0,2385
2016,3,25,1,2317
2016,3,25,2,2286
2016,3,25,3,2109
2016,3,25,4,1846
2016,3,25,5,1614
2016,3,25,6,1453
2016,3,25,7,1433
2016,3,25,8,1550
2016,3,25,9,1735
2016,3,25,10,1963
2016,3,25,11,2166
2016,3,25,12,2272
2016,3,25,13,2297
2016,3,25,14,2205
2016,3,25,15,2073
2016,3,25,16,1841
2016,3,25,17,1586
2016,3,25,18,1409
2016,3,25,19,1422
2016,3,25,20,1466
2016,3,25,21,1663
2016,3,25,22,1939
2016,3,25,23,2146
2016,3,26,0,2329
2016,3,26,1,2392
2016,3,26,2,2369
2016,3,26,3,2230
2016,3,26,4,2015
2016,3,26,5,1733
2016,3,26,6,1512
2016,3,26,7,1418
2016,3,26,8,1460
2016,3,26,9,1612
2016,3,26,10,1817
2016,3,26,11,2020
2016,3,26,12,2152
2016,3,26,13,2241
2016,3,26,14,2200
2016,3,26,15,2102
2016,3,26,16,1894
2016,3,26,17,1638
2016,3,26,18,1415
2016,3,26,19,1359
2016,3,26,20,1401
2016,3,26,21,1572
2016,3,26,22,1804
2016,3,26,23,2006
2016,3,27,0,2243
2016,3,27,1,2355
2016,3,27,2,2363
2016,3,27,3,2248
2016,3,27,4,2080
2016,3,27,5,1829
2016,3,27,6,1616
2016,3,27,7,1449
2016,3,27,8,1431
2016,3,27,9,1506
2016,3,27,10,1682
2016,3,27,11,1896
2016,3,27,12,2065
2016,3,27,13,2151
2016,3,27,14,2170
2016,3,27,15,2101
2016,3,27,16,1970
2016,3,27,17,1732
2016,3,27,18,1532
2016,3,27,19,1368
2016,3,27,20,1370
2016,3,27,21,1486
2016,3,27,22,1686
2016,3,27,23,1936
2016,3,28,0,2125
2016,3,28,1,2263
2016,3,28,2,2304
2016,3,28,3,2290
2016,3,28,4,2157
2016,3,28,5,1958
2016,3,28,6,1718
2016,3,28,7,1531
2016,3,28,8,1434
2016,3,28,9,1447
2016,3,28,10,1573
2016,3,28,11,1779
2016,3,28,12,1967
2016,3,28,13,2085
2016,3,28,14,2130
2016,3,28,15,2093
2016,3,28,16,1986
2016,3,28,17,1822
2016,3,28,18,1633
2016,3,28,19,1457
2016,3,28,20,1378
2016,3,28,21,1470
2016,3,28,22,1609
2016,3,28,23,1838
2016,3,29,0,2054
2016,3,29,1,2192
2016,3,29,2,2258
2016,3,29,3,2287
2016,3,29,4,2207
2016,3,29,5,2051
2016,3,29,6,1868
2016,3,29,7,1679
2016,3,29,8,1491
2016,3,29,9,1490
2016,3,29,10,1533
2016,3,29,11,1685
2016,3,29,12,1845
2016,3,29,13,1960
2016,3,29,14,2026
2016,3,29,15,2026
2016,3,29,16,1960
2016,3,29,17,1846
2016,3,29,18,1706
2016,3,29,19,1537
2016,3,29,20,1455
2016,3,29,21,1431
2016,3,29,22,1528
2016,3,29,23,1694
2016,3,30,0,1865
2016,3,30,1,2069
2016,3,30,2,2181
2016,3,30,3,2240
2016,3,30,4,2226
2016,3,30,5,2136
2016,3,30,6,1975
2016,3,30,7,1810
2016,3,30,8,1628
2016,3,30,9,1565
2016,3,30,10,1537
2016,3,30,11,1629
2016,3,30,12,1740
2016,3,30,13,1866
2016,3,30,14,1931
2016,3,30,15,1945
2016,3,30,16,1939
2016,3,30,17,1870
2016,3,30,18,1765
2016,3,30,19,1668
2016,3,30,20,1539
2016,3,30,21,1457
2016,3,30,22,1525
2016,3,30,23,1627
2016,3,31,0,1779
2016,3,31,1,1955
2016,3,31,2,2076
2016,3,31,3,2170
2016,3,31,4,2159
2016,3,31,5,2145
2016,3,31,6,2082
2016,3,31,7,1945
2016,3,31,8,1775
2016,3,31,9,1658
2016,3,31,10,1605
2016,3,31,11,1597
2016,3,31,12,1693
2016,3,31,13,1789
2016,3,31,14,1846
2016,3,31,15,1881
2016,3,31,16,1858
2016,3,31,17,1868
2016,3,31,18,1872
2016,3,31,19,1773
2016,3,31,20,1681
2016,3,31,21,1614
2016,3,31,22,1558
2016,3,31,23,1619
2016,4,1,0,1650
2016,4,1,1,1839
2016,4,1,2,1944
2016,4,1,3,1991
2016,4,1,4,2128
2016,4,1,5,2114
2016,4,1,6,2127
2016,4,1,7,2078
2016,4,1,8,1948
2016,4,1,9,1829
2016,4,1,10,1714
2016,4,1,11,1603
2016,4,1,12,1624
2016,4,1,13,1677
2016,4,1,14,1722
2016,4,1,15,1772
2016,4,1,16,1827
2016,4,1,17,1838
2016,4,1,18,1889
2016,4,1,19,1854
2016,4,1,20,1811
2016,4,1,21,1705
2016,4,1,22,1674
2016,4,1,23,1614
2016,4,2,0,1646
2016,4,2,1,1691
2016,4,2,2,1806
2016,4,2,3,1905
2016,4,2,4,1991
2016,4,2,5,2086
2016,4,2,6,2151
2016,4,2,7,2120
2016,4,2,8,2109
2016,4,2,9,2011
2016,4,2,10,1881
2016,4,2,11,1743
2016,4,2,12,1693
2016,4,2,13,1647
2016,4,2,14,1616
2016,4,2,15,1663
2016,4,2,16,1709
2016,4,2,17,1796
2016,4,2,18,1879
2016,4,2,19,1904
2016,4,2,20,1919
2016,4,2,21,1902
2016,4,2,22,1824
2016,4,2,23,1737
2016,4,3,0,1686
2016,4,3,1,1638
2016,4,3,2,1682
2016,4,3,3,1754
2016,4,3,4,1830
2016,4,3,5,1947
2016,4,3,6,2078
2016,4,3,7,2176
2016,4,3,8,2195
2016,4,3,9,2161
2016,4,3,10,2053
2016,4,3,11,1907
2016,4,3,12,1776
2016,4,3,13,1631
2016,4,3,14,1557
2016,4,3,15,1585
2016,4,3,16,1553
2016,4,3,17,1671
2016,4,3,18,1810
2016,4,3,19,1910
2016,4,3,20,2011
2016,4,3,21,2016
2016,4,3,22,1968
2016,4,3,23,1929
2016,4,4,0,1762
2016,4,4,1,1679
2016,4,4,2,1570
2016,4,4,3,1600
2016,4,4,4,1620
2016,4,4,5,1759
2016,4,4,6,1883
2016,4,4,7,2104
2016,4,4,8,2192
2016,4,4,9,2308
2016,4,4,10,2208
2016,4,4,11,2101
2016,4,4,12,1892
2016,4,4,13,1693
2016,4,4,14,1505
2016,4,4,15,1461
2016,4,4,16,1410
2016,4,4,17,1531
2016,4,4,18,1685
2016,4,4,19,1858
2016,4,4,20,2055
2016,4,4,21,2160
2016,4,4,22,2161
2016,4,4,23,2085
2016,4,5,0,1941
2016,4,5,1,1739
2016,4,5,2,1608
2016,4,5,3,1499
2016,4,5,4,1488
2016,4,5,5,1582
2016,4,5,6,1732
2016,4,5,7,1952
2016,4,5,8,2150
2016,4,5,9,2328
2016,4,5,10,2366
2016,4,5,11,2317
2016,4,5,12,2158
2016,4,5,13,1894
2016,4,5,14,1616
2016,4,5,15,1413
2016,4,5,16,1302
2016,4,5,17,1359
2016,4,5,18,1492
2016,4,5,19,1694
2016,4,5,20,1979
2016,4,5,21,2187
2016,4,5,22,2355
2016,4,5,23,2385
2016,4,6,0,2214
2016,4,6,1,2025
2016,4,6,2,1756
2016,4,6,3,1562
2016,4,6,4,1427
2016,4,6,5,1452
2016,4,6,6,1529
2016,4,6,7,1740
2016,4,6,8,1988
2016,4,6,9,2247
2016,4,6,10,2379
2016,4,6,11,2410
2016,4,6,12,2289
2016,4,6,13,2043
2016,4,6,14,1751
2016,4,6,15,1498
2016,4,6,16,1279
2016,4,6,17,1257
2016,4,6,18,1334
2016,4,6,19,1541
2016,4,6,20,1838
2016,4,6,21,2122
2016,4,6,22,2308
2016,4,6,23,2466
2016,4,7,0,2427
2016,4,7,1,2260
2016,4,7,2,1960
2016,4,7,3,1645
2016,4,7,4,1432
2016,4,7,5,1301
2016,4,7,6,1300
2016,4,7,7,1462
2016,4,7,8,1732
2016,4,7,9,1997
2016,4,7,10,2278
2016,4,7,11,2416
2016,4,7,12,2425
2016,4,7,13,2257
2016,4,7,14,1960
2016,4,7,15,1649
2016,4,7,16,1326
2016,4,7,17,1175
2016,4,7,18,1207
2016,4,7,19,1381
2016,4,7,20,1647
2016,4,7,21,1930
2016,4,7,22,2252
2016,4,7,23,2441
2016,4,8,0,2558
2016,4,8,1,2457
2016,4,8,2,2233
2016,4,8,3,1901
2016,4,8,4,1592
2016,4,8,5,1335
2016,4,8,6,1245
2016,4,8,7,1303
2016,4,8,8,1458
2016,4,8,9,1754
2016,4,8,10,2042
2016,4,8,11,2310
2016,4,8,12,2415
2016,4,8,13,2375
2016,4,8,14,2172
2016,4,8,15,1847
2016,4,8,16,1502
2016,4,8,17,1254
2016,4,8,18,1164
2016,4,8,19,1242
2016,4,8,20,1426
2016,4,8,21,1759
2016,4,8,22,2114
2016,4,8,23,2404
2016,4,9,0,2606
2016,4,9,1,2628
2016,4,9,2,2519
2016,4,9,3,2255
2016,4,9,4,1867
2016,4,9,5,1530
2016,4,9,6,1320
2016,4,9,7,1234
2016,4,9,8,1339
2016,4,9,9,1551
2016,4,9,10,1812
2016,4,9,11,2077
2016,4,9,12,2305
2016,4,9,13,2383
2016,4,9,14,2335
2016,4,9,15,2079
2016,4,9,16,1795
2016,4,9,17,1448
2016,4,9,18,1266
2016,4,9,19,1222
2016,4,9,20,1322
2016,4,9,21,1588
2016,4,9,22,1901
2016,4,9,23,2212
2016,4,10,0,2478
2016,4,10,1,2611
2016,4,10,2,2616
2016,4,10,3,2477
2016,4,10,4,2146
2016,4,10,5,1792
2016,4,10,6,1506
2016,4,10,7,1341
2016,4,10,8,1326
2016,4,10,9,1430
2016,4,10,10,1619
2016,4,10,11,1851
2016,4,10,12,2071
2016,4,10,13,2224
2016,4,10,14,2275
2016,4,10,15,2187
2016,4,10,16,1950
2016,4,10,17,1686
2016,4,10,18,1367
2016,4,10,19,1247
2016,4,10,20,1223
2016,4,10,21,1394
2016,4,10,22,1652
2016,4,10,23,1965
2016,4,11,0,2211
2016,4,11,1,2412
2016,4,11,2,2519
2016,4,11,3,2516
2016,4,11,4,2350
2016,4,11,5,2041
2016,4,11,6,1716
2016,4,11,7,1471
2016,4,11,8,1297
2016,4,11,9,1358
2016,4,11,10,1476
2016,4,11,11,1663
2016,4,11,12,1858
2016,4,11,13,2062
2016,4,11,14,2156
2016,4,11,15,2197
2016,4,11,16,2111
2016,4,11,17,1869
2016,4,11,18,1593
2016,4,11,19,1424
2016,4,11,20,1348
2016,4,11,21,1360
2016,4,11,22,1589
2016,4,11,23,1820
2016,4,12,0,2057
2016,4,12,1,2290
2016,4,12,2,2455
2016,4,12,3,2507
2016,4,12,4,2467
2016,4,12,5,2271
2016,4,12,6,2007
2016,4,12,7,1722
2016,4,12,8,1509
2016,4,12,9,1399
2016,4,12,10,1441
2016,4,12,11,1554
2016,4,12,12,1716
2016,4,12,13,1845
2016,4,12,14,1995
2016,4,12,15,2082
2016,4,12,16,2135
2016,4,12,17,2026
2016,4,12,18,1856
2016,4,12,19,1636
2016,4,12,20,1494
2016,4,12,21,1455
2016,4,12,22,1546
2016,4,12,23,1719
2016,4,13,0,1897
2016,4,13,1,2092
2016,4,13,2,2238
2016,4,13,3,2334
2016,4,13,4,2360
2016,4,13,5,2322
2016,4,13,6,2165
2016,4,13,7,1958
2016,4,13,8,1684
2016,4,13,9,1553
2016,4,13,10,1453
2016,4,13,11,1537
2016,4,13,12,1628
2016,4,13,13,1753
2016,4,13,14,1834
2016,4,13,15,1919
2016,4,13,16,1981
2016,4,13,17,1993
2016,4,13,18,1948
2016,4,13,19,1827
2016,4,13,20,1679
2016,4,13,21,1535
2016,4,13,22,1564
2016,4,13,23,1657
2016,4,14,0,1752
2016,4,14,1,1887
2016,4,14,2,2034
2016,4,14,3,2124
2016,4,14,4,2219
2016,4,14,5,2266
2016,4,14,6,2235
2016,4,14,7,2120
2016,4,14,8,1944
2016,4,14,9,1790
2016,4,14,10,1678
2016,4,14,11,1648
2016,4,14,12,1657
2016,4,14,13,1695
2016,4,14,14,1740
2016,4,14,15,1800
2016,4,14,16,1890
2016,4,14,17,1953
2016,4,14,18,1978
2016,4,14,19,1942
2016,4,14,20,1828
2016,4,14,21,1737
2016,4,14,22,1665
2016,4,14,23,1677
2016,4,15,0,1722
2016,4,15,1,1813
2016,4,15,2,1903
2016,4,15,3,1981
2016,4,15,4,2084
2016,4,15,5,2162
2016,4,15,6,2206
2016,4,15,7,2218
2016,4,15,8,2136
2016,4,15,9,1994
2016,4,15,10,1848
2016,4,15,11,1752
2016,4,15,12,1719
2016,4,15,13,1697
2016,4,15,14,1704
2016,4,15,15,1752
2016,4,15,16,1799
2016,4,15,17,1888
2016,4,15,18,1962
2016,4,15,19,2058
2016,4,15,20,2014
2016,4,15,21,1965
2016,4,15,22,1865
2016,4,15,23,1792
2016,4,16,0,1738
2016,4,16,1,1764
2016,4,16,2,1836
2016,4,16,3,1886
2016,4,16,4,1954
2016,4,16,5,2010
2016,4,16,6,2099
2016,4,16,7,2178
2016,4,16,8,2171
2016,4,16,9,2141
2016,4,16,10,2017
2016,4,16,11,1910
2016,4,16,12,1792
2016,4,16,13,1654
2016,4,16,14,1623
2016,4,16,15,1621
2016,4,16,16,1697
2016,4,16,17,1825
2016,4,16,18,1878
2016,4,16,19,1937
2016,4,16,20,2033
2016,4,16,21,2069
2016,4,16,22,2024
2016,4,16,23,1903
2016,4,17,0,1803
2016,4,17,1,1773
2016,4,17,2,1721
2016,4,17,3,1698
2016,4,17,4,1823
2016,4,17,5,1892
2016,4,17,6,1955
2016,4,17,7,2073
2016,4,17,8,2140
2016,4,17,9,2172
2016,4,17,10,2167
2016,4,17,11,2016
2016,4,17,12,1807
2016,4,17,13,1700
2016,4,17,14,1562
2016,4,17,15,1555
2016,4,17,16,1580
2016,4,17,17,1653
2016,4,17,18,1786
2016,4,17,19,1891
2016,4,17,20,2057
2016,4,17,21,2122
2016,4,17,22,2128
2016,4,17,23,2044
2016,4,18,0,1932
2016,4,18,1,1776
2016,4,18,2,1689
2016,4,18,3,1653
2016,4,18,4,1682
2016,4,18,5,1721
2016,4,18,6,1820
2016,4,18,7,1959
2016,4,18,8,2085
2016,4,18,9,2160
2016,4,18,10,2193
2016,4,18,11,2123
2016,4,18,12,1996
2016,4,18,13,1826
2016,4,18,14,1647
2016,4,18,15,1528
2016,4,18,16,1480
2016,4,18,17,1575
2016,4,18,18,1715
2016,4,18,19,1890
2016,4,18,20,2010
2016,4,18,21,2136
2016,4,18,22,2174
2016,4,18,23,2179
2016,4,19,0,2102
2016,4,19,1,1917
2016,4,19,2,1730
2016,4,19,3,1599
2016,4,19,4,1613
2016,4,19,5,1624
2016,4,19,6,1729
2016,4,19,7,1854
2016,4,19,8,1981
2016,4,19,9,2121
2016,4,19,10,2232
2016,4,19,11,2212
2016,4,19,12,2136
2016,4,19,13,1966
2016,4,19,14,1730
2016,4,19,15,1539
2016,4,19,16,1490
2016,4,19,17,1476
2016,4,19,18,1588
2016,4,19,19,1776
2016,4,19,20,1958
2016,4,19,21,2138
2016,4,19,22,2290
2016,4,19,23,2294
2016,4,20,0,2243
2016,4,20,1,2037
2016,4,20,2,1836
2016,4,20,3,1654
2016,4,20,4,1534
2016,4,20,5,1505
2016,4,20,6,1597
2016,4,20,7,1714
2016,4,20,8,1908
2016,4,20,9,2064
2016,4,20,10,2189
2016,4,20,11,2243
2016,4,20,12,2180
2016,4,20,13,2053
2016,4,20,14,1850
2016,4,20,15,1567
2016,4,20,16,1470
2016,4,20,17,1432
2016,4,20,18,1477
2016,4,20,19,1644
2016,4,20,20,1822
2016,4,20,21,2065
2016,4,20,22,2274
2016,4,20,23,2326
2016,4,21,0,2345
2016,4,21,1,2187
2016,4,21,2,1961
2016,4,21,3,1725
2016,4,21,4,1537
2016,4,21,5,1471
2016,4,21,6,1465
2016,4,21,7,1564
2016,4,21,8,1714
2016,4,21,9,1963
2016,4,21,10,2132
2016,4,21,11,2223
2016,4,21,12,2232
2016,4,21,13,2127
2016,4,21,14,1955
2016,4,21,15,1700
2016,4,21,16,1509
2016,4,21,17,1385
2016,4,21,18,1401
2016,4,21,19,1556
2016,4,21,20,1778
2016,4,21,21,2033
2016,4,21,22,2243
2016,4,21,23,2336
2016,4,22,0,2362
2016,4,22,1,2306
2016,4,22,2,2140
2016,4,22,3,1866
2016,4,22,4,1608
2016,4,22,5,1475
2016,4,22,6,1384
2016,4,22,7,1466
2016,4,22,8,1658
2016,4,22,9,1829
2016,4,22,10,2065
2016,4,22,11,2145
2016,4,22,12,2203
2016,4,22,13,2150
2016,4,22,14,1992
2016,4,22,15,1803
2016,4,22,16,1534
2016,4,22,17,1388
2016,4,22,18,1378
2016,4,22,19,1484
2016,4,22,20,1675
2016,4,22,21,1976
2016,4,22,22,2169
2016,4,22,23,2360
2016,4,23,0,2412
2016,4,23,1,2416
2016,4,23,2,2257
2016,4,23,3,2051
2016,4,23,4,1734
2016,4,23,5,1523
2016,4,23,6,1394
2016,4,23,7,1429
2016,4,23,8,1544
2016,4,23,9,1758
2016,4,23,10,1936
2016,4,23,11,2119
2016,4,23,12,2160
2016,4,23,13,2206
2016,4,23,14,2091
2016,4,23,15,1928
2016,4,23,16,1652
2016,4,23,17,1449
2016,4,23,18,1360
2016,4,23,19,1394
2016,4,23,20,1575
2016,4,23,21,1815
2016,4,23,22,2103
2016,4,23,23,2279
2016,4,24,0,2409
2016,4,24,1,2434
2016,4,24,2,2339
2016,4,24,3,2139
2016,4,24,4,1919
2016,4,24,5,1623
2016,4,24,6,1424
2016,4,24,7,1374
2016,4,24,8,1459
2016,4,24,9,1617
2016,4,24,10,1852
2016,4,24,11,1985
2016,4,24,12,2125
2016,4,24,13,2150
2016,4,24,14,2093
2016,4,24,15,1963
2016,4,24,16,1754
2016,4,24,17,1473
2016,4,24,18,1363
2016,4,24,19,1314
2016,4,24,20,1469
2016,4,24,21,1679
2016,4,24,22,1924
2016,4,24,23,2116
2016,4,25,0,2284
2016,4,25,1,2352
2016,4,25,2,2357
2016,4,25,3,2202
2016,4,25,4,1980
2016,4,25,5,1713
2016,4,25,6,1472
2016,4,25,7,1376
2016,4,25,8,1400
2016,4,25,9,1509
2016,4,25,10,1706
2016,4,25,11,1864
2016,4,25,12,2023
2016,4,25,13,2097
2016,4,25,14,2099
2016,4,25,15,2006
2016,4,25,16,1854
2016,4,25,17,1605
2016,4,25,18,1431
2016,4,25,19,1366
2016,4,25,20,1403
2016,4,25,21,1584
2016,4,25,22,1812
2016,4,25,23,2026
2016,4,26,0,2196
2016,4,26,1,2319
2016,4,26,2,2392
2016,4,26,3,2264
2016,4,26,4,2069
2016,4,26,5,1847
2016,4,26,6,1614
2016,4,26,7,1436
2016,4,26,8,1370
2016,4,26,9,1399
2016,4,26,10,1566
2016,4,26,11,1756
2016,4,26,12,1980
2016,4,26,13,2061
2016,4,26,14,2098
2016,4,26,15,2053
2016,4,26,16,1918
2016,4,26,17,1739
2016,4,26,18,1568
2016,4,26,19,1451
2016,4,26,20,1431
2016,4,26,21,1536
2016,4,26,22,1724
2016,4,26,23,1911
2016,4,27,0,2126
2016,4,27,1,2237
2016,4,27,2,2351
2016,4,27,3,2303
2016,4,27,4,2202
2016,4,27,5,2007
2016,4,27,6,1757
2016,4,27,7,1554
2016,4,27,8,1467
2016,4,27,9,1439
2016,4,27,10,1539
2016,4,27,11,1691
2016,4,27,12,1883
2016,4,27,13,2020
2016,4,27,14,2101
2016,4,27,15,2098
2016,4,27,16,1980
2016,4,27,17,1881
2016,4,27,18,1713
2016,4,27,19,1550
2016,4,27,20,1524
2016,4,27,21,1525
2016,4,27,22,1626
2016,4,27,23,1816
2016,4,28,0,1980
2016,4,28,1,2207
2016,4,28,2,2305
2016,4,28,3,2343
2016,4,28,4,2302
2016,4,28,5,2155
2016,4,28,6,1947
2016,4,28,7,1774
2016,4,28,8,1618
2016,4,28,9,1537
2016,4,28,10,1573
2016,4,28,11,1675
2016,4,28,12,1804
2016,4,28,13,1906
2016,4,28,14,2022
2016,4,28,15,2033
2016,4,28,16,2005
2016,4,28,17,1951
2016,4,28,18,1835
2016,4,28,19,1704
2016,4,28,20,1614
2016,4,28,21,1596
2016,4,28,22,1637
2016,4,28,23,1750
2016,4,29,0,1910
2016,4,29,1,2061
2016,4,29,2,2226
2016,4,29,3,2295
2016,4,29,4,2320
2016,4,29,5,2267
2016,4,29,6,2128
2016,4,29,7,1943
2016,4,29,8,1767
2016,4,29,9,1648
2016,4,29,10,1635
2016,4,29,11,1659
2016,4,29,12,1724
2016,4,29,13,1817
2016,4,29,14,1927
2016,4,29,15,1962
2016,4,29,16,2026
2016,4,29,17,2045
2016,4,29,18,1987
2016,4,29,19,1907
2016,4,29,20,1774
2016,4,29,21,1692
2016,4,29,22,1691
2016,4,29,23,1739
2016,4,30,0,1843
2016,4,30,1,1980
2016,4,30,2,2090
2016,4,30,3,2219
2016,4,30,4,2285
2016,4,30,5,2291
2016,4,30,6,2247
2016,4,30,7,2142
2016,4,30,8,1979
2016,4,30,9,1852
2016,4,30,10,1768
2016,4,30,11,1739
2016,4,30,12,1716
2016,4,30,13,1777
2016,4,30,14,1824
2016,4,30,15,1962
2016,4,30,16,1985
2016,4,30,17,2042
2016,4,30,18,2067
2016,4,30,19,2029
2016,4,30,20,1962
2016,4,30,21,1888
2016,4,30,22,1784
2016,4,30,23,1763
